ACSSF,2012e1,co,000,0178,0000001,1278158,945039,316572,628467,333119,99267,233852,1278158,415839,862319,234448,3976,230472,2230536,92122,2138414,2230536,41900,2188636,2230536,287531,1943005,1996088,37345,1958743,2230536,70200,2160336,2230536,28562,2201974,5094766,550050,4544716,5094766,529970,4564796,5094766,526840,4567926,5094766,408575,4686191,5094766,441606,4653160,5094766,343275,4751491,5094766,482039,4612727,5094766,479032,4615734,5094766,485080,4609686
ACSSF,2012e1,co,000,0178,0000002,1053965,798720,264732,533988,255245,77695,177550,1053965,342427,711538,133754,1971,131783,1852348,61323,1791025,1852348,36380,1815968,1852348,240319,1612029,1718594,31712,1686882,1852348,40110,1812238,1852348,17777,1834571,4405593,469678,3935915,4405593,452692,3952901,4405593,449971,3955622,4405593,347958,4057635,4405593,376074,4029519,4405593,293129,4112464,4405593,411524,3994069,4405593,408947,3996646,4405593,415562,3990031
ACSSF,2012e1,co,000,0178,0000003,224193,146319,51840,94479,77874,21572,56302,224193,73412,150781,100694,2005,98689,378188,30799,347389,378188,5520,372668,378188,47212,330976,277494,5633,271861,378188,30090,348098,378188,10785,367403,689173,80372,608801,689173,77278,611895,689173,76869,612304,689173,60617,628556,689173,65532,623641,689173,50146,639027,689173,70515,618658,689173,70085,619088,689173,69518,619655
ACSSF,2012e1,co,000,0178,0000004,1166506,879194,291088,588106,287312,86177,201135,1166506,377265,789241,165172,3208,161964,1998974,70157,1928817,1998974,37352,1961622,1998974,251872,1747102,1833802,33505,1800297,1998974,48818,1950156,1998974,21476,1977498,4699968,508081,4191887,4699968,490154,4209814,4699968,486676,4213292,4699968,376720,4323248,4699968,409116,4290852,4699968,318154,4381814,4699968,445652,4254316,4699968,442222,4257746,4699968,449120,4250848
ACSSF,2012e1,co,000,0178,0000005,1093532,832377,270991,561386,261155,78058,183097,1093532,349049,744483,120672,2210,118462,1849046,62256,1786790,1849046,31305,1817741,1849046,229460,1619586,1728374,30730,1697644,1849046,41277,1807769,1849046,18569,1830477,4433600,473043,3960557,4433600,456477,3977123,4433600,453883,3979717,4433600,349805,4083795,4433600,380115,4053485,4433600,295313,4138287,4433600,415962,4017638,4433600,412086,4021514,4433600,419247,4014353
ACSSF,2012e1,co,000,0178,0000006,435001,329472,110565,218907,105529,31017,74512,435001,141582,293419,52733,1054,51679,865611,28741,836870,865611,20788,844823,865611,131588,734023,812878,14762,798116,865611,16665,848946,865611,7291,858320,2015736,217388,1798348,2015736,208480,1807256,2015736,208132,1807604,2015736,160438,1855298,2015736,173779,1841957,2015736,134651,1881085,2015736,188744,1826992,2015736,185671,1830065,2015736,191199,1824537
ACSSF,2012e1,co,000,0178,0000007,658531,502905,160426,342479,155626,47041,108585,658531,207467,451064,67939,1156,66783,983435,33515,949920,983435,10517,972918,983435,97872,885563,915496,15968,899528,983435,24612,958823,983435,11278,972157,2417864,255655,2162209,2417864,247997,2169867,2417864,245751,2172113,2417864,189367,2228497,2417864,206336,2211528,2417864,160662,2257202,2417864,227218,2190646,2417864,226415,2191449,2417864,228048,2189816
ACSSF,2012e1,co,000,0178,0000008,72974,46817,20097,26720,26157,8119,18038,72974,28216,44758,44500,998,43502,149928,7901,142027,149928,6047,143881,149928,22412,127516,105428,2775,102653,149928,7541,142387,149928,2907,147021,266368,35038,231330,266368,33677,232691,266368,32793,233575,266368,26915,239453,266368,29001,237367,266368,22841,243527,266368,29690,236678,266368,30136,236232,266368,29873,236495
ACSSF,2012e1,co,000,0178,0000009,21606,13334,5577,7757,8272,3049,5223,21606,8626,12980,5153,112,5041,40083,2117,37966,40083,1010,39073,40083,6861,33222,34930,916,34014,40083,1961,38122,40083,483,39600,88696,10649,78047,88696,10027,78669,88696,10160,78536,88696,7586,81110,88696,8279,80417,88696,6525,82171,88696,8634,80062,88696,9018,79678,88696,8937,79759
ACSSF,2012e1,co,000,0178,0000010,51368,33483,14520,18963,17885,5070,12815,51368,19590,31778,39347,886,38461,109845,5784,104061,109845,5037,104808,109845,15551,94294,70498,1859,68639,109845,5580,104265,109845,2424,107421,177672,24389,153283,177672,23650,154022,177672,22633,155039,177672,19329,158343,177672,20722,156950,177672,16316,161356,177672,21056,156616,177672,21118,156554,177672,20936,156736
ACSSF,2012e1,co,000,0178,0000011,111652,65845,25484,40361,45807,13090,32717,111652,38574,73078,69276,768,68508,231562,21965,209597,231562,4548,227014,231562,35659,195903,162286,3840,158446,231562,21382,210180,231562,7086,224476,394798,41969,352829,394798,39816,354982,394798,40164,354634,394798,31855,362943,394798,32490,362308,394798,25121,369677,394798,36387,358411,394798,36810,357988,394798,35960,358838
ACSSF,2012e1,co,000,0178,0000012,184626,112662,45581,67081,71964,21209,50755,184626,66790,117836,113776,1766,112010,381490,29866,351624,381490,10595,370895,381490,58071,323419,267714,6615,261099,381490,28923,352567,381490,9993,371497,661166,77007,584159,661166,73493,587673,661166,72957,588209,661166,58770,602396,661166,61491,599675,661166,47962,613204,661166,66077,595089,661166,66946,594220,661166,65833,595333
ACSSF,2012e1,co,000,0178,0000013,98888,76833,24791,52042,22055,6744,15311,98888,31535,67353,10381,121,10260,163986,5110,158876,163986,1188,162798,163986,18776,145210,153605,3676,149929,163986,2856,161130,163986,1536,162450,455775,36102,419673,455775,34971,420804,455775,32349,423426,455775,26187,429588,455775,27479,428296,455775,20145,435630,455775,30236,425539,455775,29827,425948,455775,29624,426151
ACSSF,2012e1,co,000,0178,0000014,136340,106270,31630,74640,30070,8810,21260,136340,40440,95900,13158,201,12957,239685,8890,230795,239685,5779,233906,239685,31644,208041,226527,4549,221978,239685,5775,233910,239685,2527,237158,590686,60735,529951,590686,58108,532578,590686,58600,532086,590686,43921,546765,590686,49027,541659,590686,37590,553096,590686,53813,536873,590686,52395,538291,590686,53669,537017
ACSSF,2012e1,co,000,0178,0000015,74639,54425,16673,37752,20214,5925,14289,74639,22598,52041,6363,62,6301,128106,3426,124680,128106,999,127107,128106,14086,114020,121743,1716,120027,128106,2296,125810,128106,1004,127102,303160,36085,267075,303160,35101,268059,303160,35158,268002,303160,26666,276494,303160,28430,274730,303160,24610,278550,303160,32559,270601,303160,33896,269264,303160,33920,269240
ACSSF,2012e1,co,000,0178,0000016,128521,99762,33137,66625,28759,7660,21099,128521,40797,87724,17752,139,17613,288191,10309,277882,288191,9644,278547,288191,48391,239800,270439,4706,265733,288191,5049,283142,288191,2505,285686,627400,53758,573642,627400,51620,575780,627400,50853,576547,627400,36872,590528,627400,41350,586050,627400,29809,597591,627400,44106,583294,627400,46436,580964,627400,46727,580673
ACSSF,2012e1,co,000,0178,0000017,85231,72209,21819,50390,13022,4125,8897,85231,25944,59287,4071,122,3949,109115,2973,106142,109115,1370,107745,109115,5326,103789,105044,898,104146,109115,1405,107710,109115,705,108410,297453,19752,277701,297453,19036,278417,297453,18912,278541,297453,13866,283587,297453,15348,282105,297453,11293,286160,297453,17887,279566,297453,17063,280390,297453,17180,280273
ACSSF,2012e1,co,000,0178,0000018,150429,114914,41078,73836,35515,10500,25015,150429,51578,98851,17964,231,17733,256058,8145,247913,256058,4180,251878,256058,34861,221197,238094,4018,234076,256058,5694,250364,256058,1636,254422,613490,70574,542916,613490,67338,546152,613490,67977,545513,613490,53234,560256,613490,58209,555281,613490,44966,568524,613490,62505,550985,613490,53608,559882,613490,60739,552751
ACSSF,2012e1,co,000,0178,0000019,154543,116126,38639,77487,38417,11299,27118,154543,49938,104605,9393,151,9242,230850,7274,223576,230850,2748,228102,230850,27615,203235,221457,4757,216700,230850,5563,225287,230850,2397,228453,538880,51459,487421,538880,49676,489204,538880,49058,489822,538880,35381,503499,538880,39126,499754,538880,26831,512049,538880,44165,494715,538880,45573,493307,538880,45412,493468
ACSSF,2012e1,co,000,0178,0000020,79039,57197,20080,37117,21842,7008,14834,79039,27088,51951,10673,0,10673,134704,3006,131698,134704,1259,133445,134704,9677,125027,124031,2116,121915,134704,2385,132319,134704,949,133755,308055,38150,269905,308055,37255,270800,308055,36852,271203,308055,29128,278927,308055,30982,277073,308055,24433,283622,308055,34591,273464,308055,34745,273310,308055,34679,273376
ACSSF,2012e1,co,000,0178,0000021,41706,28664,9264,19400,13042,4125,8917,41706,13389,28317,4382,0,4382,63161,2370,60791,63161,756,62405,63161,5437,57724,58779,484,58295,63161,2020,61141,63161,1328,61833,146534,18922,127612,146534,18356,128178,146534,18472,128062,146534,13391,133143,146534,15122,131412,146534,11482,135052,146534,16414,130120,146534,17297,129237,146534,16561,129973
ACSSF,2012e1,co,000,0178,0000022,39865,26308,8772,17536,13557,4285,9272,39865,13057,26808,7203,304,6899,69591,1761,67830,69591,902,68689,69591,12502,57089,62388,1547,60841,69591,987,68604,69591,936,68655,157707,18642,139065,157707,17482,140225,157707,18110,139597,157707,11906,145801,157707,13775,143932,157707,8834,148873,157707,15973,141734,157707,16017,141690,157707,16201,141506
ACSSF,2012e1,co,000,0178,0000023,62725,47582,15883,31699,15143,4868,10275,62725,20751,41974,5078,412,4666,97525,3614,93911,97525,1261,96264,97525,13362,84163,92447,1499,90948,97525,2524,95001,97525,1032,96493,260162,56492,203670,260162,55756,204406,260162,55789,204373,260162,51214,208948,260162,52166,207996,260162,48499,211663,260162,53773,206389,260162,54380,205782,260162,54093,206069
ACSSF,2012e1,co,000,0178,0000024,34178,25052,9153,15899,9126,2852,6274,34178,12005,22173,1661,0,1661,46790,1312,45478,46790,245,46545,46790,3817,42973,45129,1085,44044,46790,1169,45621,46790,341,46449,109010,13624,95386,109010,13114,95896,109010,13106,95904,109010,9801,99209,109010,10729,98281,109010,7318,101692,109010,12088,96922,109010,12152,96858,109010,12464,96546
ACSSF,2012e1,co,000,0178,0000025,69445,55251,15368,39883,14194,3769,10425,69445,19137,50308,8512,187,8325,131839,4702,127137,131839,3606,128233,131839,20382,111457,123327,2216,121111,131839,2777,129062,131839,1446,130393,335791,32509,303282,335791,30581,305210,335791,30917,304874,335791,24538,311253,335791,26116,309675,335791,19608,316183,335791,28243,307548,335791,25855,309936,335791,27547,308244
ACSSF,2012e1,co,000,0178,0000026,19373,13661,3948,9713,5712,1709,4003,19373,5657,13716,1863,62,1801,43245,971,42274,43245,385,42860,43245,5067,38178,41382,307,41075,43245,680,42565,43245,122,43123,101064,10352,90712,101064,10105,90959,101064,9785,91279,101064,7161,93903,101064,7183,93881,101064,6795,94269,101064,9199,91865,101064,9572,91492,101064,9563,91501
ACSSF,2012e1,co,000,0178,0000027,30417,23266,7398,15868,7151,2766,4385,30417,10164,20253,1211,0,1211,38670,1508,37162,38670,260,38410,38670,1561,37109,37459,790,36669,38670,1087,37583,38670,332,38338,103038,10364,92674,103038,10135,92903,103038,10212,92826,103038,7234,95804,103038,8676,94362,103038,6582,96456,103038,9553,93485,103038,9433,93605,103038,9761,93277
ACSSF,2012e1,co,000,0178,0000028,96798,73039,28046,44993,23759,7413,16346,96798,35459,61339,12102,162,11940,180801,5896,174905,180801,3648,177153,180801,29972,150829,168699,2924,165775,180801,4114,176687,180801,1207,179594,419668,48098,371570,419668,45665,374003,419668,46321,373347,419668,35381,384287,419668,39243,380425,419668,29376,390292,419668,42546,377122,419668,37634,382034,419668,41285,378383
ACSSF,2012e1,co,000,0178,0000029,128521,99762,33137,66625,28759,7660,21099,128521,40797,87724,17752,139,17613,288191,10309,277882,288191,9644,278547,288191,48391,239800,270439,4706,265733,288191,5049,283142,288191,2505,285686,627400,53758,573642,627400,51620,575780,627400,50853,576547,627400,36872,590528,627400,41350,586050,627400,29809,597591,627400,44106,583294,627400,46436,580964,627400,46727,580673
ACSSF,2012e1,co,000,0178,0000030,30180,23845,7897,15948,6335,1992,4343,30180,9889,20291,1944,0,1944,60345,1901,58444,60345,600,59745,60345,4934,55411,58401,580,57821,60345,1019,59326,60345,317,60028,146789,18151,128638,146789,17778,129011,146789,17124,129665,146789,14554,132235,146789,14870,131919,146789,12475,134314,146789,16242,130547,146789,16362,130427,146789,16106,130683
ACSSF,2012e1,co,000,0178,0000031,18872,13233,5144,8089,5639,1564,4075,18872,6708,12164,2254,235,2019,35535,1646,33889,35535,832,34703,35535,6659,28876,33281,1049,32232,35535,1211,34324,35535,415,35120,93671,22528,71143,93671,22104,71567,93671,22010,71661,93671,20418,73253,93671,20586,73085,93671,19381,74290,93671,21057,72614,93671,21298,72373,93671,21180,72491
ACSSF,2012e1,co,000,0178,0000032,29216,24949,7446,17503,4267,1011,3256,29216,8457,20759,702,122,580,36652,1462,35190,36652,686,35966,36652,1863,34789,35950,329,35621,36652,795,35857,36652,190,36462,101850,5355,96495,101850,5095,96755,101850,5184,96666,101850,3567,98283,101850,3929,97921,101850,3036,98814,101850,4877,96973,101850,4663,97187,101850,4833,97017
ACSSF,2012e1,co,000,0178,0000033,34425,23799,7895,15904,10626,3274,7352,34425,11169,23256,3002,0,3002,64171,1822,62349,64171,1536,62635,64171,13088,51083,61169,1497,59672,64171,1097,63074,64171,442,63729,142286,12960,129326,142286,12366,129920,142286,12268,130018,142286,8527,133759,142286,9037,133249,142286,5414,136872,142286,10519,131767,142286,11317,130969,142286,11104,131182
ACSSF,2012e1,co,000,0178,0000034,19797,15537,5283,10254,4260,1523,2737,19797,6806,12991,1182,0,1182,35507,968,34539,35507,394,35113,35507,7150,28357,34325,728,33597,35507,683,34824,35507,235,35272,88070,16444,71626,88070,16137,71933,88070,16195,71875,88070,13513,74557,88070,14399,73671,88070,12330,75740,88070,14767,73303,88070,15696,72374,88070,15751,72319
ACSSF,2012e1,co,000,0178,0000035,18886,13810,4945,8865,5076,2046,3030,18886,6991,11895,811,0,811,29528,290,29238,29528,234,29294,29528,2386,27142,28717,982,27735,29528,257,29271,29528,162,29366,69805,9404,60401,69805,9188,60617,69805,9222,60583,69805,7077,62728,69805,7871,61934,69805,6395,63410,69805,8689,61116,69805,8784,61021,69805,8916,60889
ACSSF,2012e1,co,000,0178,0000036,23981,15425,5272,10153,8556,3052,5504,23981,8324,15657,5282,269,5013,47655,1302,46353,47655,798,46857,47655,10068,37587,42373,1500,40873,47655,704,46951,47655,745,46910,104768,13050,91718,104768,12164,92604,104768,12795,91973,104768,8842,95926,104768,9725,95043,104768,6362,98406,104768,11093,93675,104768,11278,93490,104768,11598,93170
ACSSF,2012e1,co,000,0178,0000037,28519,23120,7253,15867,5399,1526,3873,28519,8779,19740,2730,0,2730,44843,1032,43811,44843,85,44758,44843,2678,42165,42113,1052,41061,44843,404,44439,44843,119,44724,123595,9734,113861,123595,9697,113898,123595,9045,114550,123595,7161,116434,123595,7884,115711,123595,5756,117839,123595,8644,114951,123595,8660,114935,123595,8589,115006
ACSSF,2012e1,co,000,0178,0000038,28320,23238,8102,15136,5082,992,4090,28320,9094,19226,2069,0,2069,45050,1456,43594,45050,707,44343,45050,3824,41226,42981,802,42179,45050,945,44105,45050,459,44591,108723,8003,100720,108723,7757,100966,108723,7648,101075,108723,5429,103294,108723,6530,102193,108723,4780,103943,108723,6897,101826,108723,7035,101688,108723,6828,101895
ACSSF,2012e1,co,000,0178,0000039,19373,13661,3948,9713,5712,1709,4003,19373,5657,13716,1863,62,1801,43245,971,42274,43245,385,42860,43245,5067,38178,41382,307,41075,43245,680,42565,43245,122,43123,101064,10352,90712,101064,10105,90959,101064,9785,91279,101064,7161,93903,101064,7183,93881,101064,6795,94269,101064,9199,91865,101064,9572,91492,101064,9563,91501
ACSSF,2012e1,co,000,0178,0000040,96798,73039,28046,44993,23759,7413,16346,96798,35459,61339,12102,162,11940,180801,5896,174905,180801,3648,177153,180801,29972,150829,168699,2924,165775,180801,4114,176687,180801,1207,179594,419668,48098,371570,419668,45665,374003,419668,46321,373347,419668,35381,384287,419668,39243,380425,419668,29376,390292,419668,42546,377122,419668,37634,382034,419668,41285,378383
ACSSF,2012e1,co,000,0178,0000041,69445,55251,15368,39883,14194,3769,10425,69445,19137,50308,8512,187,8325,131839,4702,127137,131839,3606,128233,131839,20382,111457,123327,2216,121111,131839,2777,129062,131839,1446,130393,335791,32509,303282,335791,30581,305210,335791,30917,304874,335791,24538,311253,335791,26116,309675,335791,19608,316183,335791,28243,307548,335791,25855,309936,335791,27547,308244
ACSSF,2012e1,co,000,0178,0000042,128521,99762,33137,66625,28759,7660,21099,128521,40797,87724,17752,139,17613,288191,10309,277882,288191,9644,278547,288191,48391,239800,270439,4706,265733,288191,5049,283142,288191,2505,285686,627400,53758,573642,627400,51620,575780,627400,50853,576547,627400,36872,590528,627400,41350,586050,627400,29809,597591,627400,44106,583294,627400,46436,580964,627400,46727,580673
ACSSF,2012e1,co,000,0178,0000043,30180,23845,7897,15948,6335,1992,4343,30180,9889,20291,1944,0,1944,60345,1901,58444,60345,600,59745,60345,4934,55411,58401,580,57821,60345,1019,59326,60345,317,60028,146789,18151,128638,146789,17778,129011,146789,17124,129665,146789,14554,132235,146789,14870,131919,146789,12475,134314,146789,16242,130547,146789,16362,130427,146789,16106,130683
ACSSF,2012e1,co,000,0178,0000044,18886,13810,4945,8865,5076,2046,3030,18886,6991,11895,811,0,811,29528,290,29238,29528,234,29294,29528,2386,27142,28717,982,27735,29528,257,29271,29528,162,29366,69805,9404,60401,69805,9188,60617,69805,9222,60583,69805,7077,62728,69805,7871,61934,69805,6395,63410,69805,8689,61116,69805,8784,61021,69805,8916,60889
ACSSF,2012e1,co,000,0178,0000045,18872,13233,5144,8089,5639,1564,4075,18872,6708,12164,2254,235,2019,35535,1646,33889,35535,832,34703,35535,6659,28876,33281,1049,32232,35535,1211,34324,35535,415,35120,93671,22528,71143,93671,22104,71567,93671,22010,71661,93671,20418,73253,93671,20586,73085,93671,19381,74290,93671,21057,72614,93671,21298,72373,93671,21180,72491
ACSSF,2012e1,co,000,0178,0000046,23981,15425,5272,10153,8556,3052,5504,23981,8324,15657,5282,269,5013,47655,1302,46353,47655,798,46857,47655,10068,37587,42373,1500,40873,47655,704,46951,47655,745,46910,104768,13050,91718,104768,12164,92604,104768,12795,91973,104768,8842,95926,104768,9725,95043,104768,6362,98406,104768,11093,93675,104768,11278,93490,104768,11598,93170
ACSSF,2012e1,co,000,0178,0000047,161250,125413,41583,83830,35837,9498,26339,161250,51081,110169,19501,139,19362,337813,12596,325217,337813,9953,327860,337813,54514,283299,318312,5678,312634,337813,6901,330912,337813,3331,334482,742789,64540,678249,742789,62117,680672,742789,61244,681545,742789,44038,698751,742789,49737,693052,742789,35757,707032,742789,53637,689152,742789,56323,686466,742789,56164,686625
ACSSF,2012e1,co,000,0178,0000048,198231,146278,49335,96943,51953,15456,36497,198231,64791,133440,58000,406,57594,355209,14588,340621,355209,7005,348204,355209,31411,323798,297209,4055,293154,355209,12443,342766,355209,3343,351866,738458,78387,660071,738458,76357,662101,738458,74939,663519,738458,57578,680880,738458,62412,676046,738458,50057,688401,738458,69766,668692,738458,71218,667240,738458,70660,667798
ACSSF,2012e1,co,000,0178,0000049,195841,126908,46167,80741,68933,20003,48930,195841,66170,129671,72677,838,71839,358120,20490,337630,358120,6983,351137,358120,49458,308662,285443,6140,279303,358120,18777,339343,358120,7714,350406,710957,80898,630059,710957,77507,633450,710957,78087,632870,710957,59474,651483,710957,64190,646767,710957,49814,661143,710957,70410,640547,710957,71964,638993,710957,70491,640466
ACSSF,2012e1,co,000,0178,0000050,188375,139462,46772,92690,48913,15883,33030,188375,62655,125720,23018,1181,21837,288767,11962,276805,288767,3176,285591,288767,38310,250457,265749,4811,260938,288767,9445,279322,288767,4795,283972,725048,109104,615944,725048,106327,618721,725048,105705,619343,725048,90768,634280,725048,93809,631239,725048,79731,645317,725048,99353,625695,725048,100765,624283,725048,99623,625425
ACSSF,2012e1,co,000,0178,0000051,178624,132274,47058,85216,46350,14166,32184,178624,61224,117400,32231,968,31263,307614,13629,293985,307614,4925,302689,307614,43057,264557,275383,5176,270207,307614,10865,296749,307614,4364,303250,697143,82459,614684,697143,78261,618882,697143,79764,617379,697143,60381,636762,697143,66893,630250,697143,51158,645985,697143,72698,624445,697143,63389,633754,697143,71030,626113
ACSSF,2012e1,co,000,0178,0000052,175675,140116,41330,98786,35559,10348,25211,175675,51678,123997,14182,346,13836,286418,10888,275530,286418,6456,279962,286418,34232,252186,272236,5205,267031,286418,6604,279814,286418,2778,283640,742189,68940,673249,742189,66064,676125,742189,66140,676049,742189,50466,691723,742189,55255,686934,742189,42419,699770,742189,61184,681005,742189,58895,683294,742189,60938,681251
ACSSF,2012e1,co,000,0178,0000053,180162,134588,44327,90261,45574,13913,31661,180162,58240,121922,14839,98,14741,296595,7969,288626,296595,3402,293193,296595,36549,260046,281756,6280,275476,296595,5165,291430,296595,2237,294358,738182,65722,672460,738182,63337,674845,738182,60961,677221,738182,45870,692312,738182,49310,688872,738182,34339,703843,738182,54991,683191,738182,56478,681704,738182,56174,682008
ACSSF,2012e1,co,000,0178,0000054,27704,14268,5731,8537,13436,3810,9626,27704,9541,18163,6685,708,5977,46021,3441,42580,46021,562,45459,46021,9291,36730,39336,742,38594,46021,3348,42673,46021,1610,44411,100743,13121,87622,100743,12304,88439,100743,11820,88923,100743,9735,91008,100743,9399,91344,100743,6716,94027,100743,10264,90479,100743,10957,89786,100743,10353,90390
ACSSF,2012e1,co,000,0178,0000055,35652,24613,8953,15660,11039,3768,7271,35652,12721,22931,4704,0,4704,53678,708,52970,53678,503,53175,53678,3376,50302,48974,1324,47650,53678,974,52704,53678,359,53319,119335,16061,103274,119335,15672,103663,119335,15831,103504,119335,11881,107454,119335,12996,106339,119335,9768,109567,119335,14799,104536,119335,14764,104571,119335,15188,104147
ACSSF,2012e1,co,000,0178,0000056,43387,32584,11127,21457,10803,3240,7563,43387,14367,29020,5969,0,5969,81026,2298,78728,81026,756,80270,81026,6301,74725,75057,792,74265,81026,1411,79615,81026,590,80436,188720,22089,166631,188720,21583,167137,188720,21021,167699,188720,17247,171473,188720,17986,170734,188720,14665,174055,188720,19792,168928,188720,19981,168739,188720,19491,169229
ACSSF,2012e1,co,000,0178,0000057,26664,18857,7606,11251,7807,2163,5644,26664,9769,16895,11529,37,11492,49955,1664,48291,49955,1471,48484,49955,4176,45779,38426,638,37788,49955,1596,48359,49955,680,49275,100635,8878,91757,100635,8644,91991,100635,8441,92194,100635,7176,93459,100635,7221,93414,100635,6820,93815,100635,8067,92568,100635,8163,92472,100635,7769,92866
ACSSF,2012e1,co,000,0178,0000058,39515,29334,10244,19090,10181,3496,6685,39515,13740,25775,3332,390,2942,67192,2888,64304,67192,990,66202,67192,10808,56384,63860,1287,62573,67192,2044,65148,67192,731,66461,181465,43090,138375,181465,42666,138799,181465,42518,138947,181465,39858,141607,181465,40174,141291,181465,37959,143506,181465,41324,140141,181465,41583,139882,181465,41438,140027
ACSSF,2012e1,co,000,0178,0000059,28170,21088,9729,11359,7082,1997,5085,28170,11726,16444,48107,277,47830,91107,7142,83965,91107,5836,85271,91107,13633,77474,43000,425,42575,91107,7118,83989,91107,503,90604,110108,15808,94300,110108,15533,94575,110108,14933,95175,110108,13499,96609,110108,14220,95888,110108,13098,97010,110108,14131,95977,110108,14521,95587,110108,14361,95747
ACSSF,2012e1,co,000,0178,0000060,30801,18144,6834,11310,12657,3577,9080,30801,10411,20390,17785,310,17475,57679,6354,51325,57679,625,57054,57679,9224,48455,39894,1353,38541,57679,6144,51535,57679,3519,54160,92615,13422,79193,92615,12537,80078,92615,12956,79659,92615,9393,83222,92615,10847,81768,92615,7093,85522,92615,11173,81442,92615,11266,81349,92615,11364,81251
ACSSF,2012e1,co,000,0178,0000061,37386,24730,8137,16593,12656,4123,8533,37386,12260,25126,6295,304,5991,65624,1601,64023,65624,902,64722,65624,11905,53719,59329,1547,57782,65624,865,64759,65624,814,64810,148837,17930,130907,148837,16770,132067,148837,17474,131363,148837,11473,137364,148837,13174,135663,148837,8512,140325,148837,15337,133500,148837,15452,133385,148837,15641,133196
ACSSF,2012e1,co,000,0178,0000062,26654,14535,5433,9102,12119,3506,8613,26654,8939,17715,12995,92,12903,52539,5697,46842,52539,619,51920,52539,9148,43391,39544,1421,38123,52539,5323,47216,52539,2287,50252,99115,11517,87598,99115,10899,88216,99115,11100,88015,99115,9055,90060,99115,9262,89853,99115,6492,92623,99115,10112,89003,99115,9883,89232,99115,9907,89208
ACSSF,2012e1,co,000,0178,0000063,36696,26595,8092,18503,10101,2919,7182,36696,11011,25685,6565,33,6532,51501,2620,48881,51501,188,51313,51501,4168,47333,44936,726,44210,51501,2263,49238,51501,1677,49824,107720,8992,98728,107720,8740,98980,107720,8694,99026,107720,6407,101313,107720,7174,100546,107720,5093,102627,107720,8201,99519,107720,8093,99627,107720,8018,99702
ACSSF,2012e1,co,000,0178,0000064,40859,32726,10044,22682,8133,2684,5449,40859,12728,28131,1744,0,1744,61305,1212,60093,61305,628,60677,61305,8116,53189,59561,995,58566,61305,795,60510,61305,283,61022,157454,25393,132061,157454,24889,132565,157454,25144,132310,157454,20262,137192,157454,21992,135462,157454,18986,138468,157454,23392,134062,157454,24291,133163,157454,24243,133211
ACSSF,2012e1,co,000,0178,0000065,25028,16798,4899,11899,8230,2271,5959,25028,7170,17858,1903,62,1841,51008,1038,49970,51008,465,50543,51008,5444,45564,49105,307,48798,51008,684,50324,51008,122,50886,117392,11673,105719,117392,11379,106013,117392,11033,106359,117392,8120,109272,117392,8208,109184,117392,7300,110092,117392,10271,107121,117392,10655,106737,117392,10722,106670
ACSSF,2012e1,co,000,0178,0000066,40774,32731,10968,21763,8043,1969,6074,40774,12937,27837,2133,0,2133,58032,1964,56068,58032,701,57331,58032,2018,56014,55899,1026,54873,58032,1176,56856,58032,231,57801,148179,10543,137636,148179,10151,138028,148179,9964,138215,148179,6981,141198,148179,7537,140642,148179,5910,142269,148179,8678,139501,148179,9528,138651,148179,9365,138814
ACSSF,2012e1,co,000,0178,0000067,29330,23577,8042,15535,5753,1748,4005,29330,9790,19540,2504,0,2504,48169,1537,46632,48169,555,47614,48169,3914,44255,45665,1097,44568,48169,1059,47110,48169,413,47756,119652,9502,110150,119652,9095,110557,119652,8994,110658,119652,6342,113310,119652,7256,112396,119652,5006,114646,119652,8302,111350,119652,8159,111493,119652,8109,111543
ACSSF,2012e1,co,000,0178,0000068,30698,24149,7782,16367,6549,1989,4560,30698,9771,20927,3024,0,3024,51024,1034,49990,51024,241,50783,51024,3773,47251,48000,966,47034,51024,405,50619,51024,169,50855,142050,12295,129755,142050,12131,129919,142050,10601,131449,142050,8970,133080,142050,9491,132559,142050,6609,135441,142050,9841,132209,142050,9915,132135,142050,9979,132071
ACSSF,2012e1,co,000,0178,0000069,32904,25708,7942,17766,7196,2190,5006,32904,10132,22772,4159,121,4038,52542,2490,50052,52542,584,51958,52542,8216,44326,48383,1352,47031,52542,1405,51137,52542,850,51692,156089,11146,144943,156089,10629,145460,156089,10088,146001,156089,8319,147770,156089,8051,148038,156089,6345,149744,156089,9452,146637,156089,9439,146650,156089,9196,146893
ACSSF,2012e1,co,000,0178,0000070,27757,24094,5915,18179,3663,851,2812,27757,6766,20991,1398,108,1290,37937,1640,36297,37937,210,37727,37937,3062,34875,36539,377,36162,37937,1219,36718,37937,305,37632,107052,9722,97330,107052,9541,97511,107052,9584,97468,107052,7718,99334,107052,8415,98637,107052,7659,99393,107052,9210,97842,107052,8693,98359,107052,9169,97883
ACSSF,2012e1,co,000,0178,0000071,25312,19369,5634,13735,5943,1543,4400,25312,7177,18135,2860,0,2860,48113,1785,46328,48113,1777,46336,48113,9095,39018,45253,1089,44164,48113,990,47123,48113,721,47392,116626,13432,103194,116626,12568,104058,116626,12924,103702,116626,9974,106652,116626,10788,105838,116626,8365,108261,116626,11701,104925,116626,10460,106166,116626,11235,105391
ACSSF,2012e1,co,000,0178,0000072,18273,13633,4593,9040,4640,1257,3383,18273,5850,12423,3484,79,3405,45946,1689,44257,45946,1398,44548,45946,7473,38473,42462,716,41746,45946,965,44981,45946,468,45478,121044,12602,108442,121044,11644,109400,121044,11737,109307,121044,9232,111812,121044,10013,111031,121044,6996,114048,121044,10795,110249,121044,9858,111186,121044,10338,110706
ACSSF,2012e1,co,000,0178,0000073,32103,23051,7841,15210,9052,3124,5928,32103,10965,21138,1657,0,1657,45903,1471,44432,45903,297,45606,45903,2914,42989,44246,805,43441,45903,786,45117,45903,262,45641,111452,9457,101995,111452,9195,102257,111452,8976,102476,111452,6137,105315,111452,7482,103970,111452,4969,106483,111452,8079,103373,111452,8580,102872,111452,8434,103018
ACSSF,2012e1,co,000,0178,0000074,31610,27545,9705,17840,4065,1023,3042,31610,10728,20882,2071,38,2033,59052,1824,57228,59052,2218,56834,59052,10378,48674,56981,913,56068,59052,1060,57992,59052,541,58511,160865,12428,148437,160865,11731,149134,160865,11102,149763,160865,9331,151534,160865,10152,150713,160865,7926,152939,160865,9731,151134,160865,9574,151291,160865,9511,151354
ACSSF,2012e1,co,000,0178,0000075,17725,13282,4288,8994,4443,1152,3291,17725,5440,12285,4717,0,4717,51857,2500,49357,51857,1703,50154,51857,11838,40019,47140,940,46200,51857,1414,50443,51857,538,51319,101322,9370,91952,101322,9105,92217,101322,8846,92476,101322,6439,94883,101322,7711,93611,101322,5791,95531,101322,7849,93473,101322,8636,92686,101322,8211,93111
ACSSF,2012e1,co,000,0178,0000076,26777,20330,6497,13833,6447,1513,4934,26777,8010,18767,3182,35,3147,61628,2775,58853,61628,2461,59167,61628,7858,53770,58446,830,57616,61628,1245,60383,61628,748,60880,109009,9922,99087,109009,9381,99628,109009,9489,99520,109009,6509,102500,109009,7003,102006,109009,5573,103436,109009,8406,100603,109009,8517,100492,109009,8918,100091
ACSSF,2012e1,co,000,0178,0000077,33274,24033,7668,16365,9241,2278,6963,33274,9946,23328,6602,66,6536,84417,2320,82097,84417,3446,80971,84417,11021,73396,77815,1503,76312,84417,1118,83299,84417,565,83852,163140,16953,146187,163140,16405,146735,163140,16532,146608,163140,12406,150734,163140,13343,149797,163140,9599,153541,163140,14903,148237,163140,15247,147893,163140,15468,147672
ACSSF,2012e1,co,000,0178,0000078,22516,17109,5527,11582,5407,1937,3470,22516,7464,15052,2007,0,2007,45577,1318,44259,45577,1107,44470,45577,10611,34966,43570,944,42626,45577,498,45079,45577,313,45264,123817,9181,114636,123817,8980,114837,123817,8919,114898,123817,5691,118126,123817,6855,116962,123817,4207,119610,123817,7098,116719,123817,8383,115434,123817,8420,115397
ACSSF,2012e1,co,000,0178,0000079,35201,25242,8965,16277,9959,2980,6979,35201,11945,23256,1559,0,1559,48727,1271,47456,48727,245,48482,48727,3909,44818,47168,815,46353,48727,1176,47551,48727,341,48386,112532,12937,99595,112532,12265,100267,112532,12381,100151,112532,8808,103724,112532,9876,102656,112532,6560,105972,112532,11066,101466,112532,11195,101337,112532,11552,100980
ACSSF,2012e1,co,000,0178,0000080,24918,17743,5109,12634,7175,2614,4561,24918,7723,17195,1888,0,1888,52613,1624,50989,52613,1182,51431,52613,11933,40680,50725,1403,49322,52613,839,51774,52613,335,52278,116786,10808,105978,116786,10534,106252,116786,10362,106424,116786,7289,109497,116786,7429,109357,116786,5760,111026,116786,8583,108203,116786,9984,106802,116786,9426,107360
ACSSF,2012e1,co,000,0178,0000081,38286,27909,8919,18990,10377,3004,7373,38286,11923,26363,2522,118,2404,57657,1261,56396,57657,865,56792,57657,7387,50270,55135,772,54363,57657,1055,56602,57657,396,57261,134235,12084,122151,134235,11664,122571,134235,11379,122856,134235,7710,126525,134235,9258,124977,134235,5810,128425,134235,10303,123932,134235,10434,123801,134235,10713,123522
ACSSF,2012e1,co,000,0178,0000082,27335,20151,6461,13690,7184,2133,5051,27335,8594,18741,2531,14,2517,48371,2067,46304,48371,641,47730,48371,6868,41503,45840,842,44998,48371,1681,46690,48371,740,47631,106552,11731,94821,106552,11385,95167,106552,11377,95175,106552,7309,99243,106552,8484,98068,106552,5261,101291,106552,10316,96236,106552,10841,95711,106552,10328,96224
ACSSF,2012e1,co,000,0178,0000083,36480,31260,9593,21667,5220,1040,4180,36480,10633,25847,1684,122,1562,48617,2022,46595,48617,1189,47428,48617,3833,44784,46933,893,46040,48617,1420,47197,48617,900,47717,125182,8357,116825,125182,8160,117022,125182,8013,117169,125182,5826,119356,125182,6806,118376,125182,4743,120439,125182,7752,117430,125182,7614,117568,125182,7517,117665
ACSSF,2012e1,co,000,0178,0000084,30524,25860,8590,17270,4664,1188,3476,30524,9778,20746,1316,0,1316,37651,1069,36582,37651,177,37474,37651,1572,36079,36335,418,35917,37651,467,37184,37651,221,37430,106075,7484,98591,106075,7232,98843,106075,7083,98992,106075,5575,100500,106075,5512,100563,106075,3812,102263,106075,6652,99423,106075,6316,99759,106075,6632,99443
ACSSF,2012e1,co,000,0178,0000085,33482,28331,8089,20242,5151,2275,2876,33482,10364,23118,2059,0,2059,41800,835,40965,41800,68,41732,41800,1887,39913,39741,289,39452,41800,377,41423,41800,71,41729,114803,8332,106471,114803,7963,106840,114803,8206,106597,114803,5844,108959,114803,6862,107941,114803,5362,109441,114803,7533,107270,114803,7340,107463,114803,7067,107736
ACSSF,2012e1,co,000,0178,0000086,28470,22871,6579,16292,5599,1745,3854,28470,8324,20146,2853,0,2853,38505,1267,37238,38505,343,38162,38505,4194,34311,35652,890,34762,38505,819,37686,38505,392,38113,101318,11482,89836,101318,11133,90185,101318,10987,90331,101318,9288,92030,101318,9754,91564,101318,8267,93051,101318,10166,91152,101318,10149,91169,101318,10369,90949
ACSSF,2012e1,co,000,0178,0000087,32038,20154,8334,11820,11884,3012,8872,32038,11346,20692,16201,91,16110,62243,5405,56838,62243,489,61754,62243,9814,52429,46042,667,45375,62243,5161,57082,62243,1601,60642,109572,10532,99040,109572,10258,99314,109572,10104,99468,109572,7931,101641,109572,8558,101014,109572,6700,102872,109572,9050,100522,109572,9318,100254,109572,9292,100280
ACSSF,2012e1,co,000,0178,0000088,35368,24663,7631,17032,10705,3203,7502,35368,10834,24534,2903,0,2903,54524,1829,52695,54524,567,53957,54524,4901,49623,51621,484,51137,54524,1479,53045,54524,1012,53512,128144,15315,112829,128144,14757,113387,128144,14865,113279,128144,10389,117755,128144,11963,116181,128144,8682,119462,128144,13108,115036,128144,13743,114401,128144,13167,114977
ACSSF,2012e1,co,000,0178,0000089,30247,17280,6086,11194,12967,4576,8391,30247,10662,19585,9775,313,9462,51300,3160,48140,51300,1404,49896,51300,6709,44591,41525,1484,40041,51300,3100,48200,51300,1041,50259,98555,11995,86560,98555,11333,87222,98555,11522,87033,98555,8658,89897,98555,9194,89361,98555,6864,91691,98555,10532,88023,98555,10337,88218,98555,9835,88720
ACSSF,2012e1,co,000,0178,0000090,28477,22225,6639,15586,6252,2088,4164,28477,8727,19750,6912,427,6485,46027,1965,44062,46027,375,45652,46027,4675,41352,39115,374,38741,46027,1829,44198,46027,676,45351,103070,12271,90799,103070,11619,91451,103070,11752,91318,103070,8803,94267,103070,10001,93069,103070,9144,93926,103070,11024,92046,103070,9206,93864,103070,10510,92560
ACSSF,2012e1,co,000,0178,0000091,30251,21088,6957,14131,9163,3150,6013,30251,10107,20144,4847,42,4805,55136,1664,53472,55136,900,54236,55136,5897,49239,50289,781,49508,55136,1296,53840,55136,404,54732,120128,15278,104850,120128,14720,105408,120128,14829,105299,120128,11625,108503,120128,12026,108102,120128,9014,111114,120128,13858,106270,120128,12777,107351,120128,13221,106907
ACSSF,2012e1,co,000,0178,0000092,23730,15596,5662,9934,8134,2696,5438,23730,8358,15372,4347,120,4227,47065,1742,45323,47065,1277,45788,47065,8141,38924,42718,823,41895,47065,1110,45955,47065,573,46492,95439,12741,82698,95439,11662,83777,95439,12571,82868,95439,9080,86359,95439,9696,85743,95439,6333,89106,95439,10977,84462,95439,9920,85519,95439,11088,84351
ACSSF,2012e1,co,000,0178,0000093,24075,20813,8296,12517,3262,947,2315,24075,9243,14832,1556,0,1556,39327,1354,37973,39327,518,38809,39327,5585,33742,37771,945,36826,39327,762,38565,39327,134,39193,104140,12429,91711,104140,12167,91973,104140,11992,92148,104140,9900,94240,104140,11199,92941,104140,9596,94544,104140,11580,92560,104140,9983,94157,104140,11102,93038
ACSSF,2012e1,co,000,0178,0000094,20960,16276,6426,9850,4684,1163,3521,20960,7589,13371,2617,0,2617,43309,1404,41905,43309,811,42498,43309,10444,32865,40692,1056,39636,43309,772,42537,43309,293,43016,105886,12117,93769,105886,11866,94020,105886,11599,94287,105886,9933,95953,105886,10821,95065,105886,7990,97896,105886,10355,95531,105886,9135,96751,105886,10421,95465
ACSSF,2012e1,co,000,0178,0000095,30747,24694,9005,15689,6053,1325,4728,30747,10330,20417,1467,69,1398,38832,1173,37659,38832,606,38226,38832,2021,36811,37365,294,37071,38832,952,37880,38832,133,38699,107913,9630,98283,107913,9080,98833,107913,9097,98816,107913,6452,101461,107913,7417,100496,107913,5920,101993,107913,8276,99637,107913,6142,101771,107913,7992,99921
ACSSF,2012e1,co,000,0178,0000096,25467,19964,7623,12341,5503,1651,3852,25467,9274,16193,2112,69,2043,35886,1223,34663,35886,606,35280,35886,2663,33223,33774,285,33489,35886,1081,34805,35886,182,35704,96097,8349,87748,96097,7994,88103,96097,7756,88341,96097,5375,90722,96097,6584,89513,96097,4933,91164,96097,7006,89091,96097,5345,90752,96097,7012,89085
ACSSF,2012e1,co,000,0178,0000097,40008,30563,9357,21206,9445,2825,6620,40008,12182,27826,5638,79,5559,81590,3084,78506,81590,2199,79391,81590,14522,67068,75952,1796,74156,81590,1827,79763,81590,984,80606,214105,20969,193136,214105,19825,194280,214105,19903,194202,214105,16388,197717,214105,17468,196637,214105,14009,200096,214105,18733,195372,214105,16370,197735,214105,17557,196548
ACSSF,2012e1,co,000,0178,0000098,53241,38082,11270,26812,15159,4287,10872,53241,15557,37684,5241,62,5179,94221,3088,91133,94221,873,93348,94221,7310,86911,88980,703,88277,94221,2205,92016,94221,1005,93216,217444,18688,198756,217444,17914,199530,217444,17885,199559,217444,12151,205293,217444,12959,204485,217444,11531,205913,217444,16270,201174,217444,17119,200325,217444,17045,200399
ACSSF,2012e1,co,000,0178,0000099,19207,17146,5410,11736,2061,844,1217,19207,6254,12953,1585,23,1562,25690,1256,24434,25690,103,25587,25690,1879,23811,24105,480,23625,25690,592,25098,25690,209,25481,74500,4579,69921,74500,4438,70062,74500,4477,70023,74500,3353,71147,74500,3151,71349,74500,2415,72085,74500,4108,70392,74500,4336,70164,74500,4171,70329
ACSSF,2012e1,co,000,0178,0000100,67763,54479,14916,39563,13284,3498,9786,67763,18414,49349,5175,108,5067,113432,3696,109736,113432,2850,110582,113432,12743,100689,108257,1737,106520,113432,2216,111216,113432,906,112526,284325,27337,256988,284325,26079,258246,284325,26340,257985,284325,19767,264558,284325,21916,262409,284325,16999,267326,284325,24135,260190,284325,23850,260475,284325,24304,260021
ACSSF,2012e1,co,000,0178,0000101,52276,37459,14273,23186,14817,4804,10013,52276,19077,33199,7782,162,7620,104009,3500,100509,104009,2337,101672,104009,19822,84187,96227,2222,94005,104009,2313,101696,104009,904,103105,228142,31100,197042,228142,29620,198522,228142,30340,197802,228142,24129,204013,228142,25405,202737,228142,19697,208445,228142,27614,200528,228142,25019,203123,228142,27544,200598
ACSSF,2012e1,co,000,0178,0000102,128521,99762,33137,66625,28759,7660,21099,128521,40797,87724,17752,139,17613,288191,10309,277882,288191,9644,278547,288191,48391,239800,270439,4706,265733,288191,5049,283142,288191,2505,285686,627400,53758,573642,627400,51620,575780,627400,50853,576547,627400,36872,590528,627400,41350,586050,627400,29809,597591,627400,44106,583294,627400,46436,580964,627400,46727,580673
ACSSF,2012e1,co,000,0178,0000103,85640,72618,21897,50721,13022,4125,8897,85640,26022,59618,4071,122,3949,109603,2973,106630,109603,1370,108233,109603,5405,104198,105532,898,104634,109603,1405,108198,109603,705,108898,299834,19752,280082,299834,19036,280798,299834,18912,280922,299834,13866,285968,299834,15348,284486,299834,11293,288541,299834,17887,281947,299834,17063,282771,299834,17180,282654
ACSSF,2012e1,co,000,0178,0000104,18626,16195,5284,10911,2431,540,1891,18626,5824,12802,1330,0,1330,25883,821,25062,25883,226,25657,25883,2174,23709,24553,479,24074,25883,500,25383,25883,44,25839,70495,6215,64280,70495,6068,64427,70495,6141,64354,70495,4990,65505,70495,5666,64829,70495,4792,65703,70495,6055,64440,70495,5268,65227,70495,5436,65059
ACSSF,2012e1,co,000,0178,0000105,43977,33086,11154,21932,10891,3161,7730,43977,14315,29662,5969,0,5969,81333,2279,79054,81333,800,80533,81333,6301,75032,75364,792,74572,81333,1411,79922,81333,590,80743,190484,22087,168397,190484,21581,168903,190484,21019,169465,190484,17189,173295,190484,18054,172430,190484,14665,175819,190484,19834,170650,190484,19979,170505,190484,19414,171070
ACSSF,2012e1,co,000,0178,0000106,40712,27997,9067,18930,12715,4003,8712,40712,13070,27642,3859,0,3859,61483,2106,59377,61483,699,60784,61483,5209,56274,57624,484,57140,61483,1756,59727,61483,1042,60441,143407,18844,124563,143407,18286,125121,143407,18394,125013,143407,13330,130077,143407,15060,128347,143407,11429,131978,143407,16344,127063,143407,17227,126180,143407,16512,126895
ACSSF,2012e1,co,000,0178,0000107,23144,16211,6496,9715,6933,2131,4802,23144,8627,14517,2373,235,2138,44602,2218,42384,44602,840,43762,44602,8632,35970,42229,1079,41150,44602,1697,42905,44602,463,44139,122277,31944,90333,122277,31520,90757,122277,31387,90890,122277,29404,92873,122277,29628,92649,122277,27863,94414,122277,30406,91871,122277,30510,91767,122277,30414,91863
ACSSF,2012e1,co,000,0178,0000108,12443,9952,3749,6203,2491,640,1851,12443,4389,8054,1613,0,1613,28568,862,27706,28568,774,27794,28568,6498,22070,26955,293,26662,28568,502,28066,28568,141,28427,66781,7846,58935,66781,7466,59315,66781,7332,59449,66781,5877,60904,66781,6301,60480,66781,4221,62560,66781,6841,59940,66781,6177,60604,66781,6371,60410
ACSSF,2012e1,co,000,0178,0000109,155225,116687,38791,77896,38538,11321,27217,155225,50112,105113,9588,151,9437,232611,7317,225294,232611,2944,229667,232611,27902,204709,223023,4757,218266,232611,5563,227048,232611,2397,230214,542549,51601,490948,542549,49818,492731,542549,49200,493349,542549,35479,507070,542549,39268,503281,542549,26831,515718,542549,44307,498242,542549,45617,496932,542549,45531,497018
ACSSF,2012e1,co,000,0178,0000110,26352,18957,6473,12484,7395,2489,4906,26352,8962,17390,2018,14,2004,40863,1727,39136,40863,715,40148,40863,4229,36634,38845,940,37905,40863,1243,39620,40863,589,40274,93353,11776,81577,93353,11663,81690,93353,11473,81880,93353,8180,85173,93353,9475,83878,93353,6718,86635,93353,10469,82884,93353,11076,82277,93353,11216,82137
ACSSF,2012e1,co,000,0178,0000111,40783,32172,10004,22168,8611,2749,5862,40783,12753,28030,2000,0,2000,61549,1294,60255,61549,628,60921,61549,8383,53166,59549,1061,58488,61549,877,60672,61549,365,61184,156166,25327,130839,156166,24929,131237,156166,25078,131088,156166,20437,135729,156166,22060,134106,156166,18807,137359,156166,23281,132885,156166,24331,131835,156166,24413,131753
ACSSF,2012e1,co,000,0178,0000112,31009,21842,7956,13886,9167,3463,5704,31009,11419,19590,1323,0,1323,44769,573,44196,44769,341,44428,44769,2931,41838,43446,1294,42152,44769,613,44156,44769,359,44410,106359,14018,92341,106359,13674,92685,106359,13788,92571,106359,10318,96041,106359,11389,94970,106359,8758,97601,106359,12787,93572,106359,12959,93400,106359,13125,93234
ACSSF,2012e1,co,000,0178,0000113,24750,15962,5508,10454,8788,3051,5737,24750,8559,16191,5304,269,5035,48599,1302,47297,48599,822,47777,48599,10149,38450,43295,1500,41795,48599,725,47874,48599,745,47854,107089,13265,93824,107089,12344,94745,107089,13010,94079,107089,8865,98224,107089,9858,97231,107089,6484,100605,107089,11174,95915,107089,11375,95714,107089,11730,95359
ACSSF,2012e1,co,000,0178,0000114,53759,42795,14513,28282,10964,2870,8094,53759,17383,36376,4528,0,4528,84011,2251,81760,84011,570,83441,84011,4736,79275,79483,1760,77723,84011,1023,82988,84011,424,83587,225696,18474,207222,225696,17993,207703,225696,15918,209778,225696,13006,212690,225696,13748,211948,225696,9195,216501,225696,14579,211117,225696,14971,210725,225696,14977,210719
ACSSF,2012e1,co,000,0178,0000115,14032,9602,2933,6669,4430,1180,3250,14032,4113,9919,1115,98,1017,25708,728,24980,25708,544,25164,25708,4799,20909,24593,860,23733,25708,492,25216,25708,216,25492,69574,6961,62613,69574,6743,62831,69574,6497,63077,69574,4902,64672,69574,5353,64221,69574,4029,65545,69574,6024,63550,69574,5944,63630,69574,5941,63633
