ACSSF,2012e1,co,000,0010,0000001,2824494,1474,340,45,235759,11340,719,329,712,1721,586,367,445,2627,3834,2079,0,834,3300,1160,2875,1595,14540,712,535,7996,0,464,1517,75,9115,3137,11814,21526,6661,152928,138,77176,3674,21633,10310,350748,757,6954,0,6607,463,2895,151326,1151,83444,671,2623,110,45,6,249,7067,36997,853,38205,3229,2276,18683,8757,26321,35163,1270,2314,2690,2329,0,35573,48,9221,1853,242,104,2371,204,366,4342,1370,552,228,78,14432,162,32266,4739,2491,4680,9989,4670,31,0,54,0,415,74,631,2987,311,0,167,0,2553,1328578,2824494,235759,11340,14540,9115,11814,21526,152928,77176,21633,10310,350748,6954,6607,151326,83444,2623,36997,38205,3229,18683,26321,35163,2690,35573,32266,4739,4680,9989,4670,1403446
ACSSF,2012e1,co,000,0010,0000002,2463101,1474,340,45,195767,11107,634,329,712,1610,586,367,445,2627,3797,1939,0,559,2400,932,2531,1538,12441,700,376,6512,0,414,1371,75,7838,2511,9120,17364,5853,122688,138,67021,3156,17139,8851,282966,686,6463,0,5826,439,2580,127411,1093,70728,671,2575,95,0,0,0,6274,30861,439,32105,2860,2039,17578,7459,21246,28939,1185,2139,2256,2061,0,35352,48,9145,1853,242,104,2349,196,366,4342,1370,552,228,78,14317,162,27685,3844,2435,4535,8074,4459,31,0,54,0,415,74,436,2971,311,0,167,0,2243,1213300,2463101,195767,11107,12441,7838,9120,17364,122688,67021,17139,8851,282966,6463,5826,127411,70728,2575,30861,32105,2860,17578,21246,28939,2256,35352,27685,3844,4535,8074,4459,1278002
ACSSF,2012e1,co,000,0010,0000003,,,,,,,,,,,,,,,,,,,,,,,,,,,,,,,,,,,,,,,,,,,,,,,,,,,,,,,,,,,,,,,,,,,,,,,,,,,,,,,,,,,,,,,,,,,,,,,,,,,,,,,,,,,,,361393,39992,233,2099,1277,2694,4162,30240,10155,4494,1459,67782,491,781,23915,12716,48,6136,6100,369,1105,5075,6224,434,221,4581,895,145,1915,211,125444
ACSSF,2012e1,co,000,0010,0000004,2599205,1474,340,45,212039,11303,719,329,675,1721,586,367,445,2627,3834,1981,0,728,2801,1160,2609,1595,13613,700,402,7391,0,464,1503,75,8668,2934,10283,20166,6338,135750,138,73164,3425,19633,9360,315304,757,6569,0,6387,463,2874,137423,1135,77363,671,2537,110,45,6,158,6729,34402,669,35416,2877,2230,18257,8175,24052,32513,1216,2165,2575,2279,0,35331,48,9221,1853,242,104,2349,131,366,4342,1370,552,228,78,14285,162,29627,4144,2435,4567,9191,4670,31,0,54,0,415,74,631,2987,311,0,167,0,2528,1231273,2599205,212039,11303,13613,8668,10283,20166,135750,73164,19633,9360,315304,6569,6387,137423,77363,2537,34402,35416,2877,18257,24052,32513,2575,35331,29627,4144,4567,9191,4670,1302021
ACSSF,2012e1,co,000,0010,0000005,2456369,1474,340,45,202826,10688,719,329,675,1692,586,367,445,2041,3834,1981,0,563,2529,1019,2277,1595,13104,700,385,6852,0,319,1385,75,8096,2850,9439,19167,5920,126349,138,69287,3023,18384,8716,292854,689,6268,0,5921,463,2874,128142,1135,73002,671,1998,95,0,6,158,6459,32285,578,33800,2664,2141,18162,7817,22138,30824,1172,2165,2537,2153,0,34340,48,8897,1853,242,104,2349,76,366,3816,1370,552,228,78,14199,162,28220,3726,2057,4484,8593,4670,31,0,54,0,415,74,631,2987,311,0,167,0,2383,1169199,2456369,202826,10688,13104,8096,9439,19167,126349,69287,18384,8716,292854,6268,5921,128142,73002,1998,32285,33800,2664,18162,22138,30824,2537,34340,28220,3726,4484,8593,4670,1235685
ACSSF,2012e1,co,000,0010,0000006,1164468,1474,166,0,74751,5341,59,89,60,939,504,342,170,609,2569,1311,0,213,1166,474,1118,850,5546,439,251,2694,0,269,509,0,3428,1688,4187,8279,2590,46091,33,31745,1114,7803,2918,114459,442,2967,0,2022,220,1944,55323,601,27658,311,1110,0,0,0,0,3299,13444,145,12803,1478,1155,7625,2620,10119,13741,523,1284,1238,1150,0,26393,48,8167,1011,242,104,1768,68,366,2729,641,501,228,0,10444,76,11810,1566,1763,2308,2712,3892,31,0,54,0,343,74,322,2696,205,0,167,0,838,629057,1164468,74751,5341,5546,3428,4187,8279,46091,31745,7803,2918,114459,2967,2022,55323,27658,1110,13444,12803,1478,7625,10119,13741,1238,26393,11810,1566,2308,2712,3892,661711
ACSSF,2012e1,co,000,0010,0000007,1291901,0,174,45,128075,5347,660,240,615,753,82,25,275,1432,1265,670,0,350,1363,545,1159,745,7558,261,134,4158,0,50,876,75,4668,1162,5252,10888,3330,80258,105,37542,1909,10581,5798,178395,247,3301,0,3899,243,930,72819,534,45344,360,888,95,0,6,158,3160,18841,433,20997,1186,986,10537,5197,12019,17083,649,881,1299,1003,0,7947,0,730,842,0,0,581,8,0,1087,729,51,0,78,3755,86,16410,2160,294,2176,5881,778,0,0,0,0,72,0,309,291,106,0,0,0,1545,540142,1291901,128075,5347,7558,4668,5252,10888,80258,37542,10581,5798,178395,3301,3899,72819,45344,888,18841,20997,1186,10537,12019,17083,1299,7947,16410,2160,2176,5881,778,573974
ACSSF,2012e1,co,000,0010,0000008,,,,,,,,,,,,,,,,,,,,,,,,,,,,,,,,,,,,,,,,,,,,,,,,,,,,,,,,,,,,,,,,,,,,,,,,,,,,,,,,,,,,,,,,,,,,,,,,,,,,,,,,,,,,,142836,9213,615,509,572,844,999,9401,3877,1249,644,22450,301,466,9281,4361,539,2117,1616,213,95,1914,1689,38,991,1407,418,83,598,0,66336
ACSSF,2012e1,co,000,0010,0000009,,,,,,,,,,,,,,,,,,,,,,,,,,,,,,,,,,,,,,,,,,,,,,,,,,,,,,,,,,,,,,,,,,,,,,,,,,,,,,,,,,,,,,,,,,,,,,,,,,,,,,,,,,,,,50847,3650,29,331,76,491,259,2951,1184,305,251,7921,100,121,4067,1380,483,1010,474,0,0,406,671,0,935,327,34,0,76,0,23315
ACSSF,2012e1,co,000,0010,0000010,,,,,,,,,,,,,,,,,,,,,,,,,,,,,,,,,,,,,,,,,,,,,,,,,,,,,,,,,,,,,,,,,,,,,,,,,,,,,,,,,,,,,,,,,,,,,,,,,,,,,,,,,,,,,91989,5563,586,178,496,353,740,6450,2693,944,393,14529,201,345,5214,2981,56,1107,1142,213,95,1508,1018,38,56,1080,384,83,522,0,43021
ACSSF,2012e1,co,000,0010,0000011,,,,,,,,,,,,,,,,,,,,,,,,,,,,,,,,,,,,,,,,,,,,,,,,,,,,,,,,,,,,,,,,,,,,,,,,,,,,,,,,,,,,,,,,,,,,,,,,,,,,,,,,,,,,,225289,23720,37,927,447,1531,1360,17178,4012,2000,950,35444,385,220,13903,6081,86,2595,2789,352,426,2269,2650,115,242,2639,595,113,798,0,101425
ACSSF,2012e1,co,000,0010,0000012,,,,,,,,,,,,,,,,,,,,,,,,,,,,,,,,,,,,,,,,,,,,,,,,,,,,,,,,,,,,,,,,,,,,,,,,,,,,,,,,,,,,,,,,,,,,,,,,,,,,,,,,,,,,,368125,32933,652,1436,1019,2375,2359,26579,7889,3249,1594,57894,686,686,23184,10442,625,4712,4405,565,521,4183,4339,153,1233,4046,1013,196,1396,0,167761
ACSSF,2012e1,co,000,0010,0000013,,,,,,,,,,,,,,,,,,,,,,,,,,,,,,,,,,,,,,,,,,,,,,,,,,,,,,,,,,,,,,,,,,,,,,,,,,,,,,,,,,,,,,,,,,,,,,,,,,,,,,,,,,,,,299241,35918,917,601,346,383,814,7069,4431,987,662,21883,599,172,9167,6856,91,2458,1994,73,1037,1360,2064,180,3086,1698,225,274,540,49,193307
ACSSF,2012e1,co,000,0010,0000014,,,,,,,,,,,,,,,,,,,,,,,,,,,,,,,,,,,,,,,,,,,,,,,,,,,,,,,,,,,,,,,,,,,,,,,,,,,,,,,,,,,,,,,,,,,,,,,,,,,,,,,,,,,,,349040,24250,3499,1816,903,1230,2642,15928,10113,1934,569,31352,946,661,17948,7812,452,4864,4216,400,5431,1949,3278,400,14454,4217,748,1005,1308,249,184466
ACSSF,2012e1,co,000,0010,0000015,,,,,,,,,,,,,,,,,,,,,,,,,,,,,,,,,,,,,,,,,,,,,,,,,,,,,,,,,,,,,,,,,,,,,,,,,,,,,,,,,,,,,,,,,,,,,,,,,,,,,,,,,,,,,160534,17890,355,1592,826,1521,1147,10153,6069,1882,1025,20793,476,490,8337,5214,225,2337,3149,56,2343,1599,2437,299,901,1709,302,402,650,239,66116
ACSSF,2012e1,co,000,0010,0000016,,,,,,,,,,,,,,,,,,,,,,,,,,,,,,,,,,,,,,,,,,,,,,,,,,,,,,,,,,,,,,,,,,,,,,,,,,,,,,,,,,,,,,,,,,,,,,,,,,,,,,,,,,,,,396239,15597,565,1502,1239,1405,1834,10943,9685,2075,875,26582,1765,534,16415,7357,297,3874,4340,262,2953,2012,4220,464,11836,3212,586,826,899,1349,260736
ACSSF,2012e1,co,000,0010,0000017,,,,,,,,,,,,,,,,,,,,,,,,,,,,,,,,,,,,,,,,,,,,,,,,,,,,,,,,,,,,,,,,,,,,,,,,,,,,,,,,,,,,,,,,,,,,,,,,,,,,,,,,,,,,,142644,13945,1300,980,499,479,1688,10603,5185,883,732,22308,440,590,10110,4883,83,3345,3094,205,654,1501,1922,135,263,2237,213,278,667,91,53331
ACSSF,2012e1,co,000,0010,0000018,,,,,,,,,,,,,,,,,,,,,,,,,,,,,,,,,,,,,,,,,,,,,,,,,,,,,,,,,,,,,,,,,,,,,,,,,,,,,,,,,,,,,,,,,,,,,,,,,,,,,,,,,,,,,324545,30006,2051,1762,620,1448,3411,18664,9579,3526,942,40635,565,1264,20372,9557,235,4188,4016,536,2089,3348,5581,216,1604,3884,367,574,676,2500,150329
ACSSF,2012e1,co,000,0010,0000019,,,,,,,,,,,,,,,,,,,,,,,,,,,,,,,,,,,,,,,,,,,,,,,,,,,,,,,,,,,,,,,,,,,,,,,,,,,,,,,,,,,,,,,,,,,,,,,,,,,,,,,,,,,,,271753,19868,1075,2440,1873,1387,2016,19891,8236,2429,1506,42159,456,1067,18665,12833,279,3905,6807,539,2540,3125,3635,387,642,4335,556,584,897,72,107549
ACSSF,2012e1,co,000,0010,0000020,,,,,,,,,,,,,,,,,,,,,,,,,,,,,,,,,,,,,,,,,,,,,,,,,,,,,,,,,,,,,,,,,,,,,,,,,,,,,,,,,,,,,,,,,,,,,,,,,,,,,,,,,,,,,139580,12459,599,1698,514,755,2421,9797,9191,1672,559,28959,638,264,8313,5104,118,2542,2284,399,311,2142,2823,0,236,2193,386,232,758,74,42139
ACSSF,2012e1,co,000,0010,0000021,,,,,,,,,,,,,,,,,,,,,,,,,,,,,,,,,,,,,,,,,,,,,,,,,,,,,,,,,,,,,,,,,,,,,,,,,,,,,,,,,,,,,,,,,,,,,,,,,,,,,,,,,,,,,73536,9420,0,257,180,333,879,5263,968,1103,496,11155,0,312,3312,2828,0,1120,1022,100,65,3268,1181,118,66,892,79,177,927,0,28015
ACSSF,2012e1,co,000,0010,0000022,,,,,,,,,,,,,,,,,,,,,,,,,,,,,,,,,,,,,,,,,,,,,,,,,,,,,,,,,,,,,,,,,,,,,,,,,,,,,,,,,,,,,,,,,,,,,,,,,,,,,,,,,,,,,96121,6291,0,232,162,107,251,4290,333,489,91,8625,146,112,4466,4581,120,654,632,0,331,494,846,74,225,369,38,0,177,0,61985
ACSSF,2012e1,co,000,0010,0000023,,,,,,,,,,,,,,,,,,,,,,,,,,,,,,,,,,,,,,,,,,,,,,,,,,,,,,,,,,,,,,,,,,,,,,,,,,,,,,,,,,,,,,,,,,,,,,,,,,,,,,,,,,,,,134256,10770,155,94,584,151,721,6708,2889,615,652,26252,152,161,5144,2949,49,1880,1215,62,186,344,1077,48,1027,1969,144,52,595,0,67611
ACSSF,2012e1,co,000,0010,0000024,,,,,,,,,,,,,,,,,,,,,,,,,,,,,,,,,,,,,,,,,,,,,,,,,,,,,,,,,,,,,,,,,,,,,,,,,,,,,,,,,,,,,,,,,,,,,,,,,,,,,,,,,,,,,49926,3761,40,306,626,186,800,4131,1253,663,380,7525,45,115,3546,2800,74,994,990,0,578,526,519,0,10,853,159,443,51,0,18552
ACSSF,2012e1,co,000,0010,0000025,,,,,,,,,,,,,,,,,,,,,,,,,,,,,,,,,,,,,,,,,,,,,,,,,,,,,,,,,,,,,,,,,,,,,,,,,,,,,,,,,,,,,,,,,,,,,,,,,,,,,,,,,,,,,216295,14361,2269,733,395,617,839,6343,3093,647,234,13317,114,181,7127,3233,287,2045,1289,198,1944,761,1045,240,11923,2233,153,749,433,135,139357
ACSSF,2012e1,co,000,0010,0000026,,,,,,,,,,,,,,,,,,,,,,,,,,,,,,,,,,,,,,,,,,,,,,,,,,,,,,,,,,,,,,,,,,,,,,,,,,,,,,,,,,,,,,,,,,,,,,,,,,,,,,,,,,,,,52431,6647,334,781,486,407,603,2203,1896,462,163,6945,110,70,2588,1281,107,742,1252,56,811,397,818,150,183,558,249,148,77,133,21774
ACSSF,2012e1,co,000,0010,0000027,,,,,,,,,,,,,,,,,,,,,,,,,,,,,,,,,,,,,,,,,,,,,,,,,,,,,,,,,,,,,,,,,,,,,,,,,,,,,,,,,,,,,,,,,,,,,,,,,,,,,,,,,,,,,56125,4039,125,563,238,283,867,3941,4385,385,175,6461,467,205,4899,1963,101,1202,1186,168,730,534,874,33,301,486,383,299,349,0,20483
ACSSF,2012e1,co,000,0010,0000028,,,,,,,,,,,,,,,,,,,,,,,,,,,,,,,,,,,,,,,,,,,,,,,,,,,,,,,,,,,,,,,,,,,,,,,,,,,,,,,,,,,,,,,,,,,,,,,,,,,,,,,,,,,,,221734,18163,1444,954,460,943,2363,11309,6492,2145,464,28139,365,538,13857,6709,132,2939,2816,438,1067,2643,4047,39,1132,1770,183,205,422,2154,107402
ACSSF,2012e1,co,000,0010,0000029,,,,,,,,,,,,,,,,,,,,,,,,,,,,,,,,,,,,,,,,,,,,,,,,,,,,,,,,,,,,,,,,,,,,,,,,,,,,,,,,,,,,,,,,,,,,,,,,,,,,,,,,,,,,,396239,15597,565,1502,1239,1405,1834,10943,9685,2075,875,26582,1765,534,16415,7357,297,3874,4340,262,2953,2012,4220,464,11836,3212,586,826,899,1349,260736
ACSSF,2012e1,co,000,0010,0000030,,,,,,,,,,,,,,,,,,,,,,,,,,,,,,,,,,,,,,,,,,,,,,,,,,,,,,,,,,,,,,,,,,,,,,,,,,,,,,,,,,,,,,,,,,,,,,,,,,,,,,,,,,,,,68065,5225,599,1277,284,353,1420,4062,6446,643,272,10303,400,140,4010,2496,70,1154,1373,258,166,675,1196,0,145,929,152,176,189,74,23578
ACSSF,2012e1,co,000,0010,0000031,,,,,,,,,,,,,,,,,,,,,,,,,,,,,,,,,,,,,,,,,,,,,,,,,,,,,,,,,,,,,,,,,,,,,,,,,,,,,,,,,,,,,,,,,,,,,,,,,,,,,,,,,,,,,50787,2386,94,43,55,0,131,2527,816,201,0,8435,133,29,2366,1081,0,763,217,62,43,174,396,48,1027,832,86,0,263,0,28579
ACSSF,2012e1,co,000,0010,0000032,,,,,,,,,,,,,,,,,,,,,,,,,,,,,,,,,,,,,,,,,,,,,,,,,,,,,,,,,,,,,,,,,,,,,,,,,,,,,,,,,,,,,,,,,,,,,,,,,,,,,,,,,,,,,51716,4945,202,422,270,270,489,3286,1715,137,159,6856,169,42,3802,2202,40,1021,1081,176,202,879,533,41,263,883,29,22,188,0,21392
ACSSF,2012e1,co,000,0010,0000033,,,,,,,,,,,,,,,,,,,,,,,,,,,,,,,,,,,,,,,,,,,,,,,,,,,,,,,,,,,,,,,,,,,,,,,,,,,,,,,,,,,,,,,,,,,,,,,,,,,,,,,,,,,,,77780,4724,307,521,263,716,436,4856,1926,611,151,9573,243,158,4150,3103,43,942,1290,176,367,603,754,237,318,1371,0,44,151,72,39674
ACSSF,2012e1,co,000,0010,0000034,,,,,,,,,,,,,,,,,,,,,,,,,,,,,,,,,,,,,,,,,,,,,,,,,,,,,,,,,,,,,,,,,,,,,,,,,,,,,,,,,,,,,,,,,,,,,,,,,,,,,,,,,,,,,48493,4777,0,312,17,389,291,2215,1222,521,403,6250,159,345,1907,1812,0,507,450,0,487,341,780,63,640,415,0,102,207,106,23775
ACSSF,2012e1,co,000,0010,0000035,,,,,,,,,,,,,,,,,,,,,,,,,,,,,,,,,,,,,,,,,,,,,,,,,,,,,,,,,,,,,,,,,,,,,,,,,,,,,,,,,,,,,,,,,,,,,,,,,,,,,,,,,,,,,,,,,,,,,,,,,,,,,,,,,,,,,,,,,,,
ACSSF,2012e1,co,000,0010,0000036,,,,,,,,,,,,,,,,,,,,,,,,,,,,,,,,,,,,,,,,,,,,,,,,,,,,,,,,,,,,,,,,,,,,,,,,,,,,,,,,,,,,,,,,,,,,,,,,,,,,,,,,,,,,,,,,,,,,,,,,,,,,,,,,,,,,,,,,,,,
ACSSF,2012e1,co,000,0010,0000037,,,,,,,,,,,,,,,,,,,,,,,,,,,,,,,,,,,,,,,,,,,,,,,,,,,,,,,,,,,,,,,,,,,,,,,,,,,,,,,,,,,,,,,,,,,,,,,,,,,,,,,,,,,,,74854,13636,321,310,110,44,196,1921,1810,231,179,6288,0,0,2255,2310,41,646,324,0,653,391,714,69,0,201,107,0,194,49,41854
ACSSF,2012e1,co,000,0010,0000038,,,,,,,,,,,,,,,,,,,,,,,,,,,,,,,,,,,,,,,,,,,,,,,,,,,,,,,,,,,,,,,,,,,,,,,,,,,,,,,,,,,,,,,,,,,,,,,,,,,,,,,,,,,,,58371,3506,371,177,277,82,360,2987,2068,274,84,7007,194,178,3631,2713,50,1028,959,47,346,938,412,76,146,600,143,100,36,0,29581
ACSSF,2012e1,co,000,0010,0000039,,,,,,,,,,,,,,,,,,,,,,,,,,,,,,,,,,,,,,,,,,,,,,,,,,,,,,,,,,,,,,,,,,,,,,,,,,,,,,,,,,,,,,,,,,,,,,,,,,,,,,,,,,,,,52431,6647,334,781,486,407,603,2203,1896,462,163,6945,110,70,2588,1281,107,742,1252,56,811,397,818,150,183,558,249,148,77,133,21774
ACSSF,2012e1,co,000,0010,0000040,,,,,,,,,,,,,,,,,,,,,,,,,,,,,,,,,,,,,,,,,,,,,,,,,,,,,,,,,,,,,,,,,,,,,,,,,,,,,,,,,,,,,,,,,,,,,,,,,,,,,,,,,,,,,221734,18163,1444,954,460,943,2363,11309,6492,2145,464,28139,365,538,13857,6709,132,2939,2816,438,1067,2643,4047,39,1132,1770,183,205,422,2154,107402
ACSSF,2012e1,co,000,0010,0000041,,,,,,,,,,,,,,,,,,,,,,,,,,,,,,,,,,,,,,,,,,,,,,,,,,,,,,,,,,,,,,,,,,,,,,,,,,,,,,,,,,,,,,,,,,,,,,,,,,,,,,,,,,,,,216295,14361,2269,733,395,617,839,6343,3093,647,234,13317,114,181,7127,3233,287,2045,1289,198,1944,761,1045,240,11923,2233,153,749,433,135,139357
ACSSF,2012e1,co,000,0010,0000042,,,,,,,,,,,,,,,,,,,,,,,,,,,,,,,,,,,,,,,,,,,,,,,,,,,,,,,,,,,,,,,,,,,,,,,,,,,,,,,,,,,,,,,,,,,,,,,,,,,,,,,,,,,,,396239,15597,565,1502,1239,1405,1834,10943,9685,2075,875,26582,1765,534,16415,7357,297,3874,4340,262,2953,2012,4220,464,11836,3212,586,826,899,1349,260736
ACSSF,2012e1,co,000,0010,0000043,,,,,,,,,,,,,,,,,,,,,,,,,,,,,,,,,,,,,,,,,,,,,,,,,,,,,,,,,,,,,,,,,,,,,,,,,,,,,,,,,,,,,,,,,,,,,,,,,,,,,,,,,,,,,68065,5225,599,1277,284,353,1420,4062,6446,643,272,10303,400,140,4010,2496,70,1154,1373,258,166,675,1196,0,145,929,152,176,189,74,23578
ACSSF,2012e1,co,000,0010,0000044,,,,,,,,,,,,,,,,,,,,,,,,,,,,,,,,,,,,,,,,,,,,,,,,,,,,,,,,,,,,,,,,,,,,,,,,,,,,,,,,,,,,,,,,,,,,,,,,,,,,,,,,,,,,,,,,,,,,,,,,,,,,,,,,,,,,,,,,,,,
ACSSF,2012e1,co,000,0010,0000045,,,,,,,,,,,,,,,,,,,,,,,,,,,,,,,,,,,,,,,,,,,,,,,,,,,,,,,,,,,,,,,,,,,,,,,,,,,,,,,,,,,,,,,,,,,,,,,,,,,,,,,,,,,,,50787,2386,94,43,55,0,131,2527,816,201,0,8435,133,29,2366,1081,0,763,217,62,43,174,396,48,1027,832,86,0,263,0,28579
ACSSF,2012e1,co,000,0010,0000046,,,,,,,,,,,,,,,,,,,,,,,,,,,,,,,,,,,,,,,,,,,,,,,,,,,,,,,,,,,,,,,,,,,,,,,,,,,,,,,,,,,,,,,,,,,,,,,,,,,,,,,,,,,,,,,,,,,,,,,,,,,,,,,,,,,,,,,,,,,
ACSSF,2012e1,co,000,0010,0000047,,,,,,,,,,,,,,,,,,,,,,,,,,,,,,,,,,,,,,,,,,,,,,,,,,,,,,,,,,,,,,,,,,,,,,,,,,,,,,,,,,,,,,,,,,,,,,,,,,,,,,,,,,,,,456258,20403,965,1985,1700,1597,2499,14255,12038,2360,1426,37003,1925,824,20720,8938,342,4667,5619,418,3351,2866,4691,521,12147,3998,670,826,1092,1349,285063
ACSSF,2012e1,co,000,0010,0000048,,,,,,,,,,,,,,,,,,,,,,,,,,,,,,,,,,,,,,,,,,,,,,,,,,,,,,,,,,,,,,,,,,,,,,,,,,,,,,,,,,,,,,,,,,,,,,,,,,,,,,,,,,,,,358173,34904,1079,3850,1978,2273,4231,26616,17115,3954,1777,61818,1125,975,23068,14387,448,6471,7678,625,3336,5211,6937,522,505,5380,942,675,1871,254,118168
ACSSF,2012e1,co,000,0010,0000049,,,,,,,,,,,,,,,,,,,,,,,,,,,,,,,,,,,,,,,,,,,,,,,,,,,,,,,,,,,,,,,,,,,,,,,,,,,,,,,,,,,,,,,,,,,,,,,,,,,,,,,,,,,,,391871,39258,623,1488,720,2102,2225,27482,7079,3686,1718,46994,695,975,21539,12237,675,4611,4681,233,862,6732,4884,294,702,3379,924,295,2048,0,192730
ACSSF,2012e1,co,000,0010,0000050,,,,,,,,,,,,,,,,,,,,,,,,,,,,,,,,,,,,,,,,,,,,,,,,,,,,,,,,,,,,,,,,,,,,,,,,,,,,,,,,,,,,,,,,,,,,,,,,,,,,,,,,,,,,,375601,31716,1338,1081,1129,1339,3585,21875,8785,2339,1869,70488,634,1076,18914,9935,106,5739,4201,146,1216,1680,4469,333,2481,4932,411,425,1693,197,171469
ACSSF,2012e1,co,000,0010,0000051,,,,,,,,,,,,,,,,,,,,,,,,,,,,,,,,,,,,,,,,,,,,,,,,,,,,,,,,,,,,,,,,,,,,,,,,,,,,,,,,,,,,,,,,,,,,,,,,,,,,,,,,,,,,,376664,33951,2080,1918,819,1673,3904,23931,11048,4315,1461,50007,565,1312,25842,11818,235,5106,4563,888,2089,3887,6175,216,1604,5094,535,652,973,2500,167503
ACSSF,2012e1,co,000,0010,0000052,448423,1474,224,0,39257,3395,47,75,0,246,375,342,0,233,2077,350,0,164,530,69,416,344,2217,61,69,944,0,77,509,75,1168,286,1450,2853,1423,19764,0,12679,955,2261,802,38006,68,1483,0,702,0,297,21331,268,10173,103,533,0,0,0,158,1162,5866,71,5086,542,441,6177,1918,2674,4328,212,778,383,87,0,16990,0,5224,774,242,0,2275,0,0,2163,560,362,228,0,5041,121,5247,711,372,1220,1492,249,0,0,0,0,48,0,149,52,0,0,0,0,338,225141,448423,39257,3395,2217,1168,1450,2853,19764,12679,2261,802,38006,1483,702,21331,10173,533,5866,5086,542,6177,2674,4328,383,16990,5247,711,1220,1492,249,239384
ACSSF,2012e1,co,000,0010,0000053,,,,,,,,,,,,,,,,,,,,,,,,,,,,,,,,,,,,,,,,,,,,,,,,,,,,,,,,,,,,,,,,,,,,,,,,,,,,,,,,,,,,,,,,,,,,,,,,,,,,,,,,,,,,,417504,36270,1860,2001,1601,1380,2229,19005,8432,2718,1257,46432,527,743,19912,15956,284,4537,6377,377,1652,3271,3679,421,1144,4236,546,587,820,121,229129
ACSSF,2012e1,co,000,0010,0000054,,,,,,,,,,,,,,,,,,,,,,,,,,,,,,,,,,,,,,,,,,,,,,,,,,,,,,,,,,,,,,,,,,,,,,,,,,,,,,,,,,,,,,,,,,,,,,,,,,,,,,,,,,,,,58404,3961,0,117,295,411,171,2447,261,464,53,16038,42,0,2315,760,14,634,283,55,0,432,761,23,718,617,41,15,85,0,27391
ACSSF,2012e1,co,000,0010,0000055,,,,,,,,,,,,,,,,,,,,,,,,,,,,,,,,,,,,,,,,,,,,,,,,,,,,,,,,,,,,,,,,,,,,,,,,,,,,,,,,,,,,,,,,,,,,,,,,,,,,,,,,,,,,,49005,4946,0,138,120,313,830,4355,2683,627,206,12550,151,46,3185,1628,48,952,764,141,100,1021,1240,0,91,1148,193,56,245,0,11228
ACSSF,2012e1,co,000,0010,0000056,,,,,,,,,,,,,,,,,,,,,,,,,,,,,,,,,,,,,,,,,,,,,,,,,,,,,,,,,,,,,,,,,,,,,,,,,,,,,,,,,,,,,,,,,,,,,,,,,,,,,,,,,,,,,90575,7513,599,1560,394,442,1591,5442,6508,1045,353,16409,487,218,5128,3476,70,1590,1520,258,211,1121,1583,0,145,1045,193,176,513,74,30911
ACSSF,2012e1,co,000,0010,0000057,,,,,,,,,,,,,,,,,,,,,,,,,,,,,,,,,,,,,,,,,,,,,,,,,,,,,,,,,,,,,,,,,,,,,,,,,,,,,,,,,,,,,,,,,,,,,,,,,,,,,,,,,,,,,56498,6056,0,137,129,233,130,6363,927,722,646,7681,129,129,3435,1347,58,538,644,0,238,922,712,0,33,598,183,57,84,0,24367
ACSSF,2012e1,co,000,0010,0000058,,,,,,,,,,,,,,,,,,,,,,,,,,,,,,,,,,,,,,,,,,,,,,,,,,,,,,,,,,,,,,,,,,,,,,,,,,,,,,,,,,,,,,,,,,,,,,,,,,,,,,,,,,,,,93496,5748,118,43,193,75,268,4264,1532,396,524,19381,133,73,3697,2106,0,1631,873,62,71,264,803,48,1027,1199,121,0,562,0,48284
ACSSF,2012e1,co,000,0010,0000059,,,,,,,,,,,,,,,,,,,,,,,,,,,,,,,,,,,,,,,,,,,,,,,,,,,,,,,,,,,,,,,,,,,,,,,,,,,,,,,,,,,,,,,,,,,,,,,,,,,,,,,,,,,,,54363,2307,37,330,225,254,729,2543,3435,613,185,7014,251,395,3877,3469,539,1208,1273,57,107,1140,652,130,32,669,298,5,319,0,22270
ACSSF,2012e1,co,000,0010,0000060,,,,,,,,,,,,,,,,,,,,,,,,,,,,,,,,,,,,,,,,,,,,,,,,,,,,,,,,,,,,,,,,,,,,,,,,,,,,,,,,,,,,,,,,,,,,,,,,,,,,,,,,,,,,,56862,3789,666,266,198,285,408,4846,1209,649,326,9841,0,48,5284,3187,0,735,631,352,0,595,807,0,0,960,231,78,154,0,21317
ACSSF,2012e1,co,000,0010,0000061,,,,,,,,,,,,,,,,,,,,,,,,,,,,,,,,,,,,,,,,,,,,,,,,,,,,,,,,,,,,,,,,,,,,,,,,,,,,,,,,,,,,,,,,,,,,,,,,,,,,,,,,,,,,,90573,5424,0,232,162,72,251,4099,333,445,91,8059,146,112,3715,3850,120,619,632,0,331,448,753,74,225,333,0,0,143,0,59904
ACSSF,2012e1,co,000,0010,0000062,,,,,,,,,,,,,,,,,,,,,,,,,,,,,,,,,,,,,,,,,,,,,,,,,,,,,,,,,,,,,,,,,,,,,,,,,,,,,,,,,,,,,,,,,,,,,,,,,,,,,,,,,,,,,,,,,,,,,,,,,,,,,,,,,,,,,,,,,,,
ACSSF,2012e1,co,000,0010,0000063,,,,,,,,,,,,,,,,,,,,,,,,,,,,,,,,,,,,,,,,,,,,,,,,,,,,,,,,,,,,,,,,,,,,,,,,,,,,,,,,,,,,,,,,,,,,,,,,,,,,,,,,,,,,,53869,7247,61,724,162,78,268,5850,1955,705,302,9189,117,375,4505,1954,0,1183,2857,113,1177,1102,1376,101,0,907,190,78,449,0,10844
ACSSF,2012e1,co,000,0010,0000064,,,,,,,,,,,,,,,,,,,,,,,,,,,,,,,,,,,,,,,,,,,,,,,,,,,,,,,,,,,,,,,,,,,,,,,,,,,,,,,,,,,,,,,,,,,,,,,,,,,,,,,,,,,,,83038,8790,37,442,308,718,758,6127,2679,792,635,11498,311,433,3305,3384,49,760,1066,0,550,871,1310,149,718,1075,23,227,310,106,35607
ACSSF,2012e1,co,000,0010,0000065,,,,,,,,,,,,,,,,,,,,,,,,,,,,,,,,,,,,,,,,,,,,,,,,,,,,,,,,,,,,,,,,,,,,,,,,,,,,,,,,,,,,,,,,,,,,,,,,,,,,,,,,,,,,,61585,7271,334,851,486,707,688,3043,2204,528,386,8790,110,70,3401,1832,182,1064,2043,56,1296,397,1045,150,183,580,249,148,0,133,23358
ACSSF,2012e1,co,000,0010,0000066,,,,,,,,,,,,,,,,,,,,,,,,,,,,,,,,,,,,,,,,,,,,,,,,,,,,,,,,,,,,,,,,,,,,,,,,,,,,,,,,,,,,,,,,,,,,,,,,,,,,,,,,,,,,,77369,6540,57,647,642,178,489,5359,3296,773,478,10533,0,301,5775,3086,133,1469,965,47,469,794,580,157,0,1318,114,163,220,47,32739
ACSSF,2012e1,co,000,0010,0000067,,,,,,,,,,,,,,,,,,,,,,,,,,,,,,,,,,,,,,,,,,,,,,,,,,,,,,,,,,,,,,,,,,,,,,,,,,,,,,,,,,,,,,,,,,,,,,,,,,,,,,,,,,,,,69185,7348,371,116,196,223,184,2667,1864,384,217,6829,226,178,3007,2532,50,744,876,0,327,807,469,76,146,670,243,79,291,0,38065
ACSSF,2012e1,co,000,0010,0000068,,,,,,,,,,,,,,,,,,,,,,,,,,,,,,,,,,,,,,,,,,,,,,,,,,,,,,,,,,,,,,,,,,,,,,,,,,,,,,,,,,,,,,,,,,,,,,,,,,,,,,,,,,,,,86961,12754,491,310,110,44,387,1986,1202,247,334,7448,0,0,2564,2415,0,702,344,0,653,360,721,0,218,217,107,0,194,49,53104
ACSSF,2012e1,co,000,0010,0000069,,,,,,,,,,,,,,,,,,,,,,,,,,,,,,,,,,,,,,,,,,,,,,,,,,,,,,,,,,,,,,,,,,,,,,,,,,,,,,,,,,,,,,,,,,,,,,,,,,,,,,,,,,,,,111933,13897,0,80,117,155,185,1826,1058,321,155,7082,405,10,3312,2089,0,772,889,73,44,251,750,69,413,656,0,2,21,0,77301
ACSSF,2012e1,co,000,0010,0000070,,,,,,,,,,,,,,,,,,,,,,,,,,,,,,,,,,,,,,,,,,,,,,,,,,,,,,,,,,,,,,,,,,,,,,,,,,,,,,,,,,,,,,,,,,,,,,,,,,,,,,,,,,,,,60512,3296,217,624,119,327,467,2453,1745,453,138,5742,222,102,2770,1769,0,613,1159,168,869,421,645,33,3499,370,125,265,264,48,31589
ACSSF,2012e1,co,000,0010,0000071,,,,,,,,,,,,,,,,,,,,,,,,,,,,,,,,,,,,,,,,,,,,,,,,,,,,,,,,,,,,,,,,,,,,,,,,,,,,,,,,,,,,,,,,,,,,,,,,,,,,,,,,,,,,,71777,5409,1390,22,0,321,195,1749,1088,328,100,4463,0,82,2006,1230,25,911,374,115,465,444,369,80,5081,897,30,566,217,35,43785
ACSSF,2012e1,co,000,0010,0000072,,,,,,,,,,,,,,,,,,,,,,,,,,,,,,,,,,,,,,,,,,,,,,,,,,,,,,,,,,,,,,,,,,,,,,,,,,,,,,,,,,,,,,,,,,,,,,,,,,,,,,,,,,,,,87422,3384,621,121,289,0,143,2033,1007,202,66,3396,35,99,1885,825,156,418,96,0,684,198,403,160,3739,412,82,123,38,0,66807
ACSSF,2012e1,co,000,0010,0000073,,,,,,,,,,,,,,,,,,,,,,,,,,,,,,,,,,,,,,,,,,,,,,,,,,,,,,,,,,,,,,,,,,,,,,,,,,,,,,,,,,,,,,,,,,,,,,,,,,,,,,,,,,,,,60328,5185,92,634,190,174,922,4649,4651,542,128,6087,546,174,5207,2253,125,1147,1613,0,2595,420,844,0,276,1285,383,176,597,0,19433
ACSSF,2012e1,co,000,0010,0000074,,,,,,,,,,,,,,,,,,,,,,,,,,,,,,,,,,,,,,,,,,,,,,,,,,,,,,,,,,,,,,,,,,,,,,,,,,,,,,,,,,,,,,,,,,,,,,,,,,,,,,,,,,,,,116137,2726,35,487,394,97,312,1598,2374,278,0,3859,300,95,4299,956,0,345,360,0,343,358,881,0,3493,368,206,195,175,923,90680
ACSSF,2012e1,co,000,0010,0000075,,,,,,,,,,,,,,,,,,,,,,,,,,,,,,,,,,,,,,,,,,,,,,,,,,,,,,,,,,,,,,,,,,,,,,,,,,,,,,,,,,,,,,,,,,,,,,,,,,,,,,,,,,,,,57328,1451,201,207,202,354,154,1134,879,258,26,4261,95,0,2398,2274,184,544,612,125,206,271,899,65,2201,668,83,0,114,55,37407
ACSSF,2012e1,co,000,0010,0000076,,,,,,,,,,,,,,,,,,,,,,,,,,,,,,,,,,,,,,,,,,,,,,,,,,,,,,,,,,,,,,,,,,,,,,,,,,,,,,,,,,,,,,,,,,,,,,,,,,,,,,,,,,,,,51229,3749,141,522,511,781,715,2904,3189,379,238,7080,508,165,4822,682,81,674,1751,67,536,600,1147,399,289,765,138,188,237,106,17865
ACSSF,2012e1,co,000,0010,0000077,,,,,,,,,,,,,,,,,,,,,,,,,,,,,,,,,,,,,,,,,,,,,,,,,,,,,,,,,,,,,,,,,,,,,,,,,,,,,,,,,,,,,,,,,,,,,,,,,,,,,,,,,,,,,98770,4873,901,286,160,0,629,4731,2981,969,275,8232,834,355,4303,2850,32,1800,1333,70,1793,806,926,0,9332,1001,103,408,269,379,48139
ACSSF,2012e1,co,000,0010,0000078,,,,,,,,,,,,,,,,,,,,,,,,,,,,,,,,,,,,,,,,,,,,,,,,,,,,,,,,,,,,,,,,,,,,,,,,,,,,,,,,,,,,,,,,,,,,,,,,,,,,,,,,,,,,,,,,,,,,,,,,,,,,,,,,,,,,,,,,,,,
ACSSF,2012e1,co,000,0010,0000079,,,,,,,,,,,,,,,,,,,,,,,,,,,,,,,,,,,,,,,,,,,,,,,,,,,,,,,,,,,,,,,,,,,,,,,,,,,,,,,,,,,,,,,,,,,,,,,,,,,,,,,,,,,,,53720,3887,40,253,616,147,822,4776,1082,595,229,7909,45,137,3668,3809,120,845,936,0,620,639,538,18,10,1001,117,443,96,0,20322
ACSSF,2012e1,co,000,0010,0000080,,,,,,,,,,,,,,,,,,,,,,,,,,,,,,,,,,,,,,,,,,,,,,,,,,,,,,,,,,,,,,,,,,,,,,,,,,,,,,,,,,,,,,,,,,,,,,,,,,,,,,,,,,,,,60010,3047,169,590,218,228,269,4175,983,473,118,8610,155,116,4262,1992,71,466,837,257,200,724,771,195,69,901,0,0,112,0,30002
ACSSF,2012e1,co,000,0010,0000081,,,,,,,,,,,,,,,,,,,,,,,,,,,,,,,,,,,,,,,,,,,,,,,,,,,,,,,,,,,,,,,,,,,,,,,,,,,,,,,,,,,,,,,,,,,,,,,,,,,,,,,,,,,,,73527,5170,766,468,290,856,352,4565,2992,649,619,10464,133,236,3535,3400,43,1045,1264,122,381,541,1151,132,288,1192,82,44,407,72,32268
ACSSF,2012e1,co,000,0010,0000082,,,,,,,,,,,,,,,,,,,,,,,,,,,,,,,,,,,,,,,,,,,,,,,,,,,,,,,,,,,,,,,,,,,,,,,,,,,,,,,,,,,,,,,,,,,,,,,,,,,,,,,,,,,,,53066,4156,376,364,339,112,597,3292,1665,392,165,9762,160,342,3981,1402,40,1045,798,34,458,539,446,57,68,954,84,0,85,0,21353
ACSSF,2012e1,co,000,0010,0000083,,,,,,,,,,,,,,,,,,,,,,,,,,,,,,,,,,,,,,,,,,,,,,,,,,,,,,,,,,,,,,,,,,,,,,,,,,,,,,,,,,,,,,,,,,,,,,,,,,,,,,,,,,,,,59492,6625,159,476,378,301,608,4343,1863,176,149,8609,169,42,4750,2951,85,1373,1386,176,501,880,338,41,515,931,29,22,220,91,21305
ACSSF,2012e1,co,000,0010,0000084,,,,,,,,,,,,,,,,,,,,,,,,,,,,,,,,,,,,,,,,,,,,,,,,,,,,,,,,,,,,,,,,,,,,,,,,,,,,,,,,,,,,,,,,,,,,,,,,,,,,,,,,,,,,,54736,4787,801,574,135,218,502,3911,1958,209,293,9977,28,56,3499,1351,20,1179,1045,0,82,449,733,94,0,390,71,161,294,0,21919
ACSSF,2012e1,co,000,0010,0000085,,,,,,,,,,,,,,,,,,,,,,,,,,,,,,,,,,,,,,,,,,,,,,,,,,,,,,,,,,,,,,,,,,,,,,,,,,,,,,,,,,,,,,,,,,,,,,,,,,,,,,,,,,,,,51872,4924,425,45,135,100,1339,4570,2288,524,377,9333,253,492,3657,1393,23,863,1056,29,120,293,1198,0,0,1130,113,95,406,0,16691
ACSSF,2012e1,co,000,0010,0000086,,,,,,,,,,,,,,,,,,,,,,,,,,,,,,,,,,,,,,,,,,,,,,,,,,,,,,,,,,,,,,,,,,,,,,,,,,,,,,,,,,,,,,,,,,,,,,,,,,,,,,,,,,,,,61272,7384,149,206,245,332,337,2745,973,253,137,7181,106,0,3466,536,106,828,548,83,554,0,721,105,639,995,0,0,141,52,32450
ACSSF,2012e1,co,000,0010,0000087,,,,,,,,,,,,,,,,,,,,,,,,,,,,,,,,,,,,,,,,,,,,,,,,,,,,,,,,,,,,,,,,,,,,,,,,,,,,,,,,,,,,,,,,,,,,,,,,,,,,,,,,,,,,,53672,8497,0,437,119,221,405,4045,1379,505,162,5676,114,92,4142,848,14,1116,494,105,89,428,1039,0,324,548,201,23,480,0,22169
ACSSF,2012e1,co,000,0010,0000088,,,,,,,,,,,,,,,,,,,,,,,,,,,,,,,,,,,,,,,,,,,,,,,,,,,,,,,,,,,,,,,,,,,,,,,,,,,,,,,,,,,,,,,,,,,,,,,,,,,,,,,,,,,,,65882,7938,0,257,180,234,540,4739,968,1016,485,9774,0,312,2895,2451,0,1041,967,63,65,2842,1066,118,66,747,0,139,916,0,26063
ACSSF,2012e1,co,000,0010,0000089,,,,,,,,,,,,,,,,,,,,,,,,,,,,,,,,,,,,,,,,,,,,,,,,,,,,,,,,,,,,,,,,,,,,,,,,,,,,,,,,,,,,,,,,,,,,,,,,,,,,,,,,,,,,,50079,6862,0,105,83,408,452,5214,549,428,125,9077,150,0,2282,1169,0,424,426,37,87,1069,954,0,30,525,148,71,288,0,19116
ACSSF,2012e1,co,000,0010,0000090,,,,,,,,,,,,,,,,,,,,,,,,,,,,,,,,,,,,,,,,,,,,,,,,,,,,,,,,,,,,,,,,,,,,,,,,,,,,,,,,,,,,,,,,,,,,,,,,,,,,,,,,,,,,,,,,,,,,,,,,,,,,,,,,,,,,,,,,,,,
ACSSF,2012e1,co,000,0010,0000091,,,,,,,,,,,,,,,,,,,,,,,,,,,,,,,,,,,,,,,,,,,,,,,,,,,,,,,,,,,,,,,,,,,,,,,,,,,,,,,,,,,,,,,,,,,,,,,,,,,,,,,,,,,,,62885,5146,381,551,51,603,413,3188,2251,897,206,8142,320,152,4372,1744,0,769,1112,0,334,943,1624,0,154,649,86,0,119,1618,27060
ACSSF,2012e1,co,000,0010,0000092,,,,,,,,,,,,,,,,,,,,,,,,,,,,,,,,,,,,,,,,,,,,,,,,,,,,,,,,,,,,,,,,,,,,,,,,,,,,,,,,,,,,,,,,,,,,,,,,,,,,,,,,,,,,,45568,5017,497,174,104,117,412,2476,1397,640,66,6854,45,126,4469,1838,132,633,586,77,112,633,581,0,83,203,97,79,116,0,18004
ACSSF,2012e1,co,000,0010,0000093,,,,,,,,,,,,,,,,,,,,,,,,,,,,,,,,,,,,,,,,,,,,,,,,,,,,,,,,,,,,,,,,,,,,,,,,,,,,,,,,,,,,,,,,,,,,,,,,,,,,,,,,,,,,,47492,4707,121,236,119,79,846,2457,1205,396,148,6381,66,217,2427,2036,0,740,659,256,471,400,990,0,594,510,0,437,67,103,20824
ACSSF,2012e1,co,000,0010,0000094,,,,,,,,,,,,,,,,,,,,,,,,,,,,,,,,,,,,,,,,,,,,,,,,,,,,,,,,,,,,,,,,,,,,,,,,,,,,,,,,,,,,,,,,,,,,,,,,,,,,,,,,,,,,,,,,,,,,,,,,,,,,,,,,,,,,,,,,,,,
ACSSF,2012e1,co,000,0010,0000095,,,,,,,,,,,,,,,,,,,,,,,,,,,,,,,,,,,,,,,,,,,,,,,,,,,,,,,,,,,,,,,,,,,,,,,,,,,,,,,,,,,,,,,,,,,,,,,,,,,,,,,,,,,,,51664,6165,584,437,80,201,664,3950,3309,537,122,7161,79,702,3132,951,0,464,935,192,1112,825,1869,89,377,484,69,0,306,92,16776
ACSSF,2012e1,co,000,0010,0000096,,,,,,,,,,,,,,,,,,,,,,,,,,,,,,,,,,,,,,,,,,,,,,,,,,,,,,,,,,,,,,,,,,,,,,,,,,,,,,,,,,,,,,,,,,,,,,,,,,,,,,,,,,,,,50014,4770,584,418,131,420,245,3675,3488,246,43,7661,11,43,2818,926,62,427,1223,192,250,1012,1435,39,301,626,27,0,229,92,18620
ACSSF,2012e1,co,000,0010,0000097,,,,,,,,,,,,,,,,,,,,,,,,,,,,,,,,,,,,,,,,,,,,,,,,,,,,,,,,,,,,,,,,,,,,,,,,,,,,,,,,,,,,,,,,,,,,,,,,,,,,,,,,,,,,,144172,7687,644,22,39,444,330,2698,1778,487,75,7062,73,111,3927,1420,0,1192,433,74,323,430,572,214,8241,1159,48,652,217,87,103733
ACSSF,2012e1,co,000,0010,0000098,,,,,,,,,,,,,,,,,,,,,,,,,,,,,,,,,,,,,,,,,,,,,,,,,,,,,,,,,,,,,,,,,,,,,,,,,,,,,,,,,,,,,,,,,,,,,,,,,,,,,,,,,,,,,114693,13348,355,1231,809,843,927,8251,4598,1385,541,14344,227,334,7276,2902,274,2007,2676,56,1904,1368,1531,236,183,1420,284,365,373,133,44512
ACSSF,2012e1,co,000,0010,0000099,,,,,,,,,,,,,,,,,,,,,,,,,,,,,,,,,,,,,,,,,,,,,,,,,,,,,,,,,,,,,,,,,,,,,,,,,,,,,,,,,,,,,,,,,,,,,,,,,,,,,,,,,,,,,,,,,,,,,,,,,,,,,,,,,,,,,,,,,,,
ACSSF,2012e1,co,000,0010,0000100,,,,,,,,,,,,,,,,,,,,,,,,,,,,,,,,,,,,,,,,,,,,,,,,,,,,,,,,,,,,,,,,,,,,,,,,,,,,,,,,,,,,,,,,,,,,,,,,,,,,,,,,,,,,,170447,11760,2528,1326,588,590,1310,8777,5468,940,229,14073,449,463,8910,4467,412,2004,2709,292,4995,1035,2130,59,8477,2248,466,474,889,162,82217
ACSSF,2012e1,co,000,0010,0000101,,,,,,,,,,,,,,,,,,,,,,,,,,,,,,,,,,,,,,,,,,,,,,,,,,,,,,,,,,,,,,,,,,,,,,,,,,,,,,,,,,,,,,,,,,,,,,,,,,,,,,,,,,,,,111796,11402,721,578,178,435,993,4828,2935,1108,254,15109,228,235,8150,3388,132,1607,1426,204,255,913,2149,0,121,933,97,205,197,91,52924
ACSSF,2012e1,co,000,0010,0000102,,,,,,,,,,,,,,,,,,,,,,,,,,,,,,,,,,,,,,,,,,,,,,,,,,,,,,,,,,,,,,,,,,,,,,,,,,,,,,,,,,,,,,,,,,,,,,,,,,,,,,,,,,,,,396239,15597,565,1502,1239,1405,1834,10943,9685,2075,875,26582,1765,534,16415,7357,297,3874,4340,262,2953,2012,4220,464,11836,3212,586,826,899,1349,260736
ACSSF,2012e1,co,000,0010,0000103,,,,,,,,,,,,,,,,,,,,,,,,,,,,,,,,,,,,,,,,,,,,,,,,,,,,,,,,,,,,,,,,,,,,,,,,,,,,,,,,,,,,,,,,,,,,,,,,,,,,,,,,,,,,,144798,13945,1300,980,499,479,2176,10905,5185,883,732,22730,440,590,10110,5115,83,3345,3094,205,654,1501,2019,135,263,2237,213,278,667,91,53944
ACSSF,2012e1,co,000,0010,0000104,,,,,,,,,,,,,,,,,,,,,,,,,,,,,,,,,,,,,,,,,,,,,,,,,,,,,,,,,,,,,,,,,,,,,,,,,,,,,,,,,,,,,,,,,,,,,,,,,,,,,,,,,,,,,,,,,,,,,,,,,,,,,,,,,,,,,,,,,,,
ACSSF,2012e1,co,000,0010,0000105,,,,,,,,,,,,,,,,,,,,,,,,,,,,,,,,,,,,,,,,,,,,,,,,,,,,,,,,,,,,,,,,,,,,,,,,,,,,,,,,,,,,,,,,,,,,,,,,,,,,,,,,,,,,,91178,7324,599,1472,472,594,1591,5407,6379,1045,353,17037,487,218,5165,3476,70,1663,1520,258,211,1069,1667,0,236,1001,193,176,513,74,30908
ACSSF,2012e1,co,000,0010,0000106,,,,,,,,,,,,,,,,,,,,,,,,,,,,,,,,,,,,,,,,,,,,,,,,,,,,,,,,,,,,,,,,,,,,,,,,,,,,,,,,,,,,,,,,,,,,,,,,,,,,,,,,,,,,,72103,9363,0,257,180,333,879,5070,968,1103,485,10960,0,312,3120,2777,0,1094,1014,63,65,3262,1181,118,66,774,73,145,916,0,27525
ACSSF,2012e1,co,000,0010,0000107,,,,,,,,,,,,,,,,,,,,,,,,,,,,,,,,,,,,,,,,,,,,,,,,,,,,,,,,,,,,,,,,,,,,,,,,,,,,,,,,,,,,,,,,,,,,,,,,,,,,,,,,,,,,,64724,3496,94,43,55,0,164,2559,969,238,25,11190,133,73,2410,1317,0,787,605,62,43,174,508,48,866,862,121,0,389,0,37493
ACSSF,2012e1,co,000,0010,0000108,,,,,,,,,,,,,,,,,,,,,,,,,,,,,,,,,,,,,,,,,,,,,,,,,,,,,,,,,,,,,,,,,,,,,,,,,,,,,,,,,,,,,,,,,,,,,,,,,,,,,,,,,,,,,,,,,,,,,,,,,,,,,,,,,,,,,,,,,,,
ACSSF,2012e1,co,000,0010,0000109,,,,,,,,,,,,,,,,,,,,,,,,,,,,,,,,,,,,,,,,,,,,,,,,,,,,,,,,,,,,,,,,,,,,,,,,,,,,,,,,,,,,,,,,,,,,,,,,,,,,,,,,,,,,,274375,20232,1075,2440,1873,1387,2016,19938,8236,2429,1506,42842,488,1067,18913,12897,279,3905,6881,539,2540,3125,3687,387,642,4497,556,584,897,72,108445
ACSSF,2012e1,co,000,0010,0000110,,,,,,,,,,,,,,,,,,,,,,,,,,,,,,,,,,,,,,,,,,,,,,,,,,,,,,,,,,,,,,,,,,,,,,,,,,,,,,,,,,,,,,,,,,,,,,,,,,,,,,,,,,,,,45914,4750,382,371,276,121,708,3829,3089,420,242,6602,387,86,4236,1614,40,1298,1137,0,157,294,565,57,9,694,168,72,117,0,14193
ACSSF,2012e1,co,000,0010,0000111,,,,,,,,,,,,,,,,,,,,,,,,,,,,,,,,,,,,,,,,,,,,,,,,,,,,,,,,,,,,,,,,,,,,,,,,,,,,,,,,,,,,,,,,,,,,,,,,,,,,,,,,,,,,,81213,8767,73,443,226,718,471,4849,3003,761,635,11205,311,433,3547,3488,49,786,782,0,590,617,1288,63,718,1075,41,154,355,106,35659
ACSSF,2012e1,co,000,0010,0000112,,,,,,,,,,,,,,,,,,,,,,,,,,,,,,,,,,,,,,,,,,,,,,,,,,,,,,,,,,,,,,,,,,,,,,,,,,,,,,,,,,,,,,,,,,,,,,,,,,,,,,,,,,,,,43887,4752,0,226,42,161,830,3632,2487,510,206,10869,0,46,2894,1628,48,737,542,141,100,853,1068,0,0,1067,120,0,200,0,10728
ACSSF,2012e1,co,000,0010,0000113,,,,,,,,,,,,,,,,,,,,,,,,,,,,,,,,,,,,,,,,,,,,,,,,,,,,,,,,,,,,,,,,,,,,,,,,,,,,,,,,,,,,,,,,,,,,,,,,,,,,,,,,,,,,,68151,3207,0,66,87,72,206,2399,207,363,50,3903,48,105,2594,1970,120,453,438,0,331,324,323,74,147,269,0,0,110,0,50285
ACSSF,2012e1,co,000,0010,0000114,,,,,,,,,,,,,,,,,,,,,,,,,,,,,,,,,,,,,,,,,,,,,,,,,,,,,,,,,,,,,,,,,,,,,,,,,,,,,,,,,,,,,,,,,,,,,,,,,,,,,,,,,,,,,132623,19352,781,598,472,222,571,3986,2612,384,618,13283,153,37,4385,4052,41,1454,1064,0,925,1159,1075,233,232,1023,166,79,489,96,73081
ACSSF,2012e1,co,000,0010,0000115,,,,,,,,,,,,,,,,,,,,,,,,,,,,,,,,,,,,,,,,,,,,,,,,,,,,,,,,,,,,,,,,,,,,,,,,,,,,,,,,,,,,,,,,,,,,,,,,,,,,,,,,,,,,,,,,,,,,,,,,,,,,,,,,,,,,,,,,,,,
