ACSSF,2012e1,co,000,0008,0000001,5187582,0,199,118,37022,4498,401,64,68,1916,71,107,1064,460,347,877,0,1026,8487,455,2471,921,9094,311,830,4436,0,610,2166,0,15539,1963,19406,42304,2360,188557,271,15096,4255,76414,8573,330065,90,5044,0,7955,183,369,258376,229,75378,364,5690,353,112,0,116,1163,44863,794,51131,3342,1625,19475,6488,18242,50260,798,1331,2782,1741,0,3365,0,227,392,0,0,46,0,0,60,30,0,35,0,2535,40,48879,10446,469,3690,24436,3627,332,0,129,28,0,1204,183,1055,253,0,443,0,2136,289332,3464584,5187582,37022,4498,9094,15539,19406,42304,188557,15096,76414,8573,330065,5044,7955,258376,75378,5690,44863,51131,3342,19475,18242,50260,2782,3365,48879,10446,3690,24436,3627,339449,3464584
ACSSF,2012e1,co,000,0008,0000002,4480934,0,199,0,33551,3696,401,64,0,1618,71,107,660,460,315,709,0,889,7074,455,1722,921,8168,52,468,3645,0,441,1819,0,13998,1645,16400,35775,2167,156072,271,12725,4019,66823,7326,282314,90,4353,0,6415,159,333,218645,229,65481,364,5131,353,112,0,116,1115,38143,589,44572,2910,1428,17064,5570,14941,42327,696,911,2493,1554,0,3365,0,227,392,0,0,46,0,0,60,30,0,35,0,2535,40,42528,8898,167,3531,20653,3396,332,0,129,28,0,1009,183,1055,217,0,443,0,1773,258797,2998388,4480934,33551,3696,8168,13998,16400,35775,156072,12725,66823,7326,282314,4353,6415,218645,65481,5131,38143,44572,2910,17064,14941,42327,2493,3365,42528,8898,3531,20653,3396,300852,2998388
ACSSF,2012e1,co,000,0008,0000003,,,,,,,,,,,,,,,,,,,,,,,,,,,,,,,,,,,,,,,,,,,,,,,,,,,,,,,,,,,,,,,,,,,,,,,,,,,,,,,,,,,,,,,,,,,,,,,,,,,,,,,,,,,,,,706648,3471,802,926,1541,3006,6529,32485,2371,9591,1247,47751,691,1540,39731,9897,559,6720,6559,432,2411,3301,7933,289,0,6351,1548,159,3783,231,38597,466196
ACSSF,2012e1,co,000,0008,0000004,4780840,0,199,118,35073,3939,401,64,0,1512,71,107,977,460,347,764,0,1026,7946,455,2220,921,8554,311,683,3944,0,566,2041,0,14272,1827,18598,38835,2284,175502,271,13833,4127,72024,8317,306703,90,4790,0,7469,159,333,239381,229,70552,364,5149,353,112,0,116,1081,42752,702,48449,3177,1430,18096,6266,16149,46429,798,1165,2782,1623,0,3365,0,227,392,0,0,46,0,0,60,30,0,35,0,2535,40,44662,10014,469,3690,22152,3396,332,0,129,28,0,1009,183,1055,217,0,443,0,2116,267334,3178293,4780840,35073,3939,8554,14272,18598,38835,175502,13833,72024,8317,306703,4790,7469,239381,70552,5149,42752,48449,3177,18096,16149,46429,2782,3365,44662,10014,3690,22152,3396,314443,3178293
ACSSF,2012e1,co,000,0008,0000005,4501758,0,199,118,34066,3922,401,64,0,1495,71,107,977,460,347,740,0,1026,7750,417,1866,921,8218,311,666,3944,0,566,1988,0,12853,1755,16983,36689,2050,163413,271,13387,4015,66660,8007,287978,90,4756,0,6374,159,333,224457,229,67817,364,5142,353,112,0,116,1081,40710,702,46826,3127,1430,16625,5735,15127,43455,798,993,2724,1394,0,3023,0,227,392,0,0,46,0,0,60,30,0,35,0,2193,40,43014,9401,469,3633,20353,3396,332,0,129,28,0,1009,183,1055,217,0,443,0,2091,254810,2989760,4501758,34066,3922,8218,12853,16983,36689,163413,13387,66660,8007,287978,4756,6374,224457,67817,5142,40710,46826,3127,16625,15127,43455,2724,3023,43014,9401,3633,20353,3396,299862,2989760
ACSSF,2012e1,co,000,0008,0000006,,,,,,,,,,,,,,,,,,,,,,,,,,,,,,,,,,,,,,,,,,,,,,,,,,,,,,,,,,,,,,,,,,,,,,,,,,,,,,,,,,,,,,,,,,,,,,,,,,,,,,,,,,,,,,2046943,16509,1444,2982,5300,6969,14254,66922,5672,28697,3280,124552,1999,1790,94795,29925,2234,14626,21540,1487,6876,6137,19683,1202,2430,16509,3583,2250,9170,1097,148737,1384292
ACSSF,2012e1,co,000,0008,0000007,,,,,,,,,,,,,,,,,,,,,,,,,,,,,,,,,,,,,,,,,,,,,,,,,,,,,,,,,,,,,,,,,,,,,,,,,,,,,,,,,,,,,,,,,,,,,,,,,,,,,,,,,,,,,,2454815,17557,2478,5236,7553,10014,22435,96491,7715,37963,4727,163426,2757,4584,129662,37892,2908,26084,25286,1640,9749,8990,23772,1522,593,26505,5818,1383,11183,2299,151125,1605468
ACSSF,2012e1,co,000,0008,0000008,,,,,,,,,,,,,,,,,,,,,,,,,,,,,,,,,,,,,,,,,,,,,,,,,,,,,,,,,,,,,,,,,,,,,,,,,,,,,,,,,,,,,,,,,,,,,,,,,,,,,,,,,,,,,,279082,1007,17,336,1419,1615,2146,12089,446,5364,310,18725,34,1095,14924,2735,7,2042,1623,50,1471,1022,2974,58,342,1648,613,57,1799,0,14581,188533
ACSSF,2012e1,co,000,0008,0000009,,,,,,,,,,,,,,,,,,,,,,,,,,,,,,,,,,,,,,,,,,,,,,,,,,,,,,,,,,,,,,,,,,,,,,,,,,,,,,,,,,,,,,,,,,,,,,,,,,,,,,,,,,,,,,91910,455,0,86,404,144,957,3759,128,1723,0,5515,0,640,4370,818,7,533,457,50,504,373,1513,58,0,659,220,30,288,0,4059,64160
ACSSF,2012e1,co,000,0008,0000010,,,,,,,,,,,,,,,,,,,,,,,,,,,,,,,,,,,,,,,,,,,,,,,,,,,,,,,,,,,,,,,,,,,,,,,,,,,,,,,,,,,,,,,,,,,,,,,,,,,,,,,,,,,,,,187172,552,17,250,1015,1471,1189,8330,318,3641,310,13210,34,455,10554,1917,0,1509,1166,0,967,649,1461,0,342,989,393,27,1511,0,10522,124373
ACSSF,2012e1,co,000,0008,0000011,,,,,,,,,,,,,,,,,,,,,,,,,,,,,,,,,,,,,,,,,,,,,,,,,,,,,,,,,,,,,,,,,,,,,,,,,,,,,,,,,,,,,,,,,,,,,,,,,,,,,,,,,,,,,,406742,1949,559,540,1267,808,3469,13055,1263,4390,256,23362,254,486,18995,4826,541,2111,2682,165,1379,2093,3831,0,0,4217,432,0,2284,231,25006,286291
ACSSF,2012e1,co,000,0008,0000012,,,,,,,,,,,,,,,,,,,,,,,,,,,,,,,,,,,,,,,,,,,,,,,,,,,,,,,,,,,,,,,,,,,,,,,,,,,,,,,,,,,,,,,,,,,,,,,,,,,,,,,,,,,,,,685824,2956,576,876,2686,2423,5615,25144,1709,9754,566,42087,288,1581,33919,7561,548,4153,4305,215,2850,3115,6805,58,342,5865,1045,57,4083,231,39587,474824
ACSSF,2012e1,co,000,0008,0000013,,,,,,,,,,,,,,,,,,,,,,,,,,,,,,,,,,,,,,,,,,,,,,,,,,,,,,,,,,,,,,,,,,,,,,,,,,,,,,,,,,,,,,,,,,,,,,,,,,,,,,,,,,,,,,459598,5972,342,547,1437,595,3224,9904,855,5152,443,21587,167,321,16249,5992,183,4323,2279,163,1195,1250,3177,244,56,3217,973,234,1796,248,28896,338577
ACSSF,2012e1,co,000,0008,0000014,,,,,,,,,,,,,,,,,,,,,,,,,,,,,,,,,,,,,,,,,,,,,,,,,,,,,,,,,,,,,,,,,,,,,,,,,,,,,,,,,,,,,,,,,,,,,,,,,,,,,,,,,,,,,,595546,5560,494,1121,1739,1319,3575,19475,1101,6341,958,32302,1001,632,29380,6790,479,5095,5607,641,2945,1875,4203,252,532,4469,1086,597,2155,203,41703,411916
ACSSF,2012e1,co,000,0008,0000015,,,,,,,,,,,,,,,,,,,,,,,,,,,,,,,,,,,,,,,,,,,,,,,,,,,,,,,,,,,,,,,,,,,,,,,,,,,,,,,,,,,,,,,,,,,,,,,,,,,,,,,,,,,,,,305318,2965,156,1451,1141,1462,3268,13344,1278,5293,799,19447,344,773,15074,5463,364,2561,3590,214,1277,1083,3804,284,340,3957,996,163,2013,309,18413,193692
ACSSF,2012e1,co,000,0008,0000016,,,,,,,,,,,,,,,,,,,,,,,,,,,,,,,,,,,,,,,,,,,,,,,,,,,,,,,,,,,,,,,,,,,,,,,,,,,,,,,,,,,,,,,,,,,,,,,,,,,,,,,,,,,,,,634265,4107,799,856,1686,1338,4435,18603,1087,8661,1475,33613,407,637,22700,7958,961,4082,6494,88,2496,1399,6680,503,991,5043,1420,714,2253,146,41538,451095
ACSSF,2012e1,co,000,0008,0000017,,,,,,,,,,,,,,,,,,,,,,,,,,,,,,,,,,,,,,,,,,,,,,,,,,,,,,,,,,,,,,,,,,,,,,,,,,,,,,,,,,,,,,,,,,,,,,,,,,,,,,,,,,,,,,298215,1220,383,1476,1022,2388,3038,16295,939,5709,539,27395,456,487,19259,4486,327,3802,5711,371,1418,1443,3481,83,46,6370,675,368,1491,0,15426,172111
ACSSF,2012e1,co,000,0008,0000018,,,,,,,,,,,,,,,,,,,,,,,,,,,,,,,,,,,,,,,,,,,,,,,,,,,,,,,,,,,,,,,,,,,,,,,,,,,,,,,,,,,,,,,,,,,,,,,,,,,,,,,,,,,,,,644964,4245,415,452,1256,2468,4969,23405,3090,9728,1001,41725,1039,682,40215,12344,873,5398,6975,1015,1682,2953,6968,383,112,3981,1812,756,4171,1541,52758,406552
ACSSF,2012e1,co,000,0008,0000019,,,,,,,,,,,,,,,,,,,,,,,,,,,,,,,,,,,,,,,,,,,,,,,,,,,,,,,,,,,,,,,,,,,,,,,,,,,,,,,,,,,,,,,,,,,,,,,,,,,,,,,,,,,,,,545358,3262,426,856,1680,2263,4576,23502,1702,9771,1472,41233,527,1153,32085,11408,194,5557,5829,362,2460,2037,6628,237,104,6481,1222,417,2276,0,33459,342179
ACSSF,2012e1,co,000,0008,0000020,,,,,,,,,,,,,,,,,,,,,,,,,,,,,,,,,,,,,,,,,,,,,,,,,,,,,,,,,,,,,,,,,,,,,,,,,,,,,,,,,,,,,,,,,,,,,,,,,,,,,,,,,,,,,,310487,2120,155,757,2010,2924,4215,12555,2847,5822,375,30358,217,270,20260,4697,490,3184,4378,143,1244,779,3346,359,816,3438,659,198,1454,451,21333,178633
ACSSF,2012e1,co,000,0008,0000021,,,,,,,,,,,,,,,,,,,,,,,,,,,,,,,,,,,,,,,,,,,,,,,,,,,,,,,,,,,,,,,,,,,,,,,,,,,,,,,,,,,,,,,,,,,,,,,,,,,,,,,,,,,,,,147848,746,215,44,26,686,2059,7126,67,3500,194,7699,36,832,6618,2153,878,1954,1067,0,65,650,1463,140,0,1288,70,0,280,498,10053,97441
ACSSF,2012e1,co,000,0008,0000022,,,,,,,,,,,,,,,,,,,,,,,,,,,,,,,,,,,,,,,,,,,,,,,,,,,,,,,,,,,,,,,,,,,,,,,,,,,,,,,,,,,,,,,,,,,,,,,,,,,,,,,,,,,,,,160852,929,188,88,124,329,1038,4640,62,1279,67,9299,0,72,5564,2479,107,688,1086,27,141,461,862,119,26,1053,70,84,528,0,15482,113960
ACSSF,2012e1,co,000,0008,0000023,,,,,,,,,,,,,,,,,,,,,,,,,,,,,,,,,,,,,,,,,,,,,,,,,,,,,,,,,,,,,,,,,,,,,,,,,,,,,,,,,,,,,,,,,,,,,,,,,,,,,,,,,,,,,,263691,1625,0,533,368,918,1314,8143,151,3480,252,12754,209,125,10153,1783,19,2152,1425,64,1458,642,1172,120,0,2356,321,27,598,0,12406,199123
ACSSF,2012e1,co,000,0008,0000024,,,,,,,,,,,,,,,,,,,,,,,,,,,,,,,,,,,,,,,,,,,,,,,,,,,,,,,,,,,,,,,,,,,,,,,,,,,,,,,,,,,,,,,,,,,,,,,,,,,,,,,,,,,,,,109315,480,172,104,277,626,1395,4989,241,1359,333,10191,88,461,7605,1873,36,1457,1699,132,407,329,1288,0,31,1352,286,191,417,0,6782,64714
ACSSF,2012e1,co,000,0008,0000025,,,,,,,,,,,,,,,,,,,,,,,,,,,,,,,,,,,,,,,,,,,,,,,,,,,,,,,,,,,,,,,,,,,,,,,,,,,,,,,,,,,,,,,,,,,,,,,,,,,,,,,,,,,,,,338835,3365,0,550,525,723,1648,8272,352,2673,710,15936,538,116,13111,2514,311,2108,2312,272,1245,911,2256,163,202,2135,230,469,711,108,25815,248554
ACSSF,2012e1,co,000,0008,0000026,,,,,,,,,,,,,,,,,,,,,,,,,,,,,,,,,,,,,,,,,,,,,,,,,,,,,,,,,,,,,,,,,,,,,,,,,,,,,,,,,,,,,,,,,,,,,,,,,,,,,,,,,,,,,,101812,1628,156,626,356,418,768,5059,824,2268,196,6730,180,341,4599,2218,86,537,2169,214,782,266,1279,75,340,1441,329,163,1027,64,6648,60025
ACSSF,2012e1,co,000,0008,0000027,,,,,,,,,,,,,,,,,,,,,,,,,,,,,,,,,,,,,,,,,,,,,,,,,,,,,,,,,,,,,,,,,,,,,,,,,,,,,,,,,,,,,,,,,,,,,,,,,,,,,,,,,,,,,,103735,1279,411,109,246,147,1092,4922,204,1359,107,6742,123,75,5756,1594,39,1355,1119,0,562,323,1004,51,40,591,767,52,436,55,6384,66791
ACSSF,2012e1,co,000,0008,0000028,,,,,,,,,,,,,,,,,,,,,,,,,,,,,,,,,,,,,,,,,,,,,,,,,,,,,,,,,,,,,,,,,,,,,,,,,,,,,,,,,,,,,,,,,,,,,,,,,,,,,,,,,,,,,,431846,2912,301,366,1059,823,2828,16293,929,6742,432,29149,482,500,28064,9720,404,3192,4597,704,1134,1815,4670,168,81,3055,958,756,2749,779,34798,271386
ACSSF,2012e1,co,000,0008,0000029,,,,,,,,,,,,,,,,,,,,,,,,,,,,,,,,,,,,,,,,,,,,,,,,,,,,,,,,,,,,,,,,,,,,,,,,,,,,,,,,,,,,,,,,,,,,,,,,,,,,,,,,,,,,,,634265,4107,799,856,1686,1338,4435,18603,1087,8661,1475,33613,407,637,22700,7958,961,4082,6494,88,2496,1399,6680,503,991,5043,1420,714,2253,146,41538,451095
ACSSF,2012e1,co,000,0008,0000030,,,,,,,,,,,,,,,,,,,,,,,,,,,,,,,,,,,,,,,,,,,,,,,,,,,,,,,,,,,,,,,,,,,,,,,,,,,,,,,,,,,,,,,,,,,,,,,,,,,,,,,,,,,,,,148634,1118,0,144,721,1001,1924,5552,1456,2272,147,14801,90,55,9630,2379,216,1660,2106,143,779,293,1641,263,457,2275,239,73,854,0,11171,85174
ACSSF,2012e1,co,000,0008,0000031,,,,,,,,,,,,,,,,,,,,,,,,,,,,,,,,,,,,,,,,,,,,,,,,,,,,,,,,,,,,,,,,,,,,,,,,,,,,,,,,,,,,,,,,,,,,,,,,,,,,,,,,,,,,,,95365,886,0,135,32,402,559,1804,88,910,0,4012,106,29,3301,636,0,666,418,0,124,375,581,0,0,342,129,0,315,0,5065,74450
ACSSF,2012e1,co,000,0008,0000032,,,,,,,,,,,,,,,,,,,,,,,,,,,,,,,,,,,,,,,,,,,,,,,,,,,,,,,,,,,,,,,,,,,,,,,,,,,,,,,,,,,,,,,,,,,,,,,,,,,,,,,,,,,,,,101898,608,164,126,141,1476,1144,5060,435,1778,302,8034,49,22,7569,1854,179,671,2190,0,639,272,605,0,0,1516,297,0,603,0,4407,61757
ACSSF,2012e1,co,000,0008,0000033,,,,,,,,,,,,,,,,,,,,,,,,,,,,,,,,,,,,,,,,,,,,,,,,,,,,,,,,,,,,,,,,,,,,,,,,,,,,,,,,,,,,,,,,,,,,,,,,,,,,,,,,,,,,,,145522,1032,53,215,224,410,765,5455,252,2700,110,9678,155,164,8518,2618,158,1165,1177,157,474,563,1190,38,0,1619,72,93,625,0,10764,95078
ACSSF,2012e1,co,000,0008,0000034,,,,,,,,,,,,,,,,,,,,,,,,,,,,,,,,,,,,,,,,,,,,,,,,,,,,,,,,,,,,,,,,,,,,,,,,,,,,,,,,,,,,,,,,,,,,,,,,,,,,,,,,,,,,,,88636,465,0,234,84,373,560,2741,225,1236,326,4516,68,221,4005,1104,94,706,680,0,36,73,886,0,0,733,263,0,162,217,4671,63957
ACSSF,2012e1,co,000,0008,0000035,,,,,,,,,,,,,,,,,,,,,,,,,,,,,,,,,,,,,,,,,,,,,,,,,,,,,,,,,,,,,,,,,,,,,,,,,,,,,,,,,,,,,,,,,,,,,,,,,,,,,,,,,,,,,,70214,628,0,257,621,1758,514,2611,717,1980,65,7138,0,45,5347,1133,85,639,647,0,172,97,220,0,359,424,161,0,320,0,4631,39645
ACSSF,2012e1,co,000,0008,0000036,,,,,,,,,,,,,,,,,,,,,,,,,,,,,,,,,,,,,,,,,,,,,,,,,,,,,,,,,,,,,,,,,,,,,,,,,,,,,,,,,,,,,,,,,,,,,,,,,,,,,,,,,,,,,,107775,505,188,48,41,183,791,3004,62,971,67,5391,0,0,3127,1530,53,371,522,27,0,251,665,30,0,777,47,0,255,0,10924,77945
ACSSF,2012e1,co,000,0008,0000037,,,,,,,,,,,,,,,,,,,,,,,,,,,,,,,,,,,,,,,,,,,,,,,,,,,,,,,,,,,,,,,,,,,,,,,,,,,,,,,,,,,,,,,,,,,,,,,,,,,,,,,,,,,,,,124131,2643,38,292,576,107,1015,3056,433,901,120,7171,0,39,4711,3543,67,1834,786,0,256,277,1340,0,0,1523,610,90,693,0,7451,84559
ACSSF,2012e1,co,000,0008,0000038,,,,,,,,,,,,,,,,,,,,,,,,,,,,,,,,,,,,,,,,,,,,,,,,,,,,,,,,,,,,,,,,,,,,,,,,,,,,,,,,,,,,,,,,,,,,,,,,,,,,,,,,,,,,,,109181,597,43,315,959,740,1607,3803,138,1360,288,5744,0,279,6129,1012,0,1175,1156,196,548,811,952,82,0,592,206,115,685,189,8547,70913
ACSSF,2012e1,co,000,0008,0000039,,,,,,,,,,,,,,,,,,,,,,,,,,,,,,,,,,,,,,,,,,,,,,,,,,,,,,,,,,,,,,,,,,,,,,,,,,,,,,,,,,,,,,,,,,,,,,,,,,,,,,,,,,,,,,101812,1628,156,626,356,418,768,5059,824,2268,196,6730,180,341,4599,2218,86,537,2169,214,782,266,1279,75,340,1441,329,163,1027,64,6648,60025
ACSSF,2012e1,co,000,0008,0000040,,,,,,,,,,,,,,,,,,,,,,,,,,,,,,,,,,,,,,,,,,,,,,,,,,,,,,,,,,,,,,,,,,,,,,,,,,,,,,,,,,,,,,,,,,,,,,,,,,,,,,,,,,,,,,431846,2912,301,366,1059,823,2828,16293,929,6742,432,29149,482,500,28064,9720,404,3192,4597,704,1134,1815,4670,168,81,3055,958,756,2749,779,34798,271386
ACSSF,2012e1,co,000,0008,0000041,,,,,,,,,,,,,,,,,,,,,,,,,,,,,,,,,,,,,,,,,,,,,,,,,,,,,,,,,,,,,,,,,,,,,,,,,,,,,,,,,,,,,,,,,,,,,,,,,,,,,,,,,,,,,,338835,3365,0,550,525,723,1648,8272,352,2673,710,15936,538,116,13111,2514,311,2108,2312,272,1245,911,2256,163,202,2135,230,469,711,108,25815,248554
ACSSF,2012e1,co,000,0008,0000042,,,,,,,,,,,,,,,,,,,,,,,,,,,,,,,,,,,,,,,,,,,,,,,,,,,,,,,,,,,,,,,,,,,,,,,,,,,,,,,,,,,,,,,,,,,,,,,,,,,,,,,,,,,,,,634265,4107,799,856,1686,1338,4435,18603,1087,8661,1475,33613,407,637,22700,7958,961,4082,6494,88,2496,1399,6680,503,991,5043,1420,714,2253,146,41538,451095
ACSSF,2012e1,co,000,0008,0000043,,,,,,,,,,,,,,,,,,,,,,,,,,,,,,,,,,,,,,,,,,,,,,,,,,,,,,,,,,,,,,,,,,,,,,,,,,,,,,,,,,,,,,,,,,,,,,,,,,,,,,,,,,,,,,148634,1118,0,144,721,1001,1924,5552,1456,2272,147,14801,90,55,9630,2379,216,1660,2106,143,779,293,1641,263,457,2275,239,73,854,0,11171,85174
ACSSF,2012e1,co,000,0008,0000044,,,,,,,,,,,,,,,,,,,,,,,,,,,,,,,,,,,,,,,,,,,,,,,,,,,,,,,,,,,,,,,,,,,,,,,,,,,,,,,,,,,,,,,,,,,,,,,,,,,,,,,,,,,,,,70214,628,0,257,621,1758,514,2611,717,1980,65,7138,0,45,5347,1133,85,639,647,0,172,97,220,0,359,424,161,0,320,0,4631,39645
ACSSF,2012e1,co,000,0008,0000045,,,,,,,,,,,,,,,,,,,,,,,,,,,,,,,,,,,,,,,,,,,,,,,,,,,,,,,,,,,,,,,,,,,,,,,,,,,,,,,,,,,,,,,,,,,,,,,,,,,,,,,,,,,,,,95365,886,0,135,32,402,559,1804,88,910,0,4012,106,29,3301,636,0,666,418,0,124,375,581,0,0,342,129,0,315,0,5065,74450
ACSSF,2012e1,co,000,0008,0000046,,,,,,,,,,,,,,,,,,,,,,,,,,,,,,,,,,,,,,,,,,,,,,,,,,,,,,,,,,,,,,,,,,,,,,,,,,,,,,,,,,,,,,,,,,,,,,,,,,,,,,,,,,,,,,107775,505,188,48,41,183,791,3004,62,971,67,5391,0,0,3127,1530,53,371,522,27,0,251,665,30,0,777,47,0,255,0,10924,77945
ACSSF,2012e1,co,000,0008,0000047,,,,,,,,,,,,,,,,,,,,,,,,,,,,,,,,,,,,,,,,,,,,,,,,,,,,,,,,,,,,,,,,,,,,,,,,,,,,,,,,,,,,,,,,,,,,,,,,,,,,,,,,,,,,,,750153,4497,838,968,2127,2168,5575,22629,1746,10631,1521,41910,486,1077,28957,9641,993,5329,7933,260,3004,2091,7831,541,1064,6264,1566,714,3163,245,49180,525204
ACSSF,2012e1,co,000,0008,0000048,,,,,,,,,,,,,,,,,,,,,,,,,,,,,,,,,,,,,,,,,,,,,,,,,,,,,,,,,,,,,,,,,,,,,,,,,,,,,,,,,,,,,,,,,,,,,,,,,,,,,,,,,,,,,,743592,6472,387,2138,3846,4654,8622,34834,4365,14496,1540,59544,760,1422,43229,13362,1015,8205,10702,436,3033,2422,9840,643,1498,9601,1585,596,4962,543,46992,441848
ACSSF,2012e1,co,000,0008,0000049,,,,,,,,,,,,,,,,,,,,,,,,,,,,,,,,,,,,,,,,,,,,,,,,,,,,,,,,,,,,,,,,,,,,,,,,,,,,,,,,,,,,,,,,,,,,,,,,,,,,,,,,,,,,,,720338,3587,979,868,2061,2640,6118,28214,1530,10200,493,44057,282,1576,31328,9320,1323,4646,5286,242,2065,3577,6971,259,26,5726,1009,114,3799,729,49301,492012
ACSSF,2012e1,co,000,0008,0000050,,,,,,,,,,,,,,,,,,,,,,,,,,,,,,,,,,,,,,,,,,,,,,,,,,,,,,,,,,,,,,,,,,,,,,,,,,,,,,,,,,,,,,,,,,,,,,,,,,,,,,,,,,,,,,738491,3527,568,2130,1745,2693,5939,27759,1132,10745,996,48422,726,1284,37265,7820,322,6783,6466,459,3253,2494,5770,203,46,9619,990,395,2120,217,41321,505282
ACSSF,2012e1,co,000,0008,0000051,,,,,,,,,,,,,,,,,,,,,,,,,,,,,,,,,,,,,,,,,,,,,,,,,,,,,,,,,,,,,,,,,,,,,,,,,,,,,,,,,,,,,,,,,,,,,,,,,,,,,,,,,,,,,,740514,4640,415,613,1424,2630,5539,26365,3257,10661,1344,47869,1196,948,44827,12852,1056,6610,7585,1015,1700,3193,7665,441,112,4772,1948,756,4992,1541,56501,476047
ACSSF,2012e1,co,000,0008,0000052,,,,,,,,,,,,,,,,,,,,,,,,,,,,,,,,,,,,,,,,,,,,,,,,,,,,,,,,,,,,,,,,,,,,,,,,,,,,,,,,,,,,,,,,,,,,,,,,,,,,,,,,,,,,,,748467,6782,658,1135,1960,2540,4739,24340,1451,8216,1412,40600,971,692,35565,8781,683,5827,7492,445,3745,2040,5726,253,588,6322,1492,597,2420,163,47552,523280
ACSSF,2012e1,co,000,0008,0000053,,,,,,,,,,,,,,,,,,,,,,,,,,,,,,,,,,,,,,,,,,,,,,,,,,,,,,,,,,,,,,,,,,,,,,,,,,,,,,,,,,,,,,,,,,,,,,,,,,,,,,,,,,,,,,746027,7517,653,1242,2376,2081,5772,24416,1615,11465,1267,47663,623,956,37205,13602,298,7463,5667,485,2675,2425,6457,442,31,6575,1856,518,2980,189,48602,500911
ACSSF,2012e1,co,000,0008,0000054,,,,,,,,,,,,,,,,,,,,,,,,,,,,,,,,,,,,,,,,,,,,,,,,,,,,,,,,,,,,,,,,,,,,,,,,,,,,,,,,,,,,,,,,,,,,,,,,,,,,,,,,,,,,,,108211,563,0,13,367,410,946,2807,225,1370,124,6452,0,465,7197,1283,39,373,125,0,710,264,629,0,0,1202,27,0,171,0,6730,75719
ACSSF,2012e1,co,000,0008,0000055,,,,,,,,,,,,,,,,,,,,,,,,,,,,,,,,,,,,,,,,,,,,,,,,,,,,,,,,,,,,,,,,,,,,,,,,,,,,,,,,,,,,,,,,,,,,,,,,,,,,,,,,,,,,,,119938,702,0,526,1214,2036,946,4795,1145,2454,138,13122,0,90,9704,1771,85,967,2122,0,651,505,1005,96,616,824,280,78,513,451,7471,65631
ACSSF,2012e1,co,000,0008,0000056,,,,,,,,,,,,,,,,,,,,,,,,,,,,,,,,,,,,,,,,,,,,,,,,,,,,,,,,,,,,,,,,,,,,,,,,,,,,,,,,,,,,,,,,,,,,,,,,,,,,,,,,,,,,,,190549,1418,155,231,796,888,3269,7760,1702,3368,237,17236,217,180,10556,2926,405,2217,2256,143,593,274,2341,263,200,2614,379,120,941,0,13862,113002
ACSSF,2012e1,co,000,0008,0000057,,,,,,,,,,,,,,,,,,,,,,,,,,,,,,,,,,,,,,,,,,,,,,,,,,,,,,,,,,,,,,,,,,,,,,,,,,,,,,,,,,,,,,,,,,,,,,,,,,,,,,,,,,,,,,101913,614,68,126,57,48,513,3956,349,920,0,6444,11,0,4146,1687,91,466,781,53,783,1109,1064,0,0,799,36,0,435,36,4502,72819
ACSSF,2012e1,co,000,0008,0000058,,,,,,,,,,,,,,,,,,,,,,,,,,,,,,,,,,,,,,,,,,,,,,,,,,,,,,,,,,,,,,,,,,,,,,,,,,,,,,,,,,,,,,,,,,,,,,,,,,,,,,,,,,,,,,183379,959,0,448,216,668,808,4342,144,2491,55,8445,160,102,6986,1112,0,1798,767,64,908,564,908,120,0,1154,231,0,369,0,8459,141101
ACSSF,2012e1,co,000,0008,0000059,,,,,,,,,,,,,,,,,,,,,,,,,,,,,,,,,,,,,,,,,,,,,,,,,,,,,,,,,,,,,,,,,,,,,,,,,,,,,,,,,,,,,,,,,,,,,,,,,,,,,,,,,,,,,,110346,344,208,3,547,886,749,4412,141,2661,0,6704,0,607,4400,1158,203,1529,1008,0,360,406,1349,0,342,1349,338,27,791,0,4193,75631
ACSSF,2012e1,co,000,0008,0000060,,,,,,,,,,,,,,,,,,,,,,,,,,,,,,,,,,,,,,,,,,,,,,,,,,,,,,,,,,,,,,,,,,,,,,,,,,,,,,,,,,,,,,,,,,,,,,,,,,,,,,,,,,,,,,104509,556,0,282,123,237,551,3484,114,1296,239,6043,157,0,5325,1003,104,902,554,0,18,233,1116,58,0,594,64,0,867,0,5615,74974
ACSSF,2012e1,co,000,0008,0000061,,,,,,,,,,,,,,,,,,,,,,,,,,,,,,,,,,,,,,,,,,,,,,,,,,,,,,,,,,,,,,,,,,,,,,,,,,,,,,,,,,,,,,,,,,,,,,,,,,,,,,,,,,,,,,151982,697,188,48,124,329,943,4518,62,1272,67,8582,0,38,5279,2038,107,688,1049,27,141,461,782,119,26,1053,70,84,489,0,15077,107624
ACSSF,2012e1,co,000,0008,0000062,,,,,,,,,,,,,,,,,,,,,,,,,,,,,,,,,,,,,,,,,,,,,,,,,,,,,,,,,,,,,,,,,,,,,,,,,,,,,,,,,,,,,,,,,,,,,,,,,,,,,,,,,,,,,,100662,512,96,73,75,162,960,2089,249,978,32,3536,243,42,3982,1065,129,315,720,11,94,292,546,0,0,521,35,0,345,0,8586,74974
ACSSF,2012e1,co,000,0008,0000063,,,,,,,,,,,,,,,,,,,,,,,,,,,,,,,,,,,,,,,,,,,,,,,,,,,,,,,,,,,,,,,,,,,,,,,,,,,,,,,,,,,,,,,,,,,,,,,,,,,,,,,,,,,,,,108301,812,39,165,339,316,1169,6544,425,1370,418,7782,284,190,6475,2947,14,1385,1066,40,566,441,1827,0,62,1438,471,133,902,0,6819,63862
ACSSF,2012e1,co,000,0008,0000064,,,,,,,,,,,,,,,,,,,,,,,,,,,,,,,,,,,,,,,,,,,,,,,,,,,,,,,,,,,,,,,,,,,,,,,,,,,,,,,,,,,,,,,,,,,,,,,,,,,,,,,,,,,,,,158080,831,0,348,109,522,1332,6925,225,2525,689,8519,117,244,7018,1811,113,1197,1404,0,398,194,1109,149,0,2622,345,27,539,217,8251,110300
ACSSF,2012e1,co,000,0008,0000065,,,,,,,,,,,,,,,,,,,,,,,,,,,,,,,,,,,,,,,,,,,,,,,,,,,,,,,,,,,,,,,,,,,,,,,,,,,,,,,,,,,,,,,,,,,,,,,,,,,,,,,,,,,,,,118811,1851,156,623,471,646,1273,5514,731,2288,196,8324,221,242,6059,2341,195,669,2231,214,880,485,1830,75,278,1470,329,163,1218,64,6996,70778
ACSSF,2012e1,co,000,0008,0000066,,,,,,,,,,,,,,,,,,,,,,,,,,,,,,,,,,,,,,,,,,,,,,,,,,,,,,,,,,,,,,,,,,,,,,,,,,,,,,,,,,,,,,,,,,,,,,,,,,,,,,,,,,,,,,148899,1729,215,527,1105,918,1688,6630,438,2030,276,10449,324,341,8213,3455,113,1936,2236,39,318,477,2068,213,31,1707,177,75,852,28,8659,91632
ACSSF,2012e1,co,000,0008,0000067,,,,,,,,,,,,,,,,,,,,,,,,,,,,,,,,,,,,,,,,,,,,,,,,,,,,,,,,,,,,,,,,,,,,,,,,,,,,,,,,,,,,,,,,,,,,,,,,,,,,,,,,,,,,,,120321,525,0,315,683,367,1213,3862,138,1312,288,5992,0,312,6370,2150,37,1198,847,196,813,755,1045,205,0,726,341,115,832,189,8981,80514
ACSSF,2012e1,co,000,0008,0000068,,,,,,,,,,,,,,,,,,,,,,,,,,,,,,,,,,,,,,,,,,,,,,,,,,,,,,,,,,,,,,,,,,,,,,,,,,,,,,,,,,,,,,,,,,,,,,,,,,,,,,,,,,,,,,142417,3674,38,292,604,107,1096,3624,490,1057,120,7752,0,0,5161,3436,67,1980,605,0,460,263,1586,0,0,1617,610,90,629,0,9907,97152
ACSSF,2012e1,co,000,0008,0000069,,,,,,,,,,,,,,,,,,,,,,,,,,,,,,,,,,,,,,,,,,,,,,,,,,,,,,,,,,,,,,,,,,,,,,,,,,,,,,,,,,,,,,,,,,,,,,,,,,,,,,,,,,,,,,158566,1337,304,0,233,119,558,2679,73,2702,34,6495,94,39,3940,841,0,829,632,0,149,360,387,0,0,461,39,29,292,0,8197,127743
ACSSF,2012e1,co,000,0008,0000070,,,,,,,,,,,,,,,,,,,,,,,,,,,,,,,,,,,,,,,,,,,,,,,,,,,,,,,,,,,,,,,,,,,,,,,,,,,,,,,,,,,,,,,,,,,,,,,,,,,,,,,,,,,,,,107303,815,76,193,327,417,843,3725,179,1245,364,7269,442,77,4792,744,0,1092,932,22,512,571,661,51,386,921,82,0,553,55,8484,71473
ACSSF,2012e1,co,000,0008,0000071,,,,,,,,,,,,,,,,,,,,,,,,,,,,,,,,,,,,,,,,,,,,,,,,,,,,,,,,,,,,,,,,,,,,,,,,,,,,,,,,,,,,,,,,,,,,,,,,,,,,,,,,,,,,,,117678,740,0,285,33,195,793,2735,40,1078,281,5447,106,0,6203,1378,0,770,1009,0,173,225,938,120,176,585,30,469,266,0,8918,84685
ACSSF,2012e1,co,000,0008,0000072,,,,,,,,,,,,,,,,,,,,,,,,,,,,,,,,,,,,,,,,,,,,,,,,,,,,,,,,,,,,,,,,,,,,,,,,,,,,,,,,,,,,,,,,,,,,,,,,,,,,,,,,,,,,,,121761,1781,0,157,74,178,298,2066,201,760,97,3833,216,19,2443,305,97,289,596,250,243,89,488,0,26,621,119,0,132,49,8405,97929
ACSSF,2012e1,co,000,0008,0000073,,,,,,,,,,,,,,,,,,,,,,,,,,,,,,,,,,,,,,,,,,,,,,,,,,,,,,,,,,,,,,,,,,,,,,,,,,,,,,,,,,,,,,,,,,,,,,,,,,,,,,,,,,,,,,112210,1277,381,155,516,138,1013,5269,257,1096,83,6819,27,273,7760,1920,65,1152,1154,38,857,111,1236,0,0,633,802,100,273,49,7464,71292
ACSSF,2012e1,co,000,0008,0000074,,,,,,,,,,,,,,,,,,,,,,,,,,,,,,,,,,,,,,,,,,,,,,,,,,,,,,,,,,,,,,,,,,,,,,,,,,,,,,,,,,,,,,,,,,,,,,,,,,,,,,,,,,,,,,165112,499,150,263,368,50,464,3816,75,2388,53,4725,34,159,3755,1569,37,592,750,0,245,246,1489,122,134,796,233,37,206,72,11180,130605
ACSSF,2012e1,co,000,0008,0000075,,,,,,,,,,,,,,,,,,,,,,,,,,,,,,,,,,,,,,,,,,,,,,,,,,,,,,,,,,,,,,,,,,,,,,,,,,,,,,,,,,,,,,,,,,,,,,,,,,,,,,,,,,,,,,101956,1437,143,208,340,465,620,2254,233,2353,519,6006,33,34,4721,1419,55,475,1325,0,393,100,1214,0,146,720,275,152,71,0,7536,68709
ACSSF,2012e1,co,000,0008,0000076,,,,,,,,,,,,,,,,,,,,,,,,,,,,,,,,,,,,,,,,,,,,,,,,,,,,,,,,,,,,,,,,,,,,,,,,,,,,,,,,,,,,,,,,,,,,,,,,,,,,,,,,,,,,,,109200,417,190,89,560,217,1734,5957,510,1631,421,10339,103,115,5903,2323,726,1447,1589,88,835,216,1634,242,75,1621,280,326,798,0,7682,61132
ACSSF,2012e1,co,000,0008,0000077,,,,,,,,,,,,,,,,,,,,,,,,,,,,,,,,,,,,,,,,,,,,,,,,,,,,,,,,,,,,,,,,,,,,,,,,,,,,,,,,,,,,,,,,,,,,,,,,,,,,,,,,,,,,,,164409,1182,242,265,394,400,859,5656,122,2231,282,8946,201,284,7546,2239,143,1004,2789,270,1002,359,1955,139,606,1676,228,111,900,0,7865,114513
ACSSF,2012e1,co,000,0008,0000078,,,,,,,,,,,,,,,,,,,,,,,,,,,,,,,,,,,,,,,,,,,,,,,,,,,,,,,,,,,,,,,,,,,,,,,,,,,,,,,,,,,,,,,,,,,,,,,,,,,,,,,,,,,,,,124559,609,74,31,86,288,830,1653,147,622,200,4553,36,195,2035,1109,0,564,414,0,21,554,388,0,30,274,404,88,440,74,8178,100662
ACSSF,2012e1,co,000,0008,0000079,,,,,,,,,,,,,,,,,,,,,,,,,,,,,,,,,,,,,,,,,,,,,,,,,,,,,,,,,,,,,,,,,,,,,,,,,,,,,,,,,,,,,,,,,,,,,,,,,,,,,,,,,,,,,,113001,480,0,143,393,649,1459,5505,231,1531,231,9784,88,491,7576,1582,36,1246,1826,132,362,329,1321,0,0,1200,286,191,417,0,7159,68353
ACSSF,2012e1,co,000,0008,0000080,,,,,,,,,,,,,,,,,,,,,,,,,,,,,,,,,,,,,,,,,,,,,,,,,,,,,,,,,,,,,,,,,,,,,,,,,,,,,,,,,,,,,,,,,,,,,,,,,,,,,,,,,,,,,,120287,851,43,370,188,237,574,3645,415,2256,494,7853,37,66,7179,3424,89,742,464,0,281,244,745,46,0,1368,181,0,244,0,8011,80240
ACSSF,2012e1,co,000,0008,0000081,,,,,,,,,,,,,,,,,,,,,,,,,,,,,,,,,,,,,,,,,,,,,,,,,,,,,,,,,,,,,,,,,,,,,,,,,,,,,,,,,,,,,,,,,,,,,,,,,,,,,,,,,,,,,,136248,888,90,156,153,250,607,5590,218,3046,323,10242,118,391,7784,2400,69,1541,1331,157,662,748,1757,38,73,1869,324,93,575,0,8126,86629
ACSSF,2012e1,co,000,0008,0000082,,,,,,,,,,,,,,,,,,,,,,,,,,,,,,,,,,,,,,,,,,,,,,,,,,,,,,,,,,,,,,,,,,,,,,,,,,,,,,,,,,,,,,,,,,,,,,,,,,,,,,,,,,,,,,107332,531,37,288,821,489,704,4143,743,2088,52,8151,79,83,5964,1593,160,1369,1667,37,746,499,1006,38,0,1887,160,28,751,50,7214,65954
ACSSF,2012e1,co,000,0008,0000083,,,,,,,,,,,,,,,,,,,,,,,,,,,,,,,,,,,,,,,,,,,,,,,,,,,,,,,,,,,,,,,,,,,,,,,,,,,,,,,,,,,,,,,,,,,,,,,,,,,,,,,,,,,,,,125240,690,203,100,321,1378,1390,7163,583,2709,321,9769,200,81,8013,2014,179,788,2230,0,584,673,678,0,0,2875,312,0,1066,0,7172,73748
ACSSF,2012e1,co,000,0008,0000084,,,,,,,,,,,,,,,,,,,,,,,,,,,,,,,,,,,,,,,,,,,,,,,,,,,,,,,,,,,,,,,,,,,,,,,,,,,,,,,,,,,,,,,,,,,,,,,,,,,,,,,,,,,,,,106574,458,219,1157,194,1060,1014,5671,186,2236,27,10139,256,204,6396,1123,87,907,2160,237,291,354,1595,45,0,874,406,0,399,0,4902,63977
ACSSF,2012e1,co,000,0008,0000085,,,,,,,,,,,,,,,,,,,,,,,,,,,,,,,,,,,,,,,,,,,,,,,,,,,,,,,,,,,,,,,,,,,,,,,,,,,,,,,,,,,,,,,,,,,,,,,,,,,,,,,,,,,,,,115161,241,349,219,612,190,1470,5925,318,1508,260,12136,0,261,6858,1949,61,2458,1921,134,763,935,1764,38,46,2829,0,368,527,0,6930,64091
ACSSF,2012e1,co,000,0008,0000086,,,,,,,,,,,,,,,,,,,,,,,,,,,,,,,,,,,,,,,,,,,,,,,,,,,,,,,,,,,,,,,,,,,,,,,,,,,,,,,,,,,,,,,,,,,,,,,,,,,,,,,,,,,,,,104242,1118,0,43,212,237,437,3240,103,886,121,5333,131,49,4594,666,236,1326,835,24,1003,344,604,82,0,798,45,0,156,59,5500,76060
ACSSF,2012e1,co,000,0008,0000087,,,,,,,,,,,,,,,,,,,,,,,,,,,,,,,,,,,,,,,,,,,,,,,,,,,,,,,,,,,,,,,,,,,,,,,,,,,,,,,,,,,,,,,,,,,,,,,,,,,,,,,,,,,,,,110515,530,204,376,1277,172,1273,5756,387,2017,81,8907,34,270,6637,1230,21,423,730,64,639,740,1678,0,0,741,155,0,1598,130,8206,66239
ACSSF,2012e1,co,000,0008,0000088,,,,,,,,,,,,,,,,,,,,,,,,,,,,,,,,,,,,,,,,,,,,,,,,,,,,,,,,,,,,,,,,,,,,,,,,,,,,,,,,,,,,,,,,,,,,,,,,,,,,,,,,,,,,,,,,,,,,,,,,,,,,,,,,,,,,,,,,,,,,,
ACSSF,2012e1,co,000,0008,0000089,,,,,,,,,,,,,,,,,,,,,,,,,,,,,,,,,,,,,,,,,,,,,,,,,,,,,,,,,,,,,,,,,,,,,,,,,,,,,,,,,,,,,,,,,,,,,,,,,,,,,,,,,,,,,,100112,273,0,43,280,654,927,4391,251,1741,127,7127,36,231,5198,1106,0,971,823,87,274,205,1360,0,0,1156,398,30,394,65,5289,66675
ACSSF,2012e1,co,000,0008,0000090,,,,,,,,,,,,,,,,,,,,,,,,,,,,,,,,,,,,,,,,,,,,,,,,,,,,,,,,,,,,,,,,,,,,,,,,,,,,,,,,,,,,,,,,,,,,,,,,,,,,,,,,,,,,,,119346,753,4,37,107,493,1073,3695,498,1420,260,7656,158,448,5062,1368,361,1923,2031,66,52,717,825,0,0,536,617,0,563,0,7016,81607
ACSSF,2012e1,co,000,0008,0000091,,,,,,,,,,,,,,,,,,,,,,,,,,,,,,,,,,,,,,,,,,,,,,,,,,,,,,,,,,,,,,,,,,,,,,,,,,,,,,,,,,,,,,,,,,,,,,,,,,,,,,,,,,,,,,124221,479,0,67,292,108,1158,4381,86,879,90,8920,43,222,7979,3392,263,1219,1304,130,92,835,2350,68,0,1177,241,490,996,789,8684,77487
ACSSF,2012e1,co,000,0008,0000092,,,,,,,,,,,,,,,,,,,,,,,,,,,,,,,,,,,,,,,,,,,,,,,,,,,,,,,,,,,,,,,,,,,,,,,,,,,,,,,,,,,,,,,,,,,,,,,,,,,,,,,,,,,,,,97697,685,201,0,548,150,502,3725,171,1389,123,7196,133,128,6869,2099,89,714,1035,377,614,292,1059,40,0,899,592,0,948,321,8665,58133
ACSSF,2012e1,co,000,0008,0000093,,,,,,,,,,,,,,,,,,,,,,,,,,,,,,,,,,,,,,,,,,,,,,,,,,,,,,,,,,,,,,,,,,,,,,,,,,,,,,,,,,,,,,,,,,,,,,,,,,,,,,,,,,,,,,106389,1409,168,245,156,137,1021,5606,446,1855,343,7490,371,150,7469,2909,52,452,1412,94,404,281,756,0,0,549,144,98,411,171,10375,61415
ACSSF,2012e1,co,000,0008,0000094,,,,,,,,,,,,,,,,,,,,,,,,,,,,,,,,,,,,,,,,,,,,,,,,,,,,,,,,,,,,,,,,,,,,,,,,,,,,,,,,,,,,,,,,,,,,,,,,,,,,,,,,,,,,,,110959,349,0,0,70,251,496,2339,516,1078,29,4431,0,0,5393,863,0,477,592,105,103,132,1062,45,112,439,125,74,547,0,9355,81976
ACSSF,2012e1,co,000,0008,0000095,,,,,,,,,,,,,,,,,,,,,,,,,,,,,,,,,,,,,,,,,,,,,,,,,,,,,,,,,,,,,,,,,,,,,,,,,,,,,,,,,,,,,,,,,,,,,,,,,,,,,,,,,,,,,,109741,683,42,140,128,1329,853,4189,1462,3262,295,8285,334,0,7959,1841,284,969,906,243,417,710,1043,230,0,672,165,94,740,260,9632,62574
ACSSF,2012e1,co,000,0008,0000096,,,,,,,,,,,,,,,,,,,,,,,,,,,,,,,,,,,,,,,,,,,,,,,,,,,,,,,,,,,,,,,,,,,,,,,,,,,,,,,,,,,,,,,,,,,,,,,,,,,,,,,,,,,,,,101900,393,42,140,142,812,813,3968,812,2566,215,6850,231,0,5891,2034,298,984,965,128,177,853,1191,60,0,906,136,94,327,260,9241,61371
ACSSF,2012e1,co,000,0008,0000097,,,,,,,,,,,,,,,,,,,,,,,,,,,,,,,,,,,,,,,,,,,,,,,,,,,,,,,,,,,,,,,,,,,,,,,,,,,,,,,,,,,,,,,,,,,,,,,,,,,,,,,,,,,,,,216839,2677,0,285,70,304,984,4412,310,1661,439,7974,106,19,7694,1557,113,1392,1265,250,269,225,1412,70,56,1203,119,422,335,108,15621,165487
ACSSF,2012e1,co,000,0008,0000098,,,,,,,,,,,,,,,,,,,,,,,,,,,,,,,,,,,,,,,,,,,,,,,,,,,,,,,,,,,,,,,,,,,,,,,,,,,,,,,,,,,,,,,,,,,,,,,,,,,,,,,,,,,,,,219264,2516,156,1217,1097,1007,2307,10278,1068,4374,530,14625,276,552,11613,4977,308,2279,2982,214,1241,1000,3262,284,340,2654,733,198,2029,92,14174,130881
ACSSF,2012e1,co,000,0008,0000099,,,,,,,,,,,,,,,,,,,,,,,,,,,,,,,,,,,,,,,,,,,,,,,,,,,,,,,,,,,,,,,,,,,,,,,,,,,,,,,,,,,,,,,,,,,,,,,,,,,,,,,,,,,,,,,,,,,,,,,,,,,,,,,,,,,,,,,,,,,,,
ACSSF,2012e1,co,000,0008,0000100,,,,,,,,,,,,,,,,,,,,,,,,,,,,,,,,,,,,,,,,,,,,,,,,,,,,,,,,,,,,,,,,,,,,,,,,,,,,,,,,,,,,,,,,,,,,,,,,,,,,,,,,,,,,,,285562,2205,264,589,776,653,1495,9827,471,3038,467,15980,816,549,13235,3370,263,2369,2491,330,1981,1157,1902,144,532,1812,201,147,1006,104,19133,198255
ACSSF,2012e1,co,000,0008,0000101,,,,,,,,,,,,,,,,,,,,,,,,,,,,,,,,,,,,,,,,,,,,,,,,,,,,,,,,,,,,,,,,,,,,,,,,,,,,,,,,,,,,,,,,,,,,,,,,,,,,,,,,,,,,,,233348,1558,201,275,786,395,1920,8924,247,3727,403,16359,208,450,16318,4615,231,1689,2699,482,746,684,2781,40,0,1854,697,588,2073,321,17622,144455
ACSSF,2012e1,co,000,0008,0000102,,,,,,,,,,,,,,,,,,,,,,,,,,,,,,,,,,,,,,,,,,,,,,,,,,,,,,,,,,,,,,,,,,,,,,,,,,,,,,,,,,,,,,,,,,,,,,,,,,,,,,,,,,,,,,634265,4107,799,856,1686,1338,4435,18603,1087,8661,1475,33613,407,637,22700,7958,961,4082,6494,88,2496,1399,6680,503,991,5043,1420,714,2253,146,41538,451095
ACSSF,2012e1,co,000,0008,0000103,,,,,,,,,,,,,,,,,,,,,,,,,,,,,,,,,,,,,,,,,,,,,,,,,,,,,,,,,,,,,,,,,,,,,,,,,,,,,,,,,,,,,,,,,,,,,,,,,,,,,,,,,,,,,,300596,1282,383,1476,1022,2388,3038,16295,939,5709,539,27395,456,487,19340,4570,327,3802,5711,371,1418,1443,3481,83,46,6370,675,368,1491,0,15426,174265
ACSSF,2012e1,co,000,0008,0000104,,,,,,,,,,,,,,,,,,,,,,,,,,,,,,,,,,,,,,,,,,,,,,,,,,,,,,,,,,,,,,,,,,,,,,,,,,,,,,,,,,,,,,,,,,,,,,,,,,,,,,,,,,,,,,72955,1065,168,37,155,369,469,4029,566,1353,302,5671,296,0,4857,2372,80,970,1179,94,384,191,259,0,0,302,522,0,547,171,6737,39810
ACSSF,2012e1,co,000,0008,0000105,,,,,,,,,,,,,,,,,,,,,,,,,,,,,,,,,,,,,,,,,,,,,,,,,,,,,,,,,,,,,,,,,,,,,,,,,,,,,,,,,,,,,,,,,,,,,,,,,,,,,,,,,,,,,,192313,1418,155,231,948,962,3233,7819,2016,3368,237,17189,217,180,10860,2926,405,2219,2256,143,593,274,2465,263,200,2769,379,84,941,129,14081,113353
ACSSF,2012e1,co,000,0008,0000106,,,,,,,,,,,,,,,,,,,,,,,,,,,,,,,,,,,,,,,,,,,,,,,,,,,,,,,,,,,,,,,,,,,,,,,,,,,,,,,,,,,,,,,,,,,,,,,,,,,,,,,,,,,,,,,,,,,,,,,,,,,,,,,,,,,,,,,,,,,,,
ACSSF,2012e1,co,000,0008,0000107,,,,,,,,,,,,,,,,,,,,,,,,,,,,,,,,,,,,,,,,,,,,,,,,,,,,,,,,,,,,,,,,,,,,,,,,,,,,,,,,,,,,,,,,,,,,,,,,,,,,,,,,,,,,,,123033,886,0,135,32,402,559,2633,88,932,0,4859,106,29,4200,681,0,854,498,0,154,309,655,95,0,507,159,0,286,0,5860,98114
ACSSF,2012e1,co,000,0008,0000108,,,,,,,,,,,,,,,,,,,,,,,,,,,,,,,,,,,,,,,,,,,,,,,,,,,,,,,,,,,,,,,,,,,,,,,,,,,,,,,,,,,,,,,,,,,,,,,,,,,,,,,,,,,,,,,,,,,,,,,,,,,,,,,,,,,,,,,,,,,,,
ACSSF,2012e1,co,000,0008,0000109,,,,,,,,,,,,,,,,,,,,,,,,,,,,,,,,,,,,,,,,,,,,,,,,,,,,,,,,,,,,,,,,,,,,,,,,,,,,,,,,,,,,,,,,,,,,,,,,,,,,,,,,,,,,,,549160,3262,426,856,1680,2263,4576,23572,1747,9771,1472,41233,723,1153,32173,11448,194,5557,5928,362,2495,2037,6628,237,104,6555,1222,417,2276,0,33637,345156
ACSSF,2012e1,co,000,0008,0000110,,,,,,,,,,,,,,,,,,,,,,,,,,,,,,,,,,,,,,,,,,,,,,,,,,,,,,,,,,,,,,,,,,,,,,,,,,,,,,,,,,,,,,,,,,,,,,,,,,,,,,,,,,,,,,94047,831,230,247,691,165,1024,4174,232,1394,92,6827,0,83,6419,1612,128,879,1443,37,706,163,885,0,0,1208,772,28,423,0,6662,56692
ACSSF,2012e1,co,000,0008,0000111,,,,,,,,,,,,,,,,,,,,,,,,,,,,,,,,,,,,,,,,,,,,,,,,,,,,,,,,,,,,,,,,,,,,,,,,,,,,,,,,,,,,,,,,,,,,,,,,,,,,,,,,,,,,,,156792,831,0,319,109,533,1442,7022,225,2143,710,8996,117,244,7037,1844,113,1147,1311,0,332,194,1195,0,0,2710,345,27,666,217,8621,108342
ACSSF,2012e1,co,000,0008,0000112,,,,,,,,,,,,,,,,,,,,,,,,,,,,,,,,,,,,,,,,,,,,,,,,,,,,,,,,,,,,,,,,,,,,,,,,,,,,,,,,,,,,,,,,,,,,,,,,,,,,,,,,,,,,,,106924,702,0,479,1062,1962,707,3820,717,2220,138,12301,0,45,8420,1657,85,965,1526,0,651,438,647,0,616,492,230,36,455,322,6867,59364
ACSSF,2012e1,co,000,0008,0000113,,,,,,,,,,,,,,,,,,,,,,,,,,,,,,,,,,,,,,,,,,,,,,,,,,,,,,,,,,,,,,,,,,,,,,,,,,,,,,,,,,,,,,,,,,,,,,,,,,,,,,,,,,,,,,110027,505,188,48,41,183,791,3133,62,971,67,5432,0,0,3248,1596,53,371,593,27,0,251,665,64,0,777,47,0,255,0,11042,79617
ACSSF,2012e1,co,000,0008,0000114,,,,,,,,,,,,,,,,,,,,,,,,,,,,,,,,,,,,,,,,,,,,,,,,,,,,,,,,,,,,,,,,,,,,,,,,,,,,,,,,,,,,,,,,,,,,,,,,,,,,,,,,,,,,,,226448,3853,38,508,981,423,2361,6738,593,1757,261,13926,73,33,9785,4736,104,3039,1921,202,921,810,2450,205,0,2186,775,209,1410,189,15409,150552
ACSSF,2012e1,co,000,0008,0000115,,,,,,,,,,,,,,,,,,,,,,,,,,,,,,,,,,,,,,,,,,,,,,,,,,,,,,,,,,,,,,,,,,,,,,,,,,,,,,,,,,,,,,,,,,,,,,,,,,,,,,,,,,,,,,,,,,,,,,,,,,,,,,,,,,,,,,,,,,,,,
