ACSSF,2012e1,co,000,0048,0000001,2351937,67535,45317,99372,139698,232781,314487,363371,296154,186914,188627,85236,34307,155035,143103,1879015,56238,38313,82219,114254,189229,248961,292503,240813,149149,152070,66013,24025,113878,111350,244255,5619,4390,10450,16421,29048,34202,39284,26187,18189,17082,8282,4000,15909,15192,81480,1566,713,2917,3810,6896,11213,13610,9380,6921,5063,2595,2096,9478,5222,83892,1562,837,2580,2487,4260,13640,10126,11416,6229,7733,4467,2625,9518,6412,63295,2550,1064,1206,2726,3348,6471,7848,8358,6426,6679,3879,1561,6252,4927,2351937,67535,45317,99372,139698,232781,314487,363371,296154,186914,606308,1879015,56238,38313,82219,114254,189229,248961,292503,240813,149149,467336,244255,5619,4390,10450,16421,29048,34202,39284,26187,18189,60465,81480,1566,713,2917,3810,6896,11213,13610,9380,6921,24454,147187,4112,1901,3786,5213,7608,20111,17974,19774,12655,54053
ACSSF,2012e1,co,000,0048,0000002,,,,,,,,,,,,,,,,,,,,,,,,,,,,,,,,,,,,,,,,,,,,,,,,,,,,,,,,,,,,,,,,,,,,,,,,,,,,,,,,,,,,,,,,,,,,,,,,,,,,,,,,,,,,,,,,,,,,,,,,,,,,,,,,,,,,,,,,,,,,,,,,,
ACSSF,2012e1,co,000,0048,0000003,,,,,,,,,,,,,,,,,,,,,,,,,,,,,,,,,,,,,,,,,,,,,,,,,,,,,,,,,,,,,,,,,,,,,,,,,,,,,,,,,,,,,,,,,,,,,,,,,,,,,,,,,,,,,,,,,,,,,,,,,,,,,,,,,,,,,,,,,,,,,,,,,
ACSSF,2012e1,co,000,0048,0000004,,,,,,,,,,,,,,,,,,,,,,,,,,,,,,,,,,,,,,,,,,,,,,,,,,,,,,,,,,,,,,,,,,,,,,,,,,,,,,,,,,,,,,,,,,,,,,,,,,,,,,,,,,,,,,,,,,,,,,,,,,,,,,,,,,,,,,,,,,,,,,,,,
ACSSF,2012e1,co,000,0048,0000005,,,,,,,,,,,,,,,,,,,,,,,,,,,,,,,,,,,,,,,,,,,,,,,,,,,,,,,,,,,,,,,,,,,,,,,,,,,,,,,,,,,,,,,,,,,,,,,,,,,,,,,,,,,,,,,,,,,,,,,,,,,,,,,,,,,,,,,,,,,,,,,,,
ACSSF,2012e1,co,000,0048,0000006,,,,,,,,,,,,,,,,,,,,,,,,,,,,,,,,,,,,,,,,,,,,,,,,,,,,,,,,,,,,,,,,,,,,,,,,,,,,,,,,,,,,,,,,,,,,,,,,,,,,,,,,,,,,,,,,,,,,,,,,,,,,,,,,,,,,,,,,,,,,,,,,,
ACSSF,2012e1,co,000,0048,0000007,,,,,,,,,,,,,,,,,,,,,,,,,,,,,,,,,,,,,,,,,,,,,,,,,,,,,,,,,,,,,,,,,,,,,,,,,,,,,,,,,,,,,,,,,,,,,,,,,,,,,,,,,,,,,,,,,,,,,,,,,,,,,,,,,,,,,,,,,,,,,,,,,
ACSSF,2012e1,co,000,0048,0000008,,,,,,,,,,,,,,,,,,,,,,,,,,,,,,,,,,,,,,,,,,,,,,,,,,,,,,,,,,,,,,,,,,,,,,,,,,,,,,,,,,,,,,,,,,,,,,,,,,,,,,,,,,,,,,,,,,,,,,,,,,,,,,,,,,,,,,,,,,,,,,,,,
ACSSF,2012e1,co,000,0048,0000009,,,,,,,,,,,,,,,,,,,,,,,,,,,,,,,,,,,,,,,,,,,,,,,,,,,,,,,,,,,,,,,,,,,,,,,,,,,,,,,,,,,,,,,,,,,,,,,,,,,,,,,,,,,,,,,,,,,,,,,,,,,,,,,,,,,,,,,,,,,,,,,,,
ACSSF,2012e1,co,000,0048,0000010,,,,,,,,,,,,,,,,,,,,,,,,,,,,,,,,,,,,,,,,,,,,,,,,,,,,,,,,,,,,,,,,,,,,,,,,,,,,,,,,,,,,,,,,,,,,,,,,,,,,,,,,,,,,,,,,,,,,,,,,,,,,,,,,,,,,,,,,,,,,,,,,,
ACSSF,2012e1,co,000,0048,0000011,,,,,,,,,,,,,,,,,,,,,,,,,,,,,,,,,,,,,,,,,,,,,,,,,,,,,,,,,,,,,,,,,,,,,,,,,,,,,,,,,,,,,,,,,,,,,,,,,,,,,,,,,,,,,,,,,,,,,,,,,,,,,,,,,,,,,,,,,,,,,,,,,
ACSSF,2012e1,co,000,0048,0000012,,,,,,,,,,,,,,,,,,,,,,,,,,,,,,,,,,,,,,,,,,,,,,,,,,,,,,,,,,,,,,,,,,,,,,,,,,,,,,,,,,,,,,,,,,,,,,,,,,,,,,,,,,,,,,,,,,,,,,,,,,,,,,,,,,,,,,,,,,,,,,,,,
ACSSF,2012e1,co,000,0048,0000013,162171,7784,3815,7170,14101,17219,21580,22385,18536,9451,11062,4669,2296,11795,10308,134966,6906,3080,6046,11777,15137,16356,19362,14824,8272,9509,3774,1559,9798,8566,17421,499,329,718,1710,1681,3542,1900,1991,525,1204,650,397,879,1396,3949,210,0,220,170,180,529,744,733,163,91,81,84,744,0,3062,20,0,149,96,153,779,184,826,305,148,83,72,133,114,2773,149,406,37,348,68,374,195,162,186,110,81,184,241,232,162171,7784,3815,7170,14101,17219,21580,22385,18536,9451,40130,134966,6906,3080,6046,11777,15137,16356,19362,14824,8272,33206,17421,499,329,718,1710,1681,3542,1900,1991,525,4526,3949,210,0,220,170,180,529,744,733,163,1000,5835,169,406,186,444,221,1153,379,988,491,1398
ACSSF,2012e1,co,000,0048,0000014,266335,6624,4643,9932,15184,27210,37973,44881,36389,23284,20419,9237,3250,15078,12231,227670,5899,3657,9178,12211,24449,32555,38383,32419,20042,18012,6893,2356,11677,9939,24048,428,794,556,1994,1919,4317,4175,2353,2274,1465,1242,77,1357,1097,6977,101,149,183,697,508,708,1134,931,353,233,332,538,588,522,4357,49,0,15,109,334,171,495,499,40,456,644,180,821,544,3283,147,43,0,173,0,222,694,187,575,253,126,99,635,129,266335,6624,4643,9932,15184,27210,37973,44881,36389,23284,60215,227670,5899,3657,9178,12211,24449,32555,38383,32419,20042,48877,24048,428,794,556,1994,1919,4317,4175,2353,2274,5238,6977,101,149,183,697,508,708,1134,931,353,2213,7640,196,43,15,282,334,393,1189,686,615,3887
ACSSF,2012e1,co,000,0048,0000015,168814,3404,1528,4776,7330,11088,18178,25265,25920,18286,18749,8002,3476,12062,10750,131892,3074,1285,4015,5379,10081,15114,19370,21279,13710,14622,5855,1887,9271,6950,11690,51,243,334,978,529,1582,2305,1415,1016,802,386,484,718,847,7875,0,0,135,362,115,687,1427,949,1081,663,416,436,764,840,7899,279,0,224,182,184,396,818,1111,1064,1225,802,97,411,1106,9458,0,0,68,429,179,399,1345,1166,1415,1437,543,572,898,1007,168814,3404,1528,4776,7330,11088,18178,25265,25920,18286,53039,131892,3074,1285,4015,5379,10081,15114,19370,21279,13710,38585,11690,51,243,334,978,529,1582,2305,1415,1016,3237,7875,0,0,135,362,115,687,1427,949,1081,3119,17357,279,0,292,611,363,795,2163,2277,2479,8098
ACSSF,2012e1,co,000,0048,0000016,452963,12335,8153,20123,28187,42388,57509,69408,54725,40519,37707,15802,5962,31550,28595,334825,9468,6984,15605,23094,31506,44610,49597,38607,29996,28463,11347,3745,20481,21322,44469,967,141,2237,2294,4965,4202,8282,6195,3103,3112,1255,839,3595,3282,41574,720,564,1694,1939,4413,5603,7537,4154,3961,2831,1037,723,4171,2227,16987,289,260,509,356,989,1897,2159,3318,1732,1745,752,443,1634,904,15108,891,204,78,504,515,1197,1833,2451,1727,1556,1411,212,1669,860,452963,12335,8153,20123,28187,42388,57509,69408,54725,40519,119616,334825,9468,6984,15605,23094,31506,44610,49597,38607,29996,85358,44469,967,141,2237,2294,4965,4202,8282,6195,3103,12083,41574,720,564,1694,1939,4413,5603,7537,4154,3961,10989,32095,1180,464,587,860,1504,3094,3992,5769,3459,11186
ACSSF,2012e1,co,000,0048,0000017,,,,,,,,,,,,,,,,,,,,,,,,,,,,,,,,,,,,,,,,,,,,,,,,,,,,,,,,,,,,,,,,,,,,,,,,,,,,,,,,,,,,,,,,,,,93894,1720,2009,2082,4087,9721,14745,13958,12225,8393,24954,81750,1618,1805,1927,3654,8417,12517,12490,10755,6753,21814,8518,73,163,68,159,1177,1864,1060,960,1237,1757,810,0,0,21,187,83,119,39,0,41,320,2816,29,41,66,87,44,245,369,510,362,1063
ACSSF,2012e1,co,000,0048,0000018,284673,8400,9614,15723,15323,29449,44896,48551,29643,18620,18416,8248,4838,17171,15781,234321,7375,8047,13039,12672,24417,34801,41124,25686,14887,15330,6780,3671,13830,12662,31992,791,1227,1318,1807,4322,4324,4744,2772,3142,2034,922,922,1627,2040,1464,34,0,0,0,0,161,280,311,155,92,0,50,126,255,13665,7,189,1017,584,505,5354,2064,604,217,564,379,123,1342,716,3231,193,151,349,260,205,256,339,270,219,396,167,72,246,108,284673,8400,9614,15723,15323,29449,44896,48551,29643,18620,64454,234321,7375,8047,13039,12672,24417,34801,41124,25686,14887,52273,31992,791,1227,1318,1807,4322,4324,4744,2772,3142,7545,1464,34,0,0,0,0,161,280,311,155,523,16896,200,340,1366,844,710,5610,2403,874,436,4113
ACSSF,2012e1,co,000,0048,0000019,210109,4924,3052,7848,11780,19174,26981,30447,27001,19378,18843,9011,3246,15290,13134,176427,3867,3004,6601,10513,15818,22242,25751,24025,16442,16204,7504,1818,12593,10045,20145,317,48,1072,991,2217,2484,3186,1508,2042,1954,954,665,1272,1435,4659,0,0,133,68,655,827,558,397,254,103,149,163,676,676,4512,380,0,0,169,278,555,220,610,433,294,228,519,564,262,4366,360,0,42,39,206,873,732,461,207,288,176,81,185,716,210109,4924,3052,7848,11780,19174,26981,30447,27001,19378,59524,176427,3867,3004,6601,10513,15818,22242,25751,24025,16442,48164,20145,317,48,1072,991,2217,2484,3186,1508,2042,6280,4659,0,0,133,68,655,827,558,397,254,1767,8878,740,0,42,208,484,1428,952,1071,640,3313
ACSSF,2012e1,co,000,0048,0000020,141730,4663,1906,5613,6371,14670,16353,21106,19333,12274,12351,5881,1750,8223,11236,113611,3456,1600,4881,5222,11771,13471,17580,14844,10060,9927,4807,1456,5249,9287,12239,526,281,406,729,1849,2263,1858,1538,544,792,354,61,714,324,2160,0,0,0,0,63,0,374,42,458,383,176,0,410,254,5151,69,0,40,0,206,280,530,1353,338,573,62,35,1226,439,8569,612,25,286,420,781,339,764,1556,874,676,482,198,624,932,141730,4663,1906,5613,6371,14670,16353,21106,19333,12274,39441,113611,3456,1600,4881,5222,11771,13471,17580,14844,10060,30726,12239,526,281,406,729,1849,2263,1858,1538,544,2245,2160,0,0,0,0,63,0,374,42,458,1223,13720,681,25,326,420,987,619,1294,2909,1212,5247
ACSSF,2012e1,co,000,0048,0000021,,,,,,,,,,,,,,,,,,,,,,,,,,,,,,,,,,,,,,,,,,,,,,,,,,,,,,,,,,,,,,,,,,,,,,,,,,,,,,,,,,,,,,,,,,,62230,2306,1415,2582,3278,7168,10169,8682,8518,4021,14091,51271,1661,1151,1635,2709,6196,9099,7081,7777,3323,10639,6401,569,182,821,419,749,532,817,531,565,1216,514,0,0,0,66,87,0,41,0,0,320,4044,76,82,126,84,136,538,743,210,133,1916
ACSSF,2012e1,co,000,0048,0000022,,,,,,,,,,,,,,,,,,,,,,,,,,,,,,,,,,,,,,,,,,,,,,,,,,,,,,,,,,,,,,,,,,,,,,,,,,,,,,,,,,,,,,,,,,,60044,1901,1036,3550,4036,5543,7634,7402,7326,2890,18726,49681,1768,882,2836,3457,4561,6400,6348,6674,1979,14776,6915,68,81,675,355,948,857,817,349,574,2191,410,0,0,0,0,0,38,136,51,30,155,3038,65,73,39,224,34,339,101,252,307,1604
ACSSF,2012e1,co,000,0048,0000023,96222,3869,1757,4394,7720,12361,12973,13830,10870,5844,5606,2453,1499,5451,7595,79106,3278,1509,4082,6343,9358,10689,12209,9481,5289,4036,1615,1144,3779,6294,12047,555,228,245,1189,2496,1343,1112,782,313,1084,689,38,1074,899,372,0,0,0,0,162,7,0,203,0,0,0,0,0,0,2768,36,0,37,79,83,416,244,314,99,201,149,317,463,330,1929,0,20,30,109,262,518,265,90,143,285,0,0,135,72,96222,3869,1757,4394,7720,12361,12973,13830,10870,5844,22604,79106,3278,1509,4082,6343,9358,10689,12209,9481,5289,16868,12047,555,228,245,1189,2496,1343,1112,782,313,3784,372,0,0,0,0,162,7,0,203,0,0,4697,36,20,67,188,345,934,509,404,242,1952
ACSSF,2012e1,co,000,0048,0000024,,,,,,,,,,,,,,,,,,,,,,,,,,,,,,,,,,,,,,,,,,,,,,,,,,,,,,,,,,,,,,,,,,,,,,,,,,,,,,,,,,,,,,,,,,,,,,,,,,,,,,,,,,,,,,,,,,,,,,,,,,,,,,,,,,,,,,,,,,,,,,,,,
ACSSF,2012e1,co,000,0048,0000025,121469,4342,3138,5168,11089,12555,16456,18554,12807,7768,7750,4883,1575,7819,7565,100785,3936,2695,4623,9054,10914,13210,15793,10820,6997,6547,3585,852,6021,5738,11899,144,443,460,1495,1054,2201,1258,1432,478,635,713,66,551,969,4346,101,0,70,429,394,521,789,321,143,233,79,464,401,401,2848,14,0,15,66,193,237,302,123,56,313,506,131,464,428,1591,147,0,0,45,0,287,412,111,94,22,0,62,382,29,121469,4342,3138,5168,11089,12555,16456,18554,12807,7768,29592,100785,3936,2695,4623,9054,10914,13210,15793,10820,6997,22743,11899,144,443,460,1495,1054,2201,1258,1432,478,2934,4346,101,0,70,429,394,521,789,321,143,1578,4439,161,0,15,111,193,524,714,234,150,2337
ACSSF,2012e1,co,000,0048,0000026,93010,1765,960,2420,3143,5871,8434,12884,14044,11842,12038,5029,2578,6354,5648,67765,1650,717,1869,2129,5476,6881,8894,10934,8189,8769,3328,1463,4248,3218,5461,0,243,192,226,42,478,1213,714,716,695,233,40,325,344,6774,0,0,135,318,115,549,1194,843,1017,569,416,436,646,536,5622,115,0,224,89,103,237,714,481,761,993,556,89,334,926,7388,0,0,0,381,135,289,869,1072,1159,1012,496,550,801,624,93010,1765,960,2420,3143,5871,8434,12884,14044,11842,31647,67765,1650,717,1869,2129,5476,6881,8894,10934,8189,21026,5461,0,243,192,226,42,478,1213,714,716,1637,6774,0,0,135,318,115,549,1194,843,1017,2603,13010,115,0,224,470,238,526,1583,1553,1920,6381
ACSSF,2012e1,co,000,0048,0000027,,,,,,,,,,,,,,,,,,,,,,,,,,,,,,,,,,,,,,,,,,,,,,,,,,,,,,,,,,,,,,,,,,,,,,,,,,,,,,,,,,,,,,,,,,,,,,,,,,,,,,,,,,,,,,,,,,,,,,,,,,,,,,,,,,,,,,,,,,,,,,,,,
ACSSF,2012e1,co,000,0048,0000028,207866,4970,5331,7021,10285,20440,30260,39159,24712,14139,13675,6716,4063,14540,12555,179302,4774,4519,6203,8804,17550,26993,34343,21643,12042,11772,5690,3278,11595,10096,20143,196,680,488,1116,2490,2690,3353,2142,1758,1216,521,649,1389,1455,1267,0,0,0,0,0,161,270,208,155,92,0,0,126,255,4614,0,41,36,242,195,160,854,449,42,214,379,64,1222,716,2540,0,91,294,123,205,256,339,270,142,381,126,72,208,33,207866,4970,5331,7021,10285,20440,30260,39159,24712,14139,51549,179302,4774,4519,6203,8804,17550,26993,34343,21643,12042,42431,20143,196,680,488,1116,2490,2690,3353,2142,1758,5230,1267,0,0,0,0,0,161,270,208,155,473,7154,0,132,330,365,400,416,1193,719,184,3415
ACSSF,2012e1,co,000,0048,0000029,452963,12335,8153,20123,28187,42388,57509,69408,54725,40519,37707,15802,5962,31550,28595,334825,9468,6984,15605,23094,31506,44610,49597,38607,29996,28463,11347,3745,20481,21322,44469,967,141,2237,2294,4965,4202,8282,6195,3103,3112,1255,839,3595,3282,41574,720,564,1694,1939,4413,5603,7537,4154,3961,2831,1037,723,4171,2227,16987,289,260,509,356,989,1897,2159,3318,1732,1745,752,443,1634,904,15108,891,204,78,504,515,1197,1833,2451,1727,1556,1411,212,1669,860,452963,12335,8153,20123,28187,42388,57509,69408,54725,40519,119616,334825,9468,6984,15605,23094,31506,44610,49597,38607,29996,85358,44469,967,141,2237,2294,4965,4202,8282,6195,3103,12083,41574,720,564,1694,1939,4413,5603,7537,4154,3961,10989,32095,1180,464,587,860,1504,3094,3992,5769,3459,11186
ACSSF,2012e1,co,000,0048,0000030,85779,2421,1130,2287,2954,8300,10007,12578,12595,8157,7675,3862,1057,5044,7712,66708,1481,824,1946,2459,6532,9090,9791,9248,6346,6092,2883,869,2901,6246,6598,326,281,188,282,1109,664,1256,936,276,256,316,61,500,147,1990,0,0,0,0,63,0,374,42,458,383,119,0,362,189,3475,69,0,0,0,135,0,393,926,241,516,62,35,818,280,7008,545,25,153,213,461,253,764,1443,836,428,482,92,463,850,85779,2421,1130,2287,2954,8300,10007,12578,12595,8157,25350,66708,1481,824,1946,2459,6532,9090,9791,9248,6346,18991,6598,326,281,188,282,1109,664,1256,936,276,1280,1990,0,0,0,0,63,0,374,42,458,1053,10483,614,25,153,213,596,253,1157,2369,1077,4026
ACSSF,2012e1,co,000,0048,0000031,,,,,,,,,,,,,,,,,,,,,,,,,,,,,,,,,,,,,,,,,,,,,,,,,,,,,,,,,,,,,,,,,,,,,,,,,,,,,,,,,,,,,,,,,,,44208,1389,579,1295,2700,5302,6456,6589,5288,3094,11516,37202,1350,474,1148,2220,4315,5583,5987,4728,2660,8737,3864,39,105,117,416,671,463,295,66,313,1379,210,0,0,0,0,0,7,0,203,0,0,2932,0,0,30,64,316,403,307,291,121,1400
ACSSF,2012e1,co,000,0048,0000032,,,,,,,,,,,,,,,,,,,,,,,,,,,,,,,,,,,,,,,,,,,,,,,,,,,,,,,,,,,,,,,,,,,,,,,,,,,,,,,,,,,,,,,,,,,,,,,,,,,,,,,,,,,,,,,,,,,,,,,,,,,,,,,,,,,,,,,,,,,,,,,,,
ACSSF,2012e1,co,000,0048,0000033,,,,,,,,,,,,,,,,,,,,,,,,,,,,,,,,,,,,,,,,,,,,,,,,,,,,,,,,,,,,,,,,,,,,,,,,,,,,,,,,,,,,,,,,,,,72840,1653,1151,2257,4198,6974,8870,10806,10003,7431,19497,59528,1235,1151,2216,3694,5044,6840,8790,8734,6436,15388,7480,100,0,41,470,1324,1136,1116,509,731,2053,2587,0,0,0,34,365,418,267,211,151,1141,3245,318,0,0,0,241,476,633,549,113,915
ACSSF,2012e1,co,000,0048,0000034,,,,,,,,,,,,,,,,,,,,,,,,,,,,,,,,,,,,,,,,,,,,,,,,,,,,,,,,,,,,,,,,,,,,,,,,,,,,,,,,,,,,,,,,,,,,,,,,,,,,,,,,,,,,,,,,,,,,,,,,,,,,,,,,,,,,,,,,,,,,,,,,,
ACSSF,2012e1,co,000,0048,0000035,,,,,,,,,,,,,,,,,,,,,,,,,,,,,,,,,,,,,,,,,,,,,,,,,,,,,,,,,,,,,,,,,,,,,,,,,,,,,,,,,,,,,,,,,,,,,,,,,,,,,,,,,,,,,,,,,,,,,,,,,,,,,,,,,,,,,,,,,,,,,,,,,
ACSSF,2012e1,co,000,0048,0000036,,,,,,,,,,,,,,,,,,,,,,,,,,,,,,,,,,,,,,,,,,,,,,,,,,,,,,,,,,,,,,,,,,,,,,,,,,,,,,,,,,,,,,,,,,,,,,,,,,,,,,,,,,,,,,,,,,,,,,,,,,,,,,,,,,,,,,,,,,,,,,,,,
ACSSF,2012e1,co,000,0048,0000037,,,,,,,,,,,,,,,,,,,,,,,,,,,,,,,,,,,,,,,,,,,,,,,,,,,,,,,,,,,,,,,,,,,,,,,,,,,,,,,,,,,,,,,,,,,,,,,,,,,,,,,,,,,,,,,,,,,,,,,,,,,,,,,,,,,,,,,,,,,,,,,,,
ACSSF,2012e1,co,000,0048,0000038,,,,,,,,,,,,,,,,,,,,,,,,,,,,,,,,,,,,,,,,,,,,,,,,,,,,,,,,,,,,,,,,,,,,,,,,,,,,,,,,,,,,,,,,,,,,,,,,,,,,,,,,,,,,,,,,,,,,,,,,,,,,,,,,,,,,,,,,,,,,,,,,,
ACSSF,2012e1,co,000,0048,0000039,93010,1765,960,2420,3143,5871,8434,12884,14044,11842,12038,5029,2578,6354,5648,67765,1650,717,1869,2129,5476,6881,8894,10934,8189,8769,3328,1463,4248,3218,5461,0,243,192,226,42,478,1213,714,716,695,233,40,325,344,6774,0,0,135,318,115,549,1194,843,1017,569,416,436,646,536,5622,115,0,224,89,103,237,714,481,761,993,556,89,334,926,7388,0,0,0,381,135,289,869,1072,1159,1012,496,550,801,624,93010,1765,960,2420,3143,5871,8434,12884,14044,11842,31647,67765,1650,717,1869,2129,5476,6881,8894,10934,8189,21026,5461,0,243,192,226,42,478,1213,714,716,1637,6774,0,0,135,318,115,549,1194,843,1017,2603,13010,115,0,224,470,238,526,1583,1553,1920,6381
ACSSF,2012e1,co,000,0048,0000040,207866,4970,5331,7021,10285,20440,30260,39159,24712,14139,13675,6716,4063,14540,12555,179302,4774,4519,6203,8804,17550,26993,34343,21643,12042,11772,5690,3278,11595,10096,20143,196,680,488,1116,2490,2690,3353,2142,1758,1216,521,649,1389,1455,1267,0,0,0,0,0,161,270,208,155,92,0,0,126,255,4614,0,41,36,242,195,160,854,449,42,214,379,64,1222,716,2540,0,91,294,123,205,256,339,270,142,381,126,72,208,33,207866,4970,5331,7021,10285,20440,30260,39159,24712,14139,51549,179302,4774,4519,6203,8804,17550,26993,34343,21643,12042,42431,20143,196,680,488,1116,2490,2690,3353,2142,1758,5230,1267,0,0,0,0,0,161,270,208,155,473,7154,0,132,330,365,400,416,1193,719,184,3415
ACSSF,2012e1,co,000,0048,0000041,121469,4342,3138,5168,11089,12555,16456,18554,12807,7768,7750,4883,1575,7819,7565,100785,3936,2695,4623,9054,10914,13210,15793,10820,6997,6547,3585,852,6021,5738,11899,144,443,460,1495,1054,2201,1258,1432,478,635,713,66,551,969,4346,101,0,70,429,394,521,789,321,143,233,79,464,401,401,2848,14,0,15,66,193,237,302,123,56,313,506,131,464,428,1591,147,0,0,45,0,287,412,111,94,22,0,62,382,29,121469,4342,3138,5168,11089,12555,16456,18554,12807,7768,29592,100785,3936,2695,4623,9054,10914,13210,15793,10820,6997,22743,11899,144,443,460,1495,1054,2201,1258,1432,478,2934,4346,101,0,70,429,394,521,789,321,143,1578,4439,161,0,15,111,193,524,714,234,150,2337
ACSSF,2012e1,co,000,0048,0000042,452963,12335,8153,20123,28187,42388,57509,69408,54725,40519,37707,15802,5962,31550,28595,334825,9468,6984,15605,23094,31506,44610,49597,38607,29996,28463,11347,3745,20481,21322,44469,967,141,2237,2294,4965,4202,8282,6195,3103,3112,1255,839,3595,3282,41574,720,564,1694,1939,4413,5603,7537,4154,3961,2831,1037,723,4171,2227,16987,289,260,509,356,989,1897,2159,3318,1732,1745,752,443,1634,904,15108,891,204,78,504,515,1197,1833,2451,1727,1556,1411,212,1669,860,452963,12335,8153,20123,28187,42388,57509,69408,54725,40519,119616,334825,9468,6984,15605,23094,31506,44610,49597,38607,29996,85358,44469,967,141,2237,2294,4965,4202,8282,6195,3103,12083,41574,720,564,1694,1939,4413,5603,7537,4154,3961,10989,32095,1180,464,587,860,1504,3094,3992,5769,3459,11186
ACSSF,2012e1,co,000,0048,0000043,85779,2421,1130,2287,2954,8300,10007,12578,12595,8157,7675,3862,1057,5044,7712,66708,1481,824,1946,2459,6532,9090,9791,9248,6346,6092,2883,869,2901,6246,6598,326,281,188,282,1109,664,1256,936,276,256,316,61,500,147,1990,0,0,0,0,63,0,374,42,458,383,119,0,362,189,3475,69,0,0,0,135,0,393,926,241,516,62,35,818,280,7008,545,25,153,213,461,253,764,1443,836,428,482,92,463,850,85779,2421,1130,2287,2954,8300,10007,12578,12595,8157,25350,66708,1481,824,1946,2459,6532,9090,9791,9248,6346,18991,6598,326,281,188,282,1109,664,1256,936,276,1280,1990,0,0,0,0,63,0,374,42,458,1053,10483,614,25,153,213,596,253,1157,2369,1077,4026
ACSSF,2012e1,co,000,0048,0000044,,,,,,,,,,,,,,,,,,,,,,,,,,,,,,,,,,,,,,,,,,,,,,,,,,,,,,,,,,,,,,,,,,,,,,,,,,,,,,,,,,,,,,,,,,,,,,,,,,,,,,,,,,,,,,,,,,,,,,,,,,,,,,,,,,,,,,,,,,,,,,,,,
ACSSF,2012e1,co,000,0048,0000045,,,,,,,,,,,,,,,,,,,,,,,,,,,,,,,,,,,,,,,,,,,,,,,,,,,,,,,,,,,,,,,,,,,,,,,,,,,,,,,,,,,,,,,,,,,44208,1389,579,1295,2700,5302,6456,6589,5288,3094,11516,37202,1350,474,1148,2220,4315,5583,5987,4728,2660,8737,3864,39,105,117,416,671,463,295,66,313,1379,210,0,0,0,0,0,7,0,203,0,0,2932,0,0,30,64,316,403,307,291,121,1400
ACSSF,2012e1,co,000,0048,0000046,,,,,,,,,,,,,,,,,,,,,,,,,,,,,,,,,,,,,,,,,,,,,,,,,,,,,,,,,,,,,,,,,,,,,,,,,,,,,,,,,,,,,,,,,,,,,,,,,,,,,,,,,,,,,,,,,,,,,,,,,,,,,,,,,,,,,,,,,,,,,,,,,
ACSSF,2012e1,co,000,0048,0000047,,,,,,,,,,,,,,,,,,,,,,,,,,,,,,,,,,,,,,,,,,,,,,,,,,,,,,,,,,,,,,,,,,,,,,,,,,,,,,,,,,,,,,,,,,,,,,,,,,,,,,,,,,,,,,,,,,,,,,,,,,,,,,,,,,,,,,,,,,,,,,,,,
ACSSF,2012e1,co,000,0048,0000048,,,,,,,,,,,,,,,,,,,,,,,,,,,,,,,,,,,,,,,,,,,,,,,,,,,,,,,,,,,,,,,,,,,,,,,,,,,,,,,,,,,,,,,,,,,,,,,,,,,,,,,,,,,,,,,,,,,,,,,,,,,,,,,,,,,,,,,,,,,,,,,,,
ACSSF,2012e1,co,000,0048,0000049,,,,,,,,,,,,,,,,,,,,,,,,,,,,,,,,,,,,,,,,,,,,,,,,,,,,,,,,,,,,,,,,,,,,,,,,,,,,,,,,,,,,,,,,,,,,,,,,,,,,,,,,,,,,,,,,,,,,,,,,,,,,,,,,,,,,,,,,,,,,,,,,,
ACSSF,2012e1,co,000,0048,0000050,,,,,,,,,,,,,,,,,,,,,,,,,,,,,,,,,,,,,,,,,,,,,,,,,,,,,,,,,,,,,,,,,,,,,,,,,,,,,,,,,,,,,,,,,,,,,,,,,,,,,,,,,,,,,,,,,,,,,,,,,,,,,,,,,,,,,,,,,,,,,,,,,
ACSSF,2012e1,co,000,0048,0000051,,,,,,,,,,,,,,,,,,,,,,,,,,,,,,,,,,,,,,,,,,,,,,,,,,,,,,,,,,,,,,,,,,,,,,,,,,,,,,,,,,,,,,,,,,,,,,,,,,,,,,,,,,,,,,,,,,,,,,,,,,,,,,,,,,,,,,,,,,,,,,,,,
ACSSF,2012e1,co,000,0048,0000052,,,,,,,,,,,,,,,,,,,,,,,,,,,,,,,,,,,,,,,,,,,,,,,,,,,,,,,,,,,,,,,,,,,,,,,,,,,,,,,,,,,,,,,,,,,,,,,,,,,,,,,,,,,,,,,,,,,,,,,,,,,,,,,,,,,,,,,,,,,,,,,,,
ACSSF,2012e1,co,000,0048,0000053,,,,,,,,,,,,,,,,,,,,,,,,,,,,,,,,,,,,,,,,,,,,,,,,,,,,,,,,,,,,,,,,,,,,,,,,,,,,,,,,,,,,,,,,,,,,,,,,,,,,,,,,,,,,,,,,,,,,,,,,,,,,,,,,,,,,,,,,,,,,,,,,,
ACSSF,2012e1,co,000,0048,0000054,,,,,,,,,,,,,,,,,,,,,,,,,,,,,,,,,,,,,,,,,,,,,,,,,,,,,,,,,,,,,,,,,,,,,,,,,,,,,,,,,,,,,,,,,,,,,,,,,,,,,,,,,,,,,,,,,,,,,,,,,,,,,,,,,,,,,,,,,,,,,,,,,
ACSSF,2012e1,co,000,0048,0000055,,,,,,,,,,,,,,,,,,,,,,,,,,,,,,,,,,,,,,,,,,,,,,,,,,,,,,,,,,,,,,,,,,,,,,,,,,,,,,,,,,,,,,,,,,,,,,,,,,,,,,,,,,,,,,,,,,,,,,,,,,,,,,,,,,,,,,,,,,,,,,,,,
ACSSF,2012e1,co,000,0048,0000056,,,,,,,,,,,,,,,,,,,,,,,,,,,,,,,,,,,,,,,,,,,,,,,,,,,,,,,,,,,,,,,,,,,,,,,,,,,,,,,,,,,,,,,,,,,,,,,,,,,,,,,,,,,,,,,,,,,,,,,,,,,,,,,,,,,,,,,,,,,,,,,,,
ACSSF,2012e1,co,000,0048,0000057,,,,,,,,,,,,,,,,,,,,,,,,,,,,,,,,,,,,,,,,,,,,,,,,,,,,,,,,,,,,,,,,,,,,,,,,,,,,,,,,,,,,,,,,,,,,,,,,,,,,,,,,,,,,,,,,,,,,,,,,,,,,,,,,,,,,,,,,,,,,,,,,,
ACSSF,2012e1,co,000,0048,0000058,,,,,,,,,,,,,,,,,,,,,,,,,,,,,,,,,,,,,,,,,,,,,,,,,,,,,,,,,,,,,,,,,,,,,,,,,,,,,,,,,,,,,,,,,,,,,,,,,,,,,,,,,,,,,,,,,,,,,,,,,,,,,,,,,,,,,,,,,,,,,,,,,
ACSSF,2012e1,co,000,0048,0000059,,,,,,,,,,,,,,,,,,,,,,,,,,,,,,,,,,,,,,,,,,,,,,,,,,,,,,,,,,,,,,,,,,,,,,,,,,,,,,,,,,,,,,,,,,,,,,,,,,,,,,,,,,,,,,,,,,,,,,,,,,,,,,,,,,,,,,,,,,,,,,,,,
ACSSF,2012e1,co,000,0048,0000060,,,,,,,,,,,,,,,,,,,,,,,,,,,,,,,,,,,,,,,,,,,,,,,,,,,,,,,,,,,,,,,,,,,,,,,,,,,,,,,,,,,,,,,,,,,,,,,,,,,,,,,,,,,,,,,,,,,,,,,,,,,,,,,,,,,,,,,,,,,,,,,,,
ACSSF,2012e1,co,000,0048,0000061,,,,,,,,,,,,,,,,,,,,,,,,,,,,,,,,,,,,,,,,,,,,,,,,,,,,,,,,,,,,,,,,,,,,,,,,,,,,,,,,,,,,,,,,,,,,,,,,,,,,,,,,,,,,,,,,,,,,,,,,,,,,,,,,,,,,,,,,,,,,,,,,,
ACSSF,2012e1,co,000,0048,0000062,,,,,,,,,,,,,,,,,,,,,,,,,,,,,,,,,,,,,,,,,,,,,,,,,,,,,,,,,,,,,,,,,,,,,,,,,,,,,,,,,,,,,,,,,,,,,,,,,,,,,,,,,,,,,,,,,,,,,,,,,,,,,,,,,,,,,,,,,,,,,,,,,
ACSSF,2012e1,co,000,0048,0000063,,,,,,,,,,,,,,,,,,,,,,,,,,,,,,,,,,,,,,,,,,,,,,,,,,,,,,,,,,,,,,,,,,,,,,,,,,,,,,,,,,,,,,,,,,,,,,,,,,,,,,,,,,,,,,,,,,,,,,,,,,,,,,,,,,,,,,,,,,,,,,,,,
ACSSF,2012e1,co,000,0048,0000064,,,,,,,,,,,,,,,,,,,,,,,,,,,,,,,,,,,,,,,,,,,,,,,,,,,,,,,,,,,,,,,,,,,,,,,,,,,,,,,,,,,,,,,,,,,,,,,,,,,,,,,,,,,,,,,,,,,,,,,,,,,,,,,,,,,,,,,,,,,,,,,,,
ACSSF,2012e1,co,000,0048,0000065,,,,,,,,,,,,,,,,,,,,,,,,,,,,,,,,,,,,,,,,,,,,,,,,,,,,,,,,,,,,,,,,,,,,,,,,,,,,,,,,,,,,,,,,,,,,,,,,,,,,,,,,,,,,,,,,,,,,,,,,,,,,,,,,,,,,,,,,,,,,,,,,,
ACSSF,2012e1,co,000,0048,0000066,,,,,,,,,,,,,,,,,,,,,,,,,,,,,,,,,,,,,,,,,,,,,,,,,,,,,,,,,,,,,,,,,,,,,,,,,,,,,,,,,,,,,,,,,,,,,,,,,,,,,,,,,,,,,,,,,,,,,,,,,,,,,,,,,,,,,,,,,,,,,,,,,
ACSSF,2012e1,co,000,0048,0000067,,,,,,,,,,,,,,,,,,,,,,,,,,,,,,,,,,,,,,,,,,,,,,,,,,,,,,,,,,,,,,,,,,,,,,,,,,,,,,,,,,,,,,,,,,,,,,,,,,,,,,,,,,,,,,,,,,,,,,,,,,,,,,,,,,,,,,,,,,,,,,,,,
ACSSF,2012e1,co,000,0048,0000068,,,,,,,,,,,,,,,,,,,,,,,,,,,,,,,,,,,,,,,,,,,,,,,,,,,,,,,,,,,,,,,,,,,,,,,,,,,,,,,,,,,,,,,,,,,,,,,,,,,,,,,,,,,,,,,,,,,,,,,,,,,,,,,,,,,,,,,,,,,,,,,,,
ACSSF,2012e1,co,000,0048,0000069,,,,,,,,,,,,,,,,,,,,,,,,,,,,,,,,,,,,,,,,,,,,,,,,,,,,,,,,,,,,,,,,,,,,,,,,,,,,,,,,,,,,,,,,,,,,,,,,,,,,,,,,,,,,,,,,,,,,,,,,,,,,,,,,,,,,,,,,,,,,,,,,,
ACSSF,2012e1,co,000,0048,0000070,,,,,,,,,,,,,,,,,,,,,,,,,,,,,,,,,,,,,,,,,,,,,,,,,,,,,,,,,,,,,,,,,,,,,,,,,,,,,,,,,,,,,,,,,,,,,,,,,,,,,,,,,,,,,,,,,,,,,,,,,,,,,,,,,,,,,,,,,,,,,,,,,
ACSSF,2012e1,co,000,0048,0000071,,,,,,,,,,,,,,,,,,,,,,,,,,,,,,,,,,,,,,,,,,,,,,,,,,,,,,,,,,,,,,,,,,,,,,,,,,,,,,,,,,,,,,,,,,,,,,,,,,,,,,,,,,,,,,,,,,,,,,,,,,,,,,,,,,,,,,,,,,,,,,,,,
ACSSF,2012e1,co,000,0048,0000072,,,,,,,,,,,,,,,,,,,,,,,,,,,,,,,,,,,,,,,,,,,,,,,,,,,,,,,,,,,,,,,,,,,,,,,,,,,,,,,,,,,,,,,,,,,,,,,,,,,,,,,,,,,,,,,,,,,,,,,,,,,,,,,,,,,,,,,,,,,,,,,,,
ACSSF,2012e1,co,000,0048,0000073,,,,,,,,,,,,,,,,,,,,,,,,,,,,,,,,,,,,,,,,,,,,,,,,,,,,,,,,,,,,,,,,,,,,,,,,,,,,,,,,,,,,,,,,,,,,,,,,,,,,,,,,,,,,,,,,,,,,,,,,,,,,,,,,,,,,,,,,,,,,,,,,,
ACSSF,2012e1,co,000,0048,0000074,,,,,,,,,,,,,,,,,,,,,,,,,,,,,,,,,,,,,,,,,,,,,,,,,,,,,,,,,,,,,,,,,,,,,,,,,,,,,,,,,,,,,,,,,,,,,,,,,,,,,,,,,,,,,,,,,,,,,,,,,,,,,,,,,,,,,,,,,,,,,,,,,
ACSSF,2012e1,co,000,0048,0000075,,,,,,,,,,,,,,,,,,,,,,,,,,,,,,,,,,,,,,,,,,,,,,,,,,,,,,,,,,,,,,,,,,,,,,,,,,,,,,,,,,,,,,,,,,,,,,,,,,,,,,,,,,,,,,,,,,,,,,,,,,,,,,,,,,,,,,,,,,,,,,,,,
ACSSF,2012e1,co,000,0048,0000076,,,,,,,,,,,,,,,,,,,,,,,,,,,,,,,,,,,,,,,,,,,,,,,,,,,,,,,,,,,,,,,,,,,,,,,,,,,,,,,,,,,,,,,,,,,,,,,,,,,,,,,,,,,,,,,,,,,,,,,,,,,,,,,,,,,,,,,,,,,,,,,,,
ACSSF,2012e1,co,000,0048,0000077,,,,,,,,,,,,,,,,,,,,,,,,,,,,,,,,,,,,,,,,,,,,,,,,,,,,,,,,,,,,,,,,,,,,,,,,,,,,,,,,,,,,,,,,,,,,,,,,,,,,,,,,,,,,,,,,,,,,,,,,,,,,,,,,,,,,,,,,,,,,,,,,,
ACSSF,2012e1,co,000,0048,0000078,,,,,,,,,,,,,,,,,,,,,,,,,,,,,,,,,,,,,,,,,,,,,,,,,,,,,,,,,,,,,,,,,,,,,,,,,,,,,,,,,,,,,,,,,,,,,,,,,,,,,,,,,,,,,,,,,,,,,,,,,,,,,,,,,,,,,,,,,,,,,,,,,
ACSSF,2012e1,co,000,0048,0000079,,,,,,,,,,,,,,,,,,,,,,,,,,,,,,,,,,,,,,,,,,,,,,,,,,,,,,,,,,,,,,,,,,,,,,,,,,,,,,,,,,,,,,,,,,,,,,,,,,,,,,,,,,,,,,,,,,,,,,,,,,,,,,,,,,,,,,,,,,,,,,,,,
ACSSF,2012e1,co,000,0048,0000080,,,,,,,,,,,,,,,,,,,,,,,,,,,,,,,,,,,,,,,,,,,,,,,,,,,,,,,,,,,,,,,,,,,,,,,,,,,,,,,,,,,,,,,,,,,,,,,,,,,,,,,,,,,,,,,,,,,,,,,,,,,,,,,,,,,,,,,,,,,,,,,,,
ACSSF,2012e1,co,000,0048,0000081,,,,,,,,,,,,,,,,,,,,,,,,,,,,,,,,,,,,,,,,,,,,,,,,,,,,,,,,,,,,,,,,,,,,,,,,,,,,,,,,,,,,,,,,,,,,,,,,,,,,,,,,,,,,,,,,,,,,,,,,,,,,,,,,,,,,,,,,,,,,,,,,,
ACSSF,2012e1,co,000,0048,0000082,,,,,,,,,,,,,,,,,,,,,,,,,,,,,,,,,,,,,,,,,,,,,,,,,,,,,,,,,,,,,,,,,,,,,,,,,,,,,,,,,,,,,,,,,,,,,,,,,,,,,,,,,,,,,,,,,,,,,,,,,,,,,,,,,,,,,,,,,,,,,,,,,
ACSSF,2012e1,co,000,0048,0000083,,,,,,,,,,,,,,,,,,,,,,,,,,,,,,,,,,,,,,,,,,,,,,,,,,,,,,,,,,,,,,,,,,,,,,,,,,,,,,,,,,,,,,,,,,,,,,,,,,,,,,,,,,,,,,,,,,,,,,,,,,,,,,,,,,,,,,,,,,,,,,,,,
ACSSF,2012e1,co,000,0048,0000084,,,,,,,,,,,,,,,,,,,,,,,,,,,,,,,,,,,,,,,,,,,,,,,,,,,,,,,,,,,,,,,,,,,,,,,,,,,,,,,,,,,,,,,,,,,,,,,,,,,,,,,,,,,,,,,,,,,,,,,,,,,,,,,,,,,,,,,,,,,,,,,,,
ACSSF,2012e1,co,000,0048,0000085,,,,,,,,,,,,,,,,,,,,,,,,,,,,,,,,,,,,,,,,,,,,,,,,,,,,,,,,,,,,,,,,,,,,,,,,,,,,,,,,,,,,,,,,,,,,,,,,,,,,,,,,,,,,,,,,,,,,,,,,,,,,,,,,,,,,,,,,,,,,,,,,,
ACSSF,2012e1,co,000,0048,0000086,,,,,,,,,,,,,,,,,,,,,,,,,,,,,,,,,,,,,,,,,,,,,,,,,,,,,,,,,,,,,,,,,,,,,,,,,,,,,,,,,,,,,,,,,,,,,,,,,,,,,,,,,,,,,,,,,,,,,,,,,,,,,,,,,,,,,,,,,,,,,,,,,
ACSSF,2012e1,co,000,0048,0000087,,,,,,,,,,,,,,,,,,,,,,,,,,,,,,,,,,,,,,,,,,,,,,,,,,,,,,,,,,,,,,,,,,,,,,,,,,,,,,,,,,,,,,,,,,,,,,,,,,,,,,,,,,,,,,,,,,,,,,,,,,,,,,,,,,,,,,,,,,,,,,,,,
ACSSF,2012e1,co,000,0048,0000088,,,,,,,,,,,,,,,,,,,,,,,,,,,,,,,,,,,,,,,,,,,,,,,,,,,,,,,,,,,,,,,,,,,,,,,,,,,,,,,,,,,,,,,,,,,,,,,,,,,,,,,,,,,,,,,,,,,,,,,,,,,,,,,,,,,,,,,,,,,,,,,,,
ACSSF,2012e1,co,000,0048,0000089,,,,,,,,,,,,,,,,,,,,,,,,,,,,,,,,,,,,,,,,,,,,,,,,,,,,,,,,,,,,,,,,,,,,,,,,,,,,,,,,,,,,,,,,,,,,,,,,,,,,,,,,,,,,,,,,,,,,,,,,,,,,,,,,,,,,,,,,,,,,,,,,,
ACSSF,2012e1,co,000,0048,0000090,,,,,,,,,,,,,,,,,,,,,,,,,,,,,,,,,,,,,,,,,,,,,,,,,,,,,,,,,,,,,,,,,,,,,,,,,,,,,,,,,,,,,,,,,,,,,,,,,,,,,,,,,,,,,,,,,,,,,,,,,,,,,,,,,,,,,,,,,,,,,,,,,
ACSSF,2012e1,co,000,0048,0000091,,,,,,,,,,,,,,,,,,,,,,,,,,,,,,,,,,,,,,,,,,,,,,,,,,,,,,,,,,,,,,,,,,,,,,,,,,,,,,,,,,,,,,,,,,,,,,,,,,,,,,,,,,,,,,,,,,,,,,,,,,,,,,,,,,,,,,,,,,,,,,,,,
ACSSF,2012e1,co,000,0048,0000092,,,,,,,,,,,,,,,,,,,,,,,,,,,,,,,,,,,,,,,,,,,,,,,,,,,,,,,,,,,,,,,,,,,,,,,,,,,,,,,,,,,,,,,,,,,,,,,,,,,,,,,,,,,,,,,,,,,,,,,,,,,,,,,,,,,,,,,,,,,,,,,,,
ACSSF,2012e1,co,000,0048,0000093,,,,,,,,,,,,,,,,,,,,,,,,,,,,,,,,,,,,,,,,,,,,,,,,,,,,,,,,,,,,,,,,,,,,,,,,,,,,,,,,,,,,,,,,,,,,,,,,,,,,,,,,,,,,,,,,,,,,,,,,,,,,,,,,,,,,,,,,,,,,,,,,,
ACSSF,2012e1,co,000,0048,0000094,,,,,,,,,,,,,,,,,,,,,,,,,,,,,,,,,,,,,,,,,,,,,,,,,,,,,,,,,,,,,,,,,,,,,,,,,,,,,,,,,,,,,,,,,,,,,,,,,,,,,,,,,,,,,,,,,,,,,,,,,,,,,,,,,,,,,,,,,,,,,,,,,
ACSSF,2012e1,co,000,0048,0000095,,,,,,,,,,,,,,,,,,,,,,,,,,,,,,,,,,,,,,,,,,,,,,,,,,,,,,,,,,,,,,,,,,,,,,,,,,,,,,,,,,,,,,,,,,,,,,,,,,,,,,,,,,,,,,,,,,,,,,,,,,,,,,,,,,,,,,,,,,,,,,,,,
ACSSF,2012e1,co,000,0048,0000096,,,,,,,,,,,,,,,,,,,,,,,,,,,,,,,,,,,,,,,,,,,,,,,,,,,,,,,,,,,,,,,,,,,,,,,,,,,,,,,,,,,,,,,,,,,,,,,,,,,,,,,,,,,,,,,,,,,,,,,,,,,,,,,,,,,,,,,,,,,,,,,,,
ACSSF,2012e1,co,000,0048,0000097,,,,,,,,,,,,,,,,,,,,,,,,,,,,,,,,,,,,,,,,,,,,,,,,,,,,,,,,,,,,,,,,,,,,,,,,,,,,,,,,,,,,,,,,,,,,,,,,,,,,,,,,,,,,,,,,,,,,,,,,,,,,,,,,,,,,,,,,,,,,,,,,,
ACSSF,2012e1,co,000,0048,0000098,,,,,,,,,,,,,,,,,,,,,,,,,,,,,,,,,,,,,,,,,,,,,,,,,,,,,,,,,,,,,,,,,,,,,,,,,,,,,,,,,,,,,,,,,,,,,,,,,,,,,,,,,,,,,,,,,,,,,,,,,,,,,,,,,,,,,,,,,,,,,,,,,
ACSSF,2012e1,co,000,0048,0000099,,,,,,,,,,,,,,,,,,,,,,,,,,,,,,,,,,,,,,,,,,,,,,,,,,,,,,,,,,,,,,,,,,,,,,,,,,,,,,,,,,,,,,,,,,,,,,,,,,,,,,,,,,,,,,,,,,,,,,,,,,,,,,,,,,,,,,,,,,,,,,,,,
ACSSF,2012e1,co,000,0048,0000100,,,,,,,,,,,,,,,,,,,,,,,,,,,,,,,,,,,,,,,,,,,,,,,,,,,,,,,,,,,,,,,,,,,,,,,,,,,,,,,,,,,,,,,,,,,,,,,,,,,,,,,,,,,,,,,,,,,,,,,,,,,,,,,,,,,,,,,,,,,,,,,,,
ACSSF,2012e1,co,000,0048,0000101,,,,,,,,,,,,,,,,,,,,,,,,,,,,,,,,,,,,,,,,,,,,,,,,,,,,,,,,,,,,,,,,,,,,,,,,,,,,,,,,,,,,,,,,,,,,,,,,,,,,,,,,,,,,,,,,,,,,,,,,,,,,,,,,,,,,,,,,,,,,,,,,,
ACSSF,2012e1,co,000,0048,0000102,,,,,,,,,,,,,,,,,,,,,,,,,,,,,,,,,,,,,,,,,,,,,,,,,,,,,,,,,,,,,,,,,,,,,,,,,,,,,,,,,,,,,,,,,,,,,,,,,,,,,,,,,,,,,,,,,,,,,,,,,,,,,,,,,,,,,,,,,,,,,,,,,
ACSSF,2012e1,co,000,0048,0000103,,,,,,,,,,,,,,,,,,,,,,,,,,,,,,,,,,,,,,,,,,,,,,,,,,,,,,,,,,,,,,,,,,,,,,,,,,,,,,,,,,,,,,,,,,,,,,,,,,,,,,,,,,,,,,,,,,,,,,,,,,,,,,,,,,,,,,,,,,,,,,,,,
ACSSF,2012e1,co,000,0048,0000104,,,,,,,,,,,,,,,,,,,,,,,,,,,,,,,,,,,,,,,,,,,,,,,,,,,,,,,,,,,,,,,,,,,,,,,,,,,,,,,,,,,,,,,,,,,,,,,,,,,,,,,,,,,,,,,,,,,,,,,,,,,,,,,,,,,,,,,,,,,,,,,,,
ACSSF,2012e1,co,000,0048,0000105,,,,,,,,,,,,,,,,,,,,,,,,,,,,,,,,,,,,,,,,,,,,,,,,,,,,,,,,,,,,,,,,,,,,,,,,,,,,,,,,,,,,,,,,,,,,,,,,,,,,,,,,,,,,,,,,,,,,,,,,,,,,,,,,,,,,,,,,,,,,,,,,,
ACSSF,2012e1,co,000,0048,0000106,,,,,,,,,,,,,,,,,,,,,,,,,,,,,,,,,,,,,,,,,,,,,,,,,,,,,,,,,,,,,,,,,,,,,,,,,,,,,,,,,,,,,,,,,,,,,,,,,,,,,,,,,,,,,,,,,,,,,,,,,,,,,,,,,,,,,,,,,,,,,,,,,
ACSSF,2012e1,co,000,0048,0000107,,,,,,,,,,,,,,,,,,,,,,,,,,,,,,,,,,,,,,,,,,,,,,,,,,,,,,,,,,,,,,,,,,,,,,,,,,,,,,,,,,,,,,,,,,,,,,,,,,,,,,,,,,,,,,,,,,,,,,,,,,,,,,,,,,,,,,,,,,,,,,,,,
ACSSF,2012e1,co,000,0048,0000108,,,,,,,,,,,,,,,,,,,,,,,,,,,,,,,,,,,,,,,,,,,,,,,,,,,,,,,,,,,,,,,,,,,,,,,,,,,,,,,,,,,,,,,,,,,,,,,,,,,,,,,,,,,,,,,,,,,,,,,,,,,,,,,,,,,,,,,,,,,,,,,,,
ACSSF,2012e1,co,000,0048,0000109,,,,,,,,,,,,,,,,,,,,,,,,,,,,,,,,,,,,,,,,,,,,,,,,,,,,,,,,,,,,,,,,,,,,,,,,,,,,,,,,,,,,,,,,,,,,,,,,,,,,,,,,,,,,,,,,,,,,,,,,,,,,,,,,,,,,,,,,,,,,,,,,,
ACSSF,2012e1,co,000,0048,0000110,,,,,,,,,,,,,,,,,,,,,,,,,,,,,,,,,,,,,,,,,,,,,,,,,,,,,,,,,,,,,,,,,,,,,,,,,,,,,,,,,,,,,,,,,,,,,,,,,,,,,,,,,,,,,,,,,,,,,,,,,,,,,,,,,,,,,,,,,,,,,,,,,
ACSSF,2012e1,co,000,0048,0000111,,,,,,,,,,,,,,,,,,,,,,,,,,,,,,,,,,,,,,,,,,,,,,,,,,,,,,,,,,,,,,,,,,,,,,,,,,,,,,,,,,,,,,,,,,,,,,,,,,,,,,,,,,,,,,,,,,,,,,,,,,,,,,,,,,,,,,,,,,,,,,,,,
ACSSF,2012e1,co,000,0048,0000112,,,,,,,,,,,,,,,,,,,,,,,,,,,,,,,,,,,,,,,,,,,,,,,,,,,,,,,,,,,,,,,,,,,,,,,,,,,,,,,,,,,,,,,,,,,,,,,,,,,,,,,,,,,,,,,,,,,,,,,,,,,,,,,,,,,,,,,,,,,,,,,,,
ACSSF,2012e1,co,000,0048,0000113,,,,,,,,,,,,,,,,,,,,,,,,,,,,,,,,,,,,,,,,,,,,,,,,,,,,,,,,,,,,,,,,,,,,,,,,,,,,,,,,,,,,,,,,,,,,,,,,,,,,,,,,,,,,,,,,,,,,,,,,,,,,,,,,,,,,,,,,,,,,,,,,,
ACSSF,2012e1,co,000,0048,0000114,,,,,,,,,,,,,,,,,,,,,,,,,,,,,,,,,,,,,,,,,,,,,,,,,,,,,,,,,,,,,,,,,,,,,,,,,,,,,,,,,,,,,,,,,,,,,,,,,,,,,,,,,,,,,,,,,,,,,,,,,,,,,,,,,,,,,,,,,,,,,,,,,
ACSSF,2012e1,co,000,0048,0000115,,,,,,,,,,,,,,,,,,,,,,,,,,,,,,,,,,,,,,,,,,,,,,,,,,,,,,,,,,,,,,,,,,,,,,,,,,,,,,,,,,,,,,,,,,,,,,,,,,,,,,,,,,,,,,,,,,,,,,,,,,,,,,,,,,,,,,,,,,,,,,,,,
