ACSSF,2012e1,co,000,0062,0000001,1024111,365588,24865,21310,24709,23770,23185,22853,19797,20928,20233,22174,18000,19555,16073,23747,57403,6986,658523,4223527,1123244,132200,438236,216366,336442,3100283,208167,70328,6996,27959,13672,21701,137839,45343,14752,846,6065,2949,4892,30591,141375,43693,4151,15700,6565,17277,97682,5156,1729,195,618,263,653,3427,207614,64814,7188,33121,14110,10395,142800,158808,76486,10643,31850,15182,18811,82322,3492026,863344,99516,312692,160486,290650,2628682,1024111,365588,46175,177649,77375,64389,658523
ACSSF,2012e1,co,000,0062,0000002,942882,337837,23078,19763,22691,22188,22152,20753,18182,19463,18503,20424,15911,18472,15097,21657,52982,6521,605045,3587373,981309,114230,377925,181745,307409,2606064,201220,68275,6650,27128,13301,21196,132945,35683,11582,627,4995,2358,3602,24101,136306,42277,3964,14989,6353,16971,94029,4676,1644,195,618,263,568,3032,192828,59984,6838,30562,13308,9276,132844,146373,70998,10006,29243,13623,18126,75375,2917955,742548,84367,262442,130706,265033,2175407,942882,337837,42841,164356,71137,59503,605045
ACSSF,2012e1,co,000,0062,0000003,81229,27751,1787,1547,2018,1582,1033,2100,1615,1465,1730,1750,2089,1083,976,2090,4421,465,53478,636154,141935,17970,60311,34621,29033,494219,6947,2053,346,831,371,505,4894,9660,3170,219,1070,591,1290,6490,5069,1416,187,711,212,306,3653,,,,,,,,14786,4830,350,2559,802,1119,9956,12435,5488,637,2607,1559,685,6947,574071,120796,15149,50250,29780,25617,453275,81229,27751,3334,13293,6238,4886,53478
ACSSF,2012e1,co,000,0062,0000004,939524,336766,22592,19951,22794,22538,22101,21032,18205,19437,18022,20685,16663,18455,14710,21204,51968,6409,602758,3871896,1041944,121240,404853,198278,317573,2829952,202200,68549,6933,27501,13161,20954,133651,38157,12264,634,4511,2418,4701,25893,138389,43039,4145,15433,6301,17160,95350,4976,1679,195,618,263,603,3297,189859,58645,6353,30544,12613,9135,131214,152117,73681,10276,30625,14627,18153,78436,3201473,801836,91111,288125,146537,276063,2399637,939524,336766,42543,164814,71032,58377,602758
ACSSF,2012e1,co,000,0062,0000005,886920,318769,21259,18772,21348,21572,20592,19813,17243,18607,16923,19598,15814,17975,13905,20538,48822,5988,568151,3631103,984252,112763,381485,186656,303348,2646851,196568,67973,6844,27430,13135,20564,128595,32054,9107,390,3866,2212,2639,22947,137591,42907,4145,15433,6171,17158,94684,4217,1316,195,499,144,478,2901,179665,55971,6275,29650,12079,7967,123694,147763,72042,9802,30257,14247,17736,75721,2999967,758262,84739,272489,136932,264102,2241705,886920,318769,40031,155696,68232,54810,568151
ACSSF,2012e1,co,000,0062,0000006,479559,170440,11390,10779,11486,11098,11608,9794,8801,8894,9331,11415,7190,9088,7099,11676,27811,2980,309119,1534196,427248,47092,144934,64603,170619,1106948,152109,49618,4883,19672,10534,14529,102491,15601,4414,142,1589,815,1868,11187,63182,19843,840,6795,2662,9546,43339,,,,,,,,118461,37222,4084,19877,8159,5102,81239,79414,38860,5168,15320,7286,11086,40554,1218513,315550,32404,92283,41470,149393,902963,479559,170440,22169,82427,35053,30791,309119
ACSSF,2012e1,co,000,0062,0000007,407361,148329,9869,7993,9862,10474,8984,10019,8442,9713,7592,8183,8624,8887,6806,8862,21011,3008,259032,2096907,557004,65671,236551,122053,132729,1539903,44459,18355,1961,7758,2601,6035,26104,16453,4693,248,2277,1397,771,11760,74409,23064,3305,8638,3509,7612,51345,,,,,,,,61204,18749,2191,9773,3920,2865,42455,68349,33182,4634,14937,6961,6650,35167,1781454,442712,52335,180206,95462,114709,1338742,407361,148329,17862,73269,33179,24019,259032
ACSSF,2012e1,co,000,0062,0000008,52604,17997,1333,1179,1446,966,1509,1219,962,830,1099,1087,849,480,805,666,3146,421,34607,240793,57692,8477,23368,11622,14225,183101,,,,,,,,6103,3157,244,645,206,2062,2946,,,,,,,,,,,,,,,10194,2674,78,894,534,1168,7520,4354,1639,474,368,380,417,2715,201506,43574,6372,15636,9605,11961,157932,52604,17997,2512,9118,2800,3567,34607
ACSSF,2012e1,co,000,0062,0000009,19016,6581,512,211,701,467,295,626,378,164,625,125,140,131,183,505,1180,338,12435,81138,22699,2828,8840,3626,7405,58439,,,,,,,,,,,,,,,,,,,,,,,,,,,,,,,,,,,,,,,,,,,64803,16891,2105,5736,2863,6187,47912,19016,6581,723,3381,959,1518,12435
ACSSF,2012e1,co,000,0062,0000010,33588,11416,821,968,745,499,1214,593,584,666,474,962,709,349,622,161,1966,83,22172,159655,34993,5649,14528,7996,6820,124662,,,,,,,,4319,2232,244,600,180,1208,2087,,,,,,,,,,,,,,,8598,2236,78,718,528,912,6362,2954,1197,474,236,113,374,1757,136703,26683,4267,9900,6742,5774,110020,33588,11416,1789,5737,1841,2049,22172
ACSSF,2012e1,co,000,0062,0000011,84587,28822,2273,1359,1915,1232,1084,1821,1592,1491,2211,1489,1337,1100,1363,2543,5435,577,55765,351631,81300,10960,33383,18088,18869,270331,5967,1779,63,458,511,747,4188,7186,2488,212,1554,531,191,4698,2986,654,6,267,264,117,2332,,,,,,,,17755,6169,835,2577,1497,1260,11586,6691,2805,367,1225,555,658,3886,290553,61508,8405,24567,13949,14587,229045,84587,28822,3632,12835,6343,6012,55765
ACSSF,2012e1,co,000,0062,0000012,137191,46819,3606,2538,3361,2198,2593,3040,2554,2321,3310,2576,2186,1580,2168,3209,8581,998,90372,592424,138992,19437,56751,29710,33094,453432,11599,2355,152,529,537,1137,9244,13289,5645,456,2199,737,2253,7644,3784,786,6,267,394,119,2998,,,,,,,,27949,8843,913,3471,2031,2428,19106,11045,4444,841,1593,935,1075,6601,492059,105082,14777,40203,23554,26548,386977,137191,46819,6144,21953,9143,9579,90372
ACSSF,2012e1,co,000,0062,0000013,165660,59969,3518,2354,4334,5153,4173,3624,4049,3740,2977,3875,2498,3713,3874,2687,8940,460,105691,362865,99449,11200,45624,20537,22088,263416,14046,5635,1154,2126,779,1576,8411,3375,615,0,206,357,52,2760,16348,5081,540,1751,1032,1758,11267,,,,,,,,25525,8495,1056,5113,1345,981,17030,15361,6687,1046,2455,1532,1654,8674,232808,53152,7346,20729,10011,15066,179656,165660,59969,5872,31925,12772,9400,105691
ACSSF,2012e1,co,000,0062,0000014,104048,38358,2945,2595,2888,2761,2835,1762,1770,2296,2457,2489,1750,1989,1691,2784,4590,756,65690,430795,111322,14191,45125,23654,28352,319473,58618,19825,1008,9293,3811,5713,38793,4456,1111,58,618,264,171,3345,30102,9422,1144,3542,2005,2731,20680,,,,,,,,21736,7143,644,3238,1898,1363,14593,25199,12498,1825,5360,2819,2494,12701,363692,87345,10281,33276,18661,25127,276347,104048,38358,5540,19258,8214,5346,65690
ACSSF,2012e1,co,000,0062,0000015,38699,16036,1055,1815,899,648,630,1388,971,597,630,529,951,969,286,862,3069,737,22663,262969,83659,7429,24352,11526,40352,179310,3098,1707,0,435,22,1250,1391,,,,,,,,13849,5256,725,2091,254,2186,8593,,,,,,,,9156,3378,727,1357,980,314,5778,6399,3598,129,1399,439,1631,2801,235606,72560,5324,20298,9505,37433,163046,38699,16036,2870,6292,3068,3806,22663
ACSSF,2012e1,co,000,0062,0000016,187380,63941,4622,4295,4687,3915,3664,3613,2956,3631,3410,4746,3013,3835,2711,4396,9445,1002,123439,458798,107555,14508,38007,16367,38673,351243,61564,18369,2268,6873,3824,5404,43195,5853,1953,96,969,262,626,3900,20600,4791,169,1906,545,2171,15809,,,,,,,,37119,11530,1233,6539,2025,1733,25589,20612,9385,2053,3587,1224,2521,11227,322045,61528,8298,16575,5518,31137,260517,187380,63941,8917,30622,13955,10447,123439
ACSSF,2012e1,co,000,0062,0000017,22387,8962,744,992,468,357,281,827,0,686,409,451,831,639,282,314,1020,661,13425,260403,81475,10379,36877,18816,15403,178928,3688,1381,91,736,151,403,2307,,,,,,,,11752,4051,472,1540,773,1266,7701,,,,,,,,,,,,,,,5882,3343,382,2033,744,184,2539,242624,73852,8819,34009,16863,14161,168772,22387,8962,1736,3479,2066,1681,13425
ACSSF,2012e1,co,000,0062,0000018,94714,36168,2429,2289,1712,2193,2797,2572,2647,1506,1721,2027,1432,1700,1171,2239,6779,954,58546,508657,148093,17903,55808,26585,47797,360564,38936,14221,1501,5562,2925,4233,24715,,,,,,,,16275,4371,244,1699,681,1747,11904,,,,,,,,21108,6129,361,2495,1636,1637,14979,29224,15302,1615,6929,3098,3660,13922,443343,122338,14231,43623,22252,42232,321005,94714,36168,4718,17175,6542,7733,58546
ACSSF,2012e1,co,000,0062,0000019,77186,25370,1321,1262,2297,1702,1281,1505,1416,1244,1121,2081,1611,1159,675,2317,4021,357,51816,481060,116893,13317,45910,25282,32384,364167,6391,2758,249,1081,625,803,3633,4841,1742,13,1122,429,178,3099,13332,3454,381,1048,560,1465,9878,,,,,,,,9190,2549,173,1710,295,371,6641,13879,6183,1069,2523,1243,1348,7696,420437,96995,11456,36245,20277,29017,323442,77186,25370,2583,12647,5762,4378,51816
ACSSF,2012e1,co,000,0062,0000020,31938,12827,893,463,591,763,728,768,554,504,1101,511,425,614,646,788,2997,481,19111,272994,81457,8045,24027,12278,37107,191537,2938,1365,229,592,184,360,1573,,,,,,,,5608,2704,94,608,59,1943,2904,,,,,,,,7609,2096,174,1128,544,250,5513,9980,5106,313,1940,889,1964,4874,252760,73139,6965,20494,10915,34765,179621,31938,12827,1356,5520,2473,3478,19111
ACSSF,2012e1,co,000,0062,0000021,19472,6806,494,328,366,501,545,407,323,425,591,244,69,472,484,317,1203,37,12666,132237,30346,2374,13848,6822,7302,101891,920,541,0,278,165,98,379,,,,,,,,,,,,,,,,,,,,,,,,,,,,,4360,1471,305,490,417,259,2889,118142,24911,1963,11001,5696,6251,93231,19472,6806,822,3402,1342,1240,12666
ACSSF,2012e1,co,000,0062,0000022,63763,20537,1274,1183,943,1179,1338,1051,966,1496,1082,1460,1080,1018,1090,1697,3182,498,43226,124875,32546,2929,12380,6936,10301,92329,3162,884,168,248,186,282,2278,2737,1091,95,429,308,259,1646,,,,,,,,,,,,,,,16765,5284,831,2471,1329,653,11481,6937,2547,236,1412,491,408,4390,84685,20081,1554,6804,3960,7763,64604,63763,20537,2457,9515,4885,3680,43226
ACSSF,2012e1,co,000,0062,0000023,70423,25784,1804,1047,1885,2215,2098,2027,1468,2048,1069,744,1976,1777,921,1691,3014,0,44639,213515,62226,7010,26607,11542,17067,151289,2746,1287,176,206,463,442,1459,,,,,,,,3406,1333,292,234,104,703,2073,,,,,,,,23463,7895,852,4880,1935,228,15568,6326,3531,597,1093,576,1265,2795,170785,46376,5333,18534,7596,14913,124409,70423,25784,2851,13554,6365,3014,44639
ACSSF,2012e1,co,000,0062,0000024,15105,4785,239,253,347,474,458,323,67,280,149,750,159,166,91,388,641,0,10320,95844,21736,3432,9392,4116,4796,74108,,,,,,,,,,,,,,,1907,527,65,160,227,75,1380,,,,,,,,,,,,,,,2605,1598,242,816,343,197,1007,86337,18924,3113,7894,3530,4387,67413,15105,4785,492,2848,804,641,10320
ACSSF,2012e1,co,000,0062,0000025,89519,33066,2544,2299,2935,3160,2457,1346,1474,2004,1527,2608,1461,1475,1660,2592,3335,189,56453,214392,55633,6812,23680,10919,14222,158759,53916,18538,1663,7952,3975,4948,35378,,,,,,,,14324,4558,177,1816,1323,1242,9766,,,,,,,,19210,6791,920,3614,1559,698,12419,17987,8484,1367,3562,2315,1240,9503,157201,35233,3959,12944,6456,11874,121968,89519,33066,4843,17511,7188,3524,56453
ACSSF,2012e1,co,000,0062,0000026,,,,,,,,,,,,,,,,,,,,89951,39544,2356,5986,2283,28919,50407,,,,,,,,,,,,,,,3674,1941,0,316,68,1557,1733,,,,,,,,,,,,,,,2830,1818,0,408,83,1327,1012,83808,35799,1591,5353,1902,26953,48009,8656,5003,765,1040,535,2663,3653
ACSSF,2012e1,co,000,0062,0000027,7530,3182,169,293,95,205,42,163,120,307,193,167,117,386,78,121,439,287,4348,86450,23939,2652,10028,6264,4995,62511,2525,829,115,365,18,331,1696,,,,,,,,4489,1299,144,456,194,505,3190,,,,,,,,,,,,,,,2780,1663,374,652,312,325,1117,83093,22934,2481,9633,6002,4818,60159,7530,3182,462,1292,702,726,4348
ACSSF,2012e1,co,000,0062,0000028,70593,25182,1064,1603,1193,1374,1859,1876,2129,737,1389,1616,990,1194,809,1874,4842,633,45411,336506,94064,11491,34613,16259,31701,242442,27662,8947,768,3843,2055,2281,18715,,,,,,,,13108,2966,127,1066,528,1245,10142,,,,,,,,18291,4973,225,2055,1494,1199,13318,17725,9643,719,3779,2185,2960,8082,290297,76734,9389,26132,13314,27899,213563,70593,25182,2667,12173,4867,5475,45411
ACSSF,2012e1,co,000,0062,0000029,187380,63941,4622,4295,4687,3915,3664,3613,2956,3631,3410,4746,3013,3835,2711,4396,9445,1002,123439,458798,107555,14508,38007,16367,38673,351243,61564,18369,2268,6873,3824,5404,43195,5853,1953,96,969,262,626,3900,20600,4791,169,1906,545,2171,15809,,,,,,,,37119,11530,1233,6539,2025,1733,25589,20612,9385,2053,3587,1224,2521,11227,322045,61528,8298,16575,5518,31137,260517,187380,63941,8917,30622,13955,10447,123439
ACSSF,2012e1,co,000,0062,0000030,15982,6390,471,242,226,133,481,127,310,44,385,383,178,174,363,44,2613,216,9592,127391,47324,4050,9453,4320,29501,80067,,,,,,,,,,,,,,,4220,2189,94,395,59,1641,2031,,,,,,,,,,,,,,,5969,3105,168,1108,491,1338,2864,116426,42896,3468,8196,3764,27468,73530,15982,6390,713,2089,759,2829,9592
ACSSF,2012e1,co,000,0062,0000031,29981,10857,742,326,880,698,860,868,764,660,566,356,492,879,443,580,1743,0,19124,67163,21502,923,6578,3254,10747,45661,,,,,,,,,,,,,,,,,,,,,,,,,,,,,15755,5325,572,3405,1120,228,10430,3126,1970,279,565,272,854,1156,55349,17236,706,4641,2252,9637,38113,29981,10857,1068,5652,2394,1743,19124
ACSSF,2012e1,co,000,0062,0000032,,,,,,,,,,,,,,,,,,,,87495,28318,4054,11251,7020,5993,59177,,,,,,,,,,,,,,,7364,2474,268,764,694,748,4890,,,,,,,,,,,,,,,,,,,,,,81839,25692,3328,10055,6644,5665,56147,6636,2866,726,1375,376,389,3770
ACSSF,2012e1,co,000,0062,0000033,30073,10016,659,654,1102,674,290,507,680,218,346,289,1195,666,319,975,1442,0,20057,124240,29806,2765,10146,7020,9875,94434,,,,,,,,2076,799,0,493,225,81,1277,4654,876,103,174,203,396,3778,,,,,,,,,,,,,,,4416,1904,255,888,259,502,2512,98146,20994,1633,6473,4049,8839,77152,30073,10016,1313,4106,3155,1442,20057
ACSSF,2012e1,co,000,0062,0000034,22376,8371,636,810,635,423,399,878,635,522,430,484,519,443,179,701,677,0,14005,73649,19449,2436,7604,4122,5287,54200,,,,,,,,,,,,,,,,,,,,,,,,,,,,,4348,1841,106,970,691,74,2507,,,,,,,,56858,13789,1134,4884,2971,4800,43069,22376,8371,1446,4406,1842,677,14005
ACSSF,2012e1,co,000,0062,0000035,,,,,,,,,,,,,,,,,,,,60464,14225,1552,7122,3232,2319,46239,,,,,,,,,,,,,,,,,,,,,,,,,,,,,,,,,,,,,,,,,,,57170,12640,1343,6058,2920,2319,44530,8630,3857,354,2219,1077,207,4773
ACSSF,2012e1,co,000,0062,0000036,53267,17076,944,1151,815,1022,1278,809,796,1205,954,1286,811,887,842,1336,2664,276,36191,77184,20045,2227,7040,4089,6689,57139,2618,719,143,222,130,224,1899,2047,807,0,330,308,169,1240,,,,,,,,,,,,,,,15403,4856,736,2204,1263,653,10547,5781,1958,181,1173,274,330,3823,44793,9954,1000,2314,1839,4801,34839,53267,17076,2095,8165,3876,2940,36191
ACSSF,2012e1,co,000,0062,0000037,35478,14009,481,495,1156,893,626,1343,1323,461,1058,318,1013,1004,1171,665,1810,192,21469,102892,33343,3220,14467,7864,7792,69549,,,,,,,,,,,,,,,6679,2757,298,1393,409,657,3922,,,,,,,,,,,,,,,2891,1083,213,612,142,116,1808,72919,20453,2383,7861,4336,5873,52466,35478,14009,976,7178,3853,2002,21469
ACSSF,2012e1,co,000,0062,0000038,20628,7248,552,423,284,758,745,701,399,215,171,611,224,407,296,244,968,250,13380,89604,21838,2782,8767,4514,5775,67766,,,,,,,,,,,,,,,6617,1514,259,488,173,594,5103,,,,,,,,3237,757,0,526,191,40,2480,4819,1803,326,704,441,332,3016,74777,16221,1954,5960,3584,4723,58556,20628,7248,975,3884,1171,1218,13380
ACSSF,2012e1,co,000,0062,0000039,,,,,,,,,,,,,,,,,,,,89951,39544,2356,5986,2283,28919,50407,,,,,,,,,,,,,,,3674,1941,0,316,68,1557,1733,,,,,,,,,,,,,,,2830,1818,0,408,83,1327,1012,83808,35799,1591,5353,1902,26953,48009,8656,5003,765,1040,535,2663,3653
ACSSF,2012e1,co,000,0062,0000040,70593,25182,1064,1603,1193,1374,1859,1876,2129,737,1389,1616,990,1194,809,1874,4842,633,45411,336506,94064,11491,34613,16259,31701,242442,27662,8947,768,3843,2055,2281,18715,,,,,,,,13108,2966,127,1066,528,1245,10142,,,,,,,,18291,4973,225,2055,1494,1199,13318,17725,9643,719,3779,2185,2960,8082,290297,76734,9389,26132,13314,27899,213563,70593,25182,2667,12173,4867,5475,45411
ACSSF,2012e1,co,000,0062,0000041,89519,33066,2544,2299,2935,3160,2457,1346,1474,2004,1527,2608,1461,1475,1660,2592,3335,189,56453,214392,55633,6812,23680,10919,14222,158759,53916,18538,1663,7952,3975,4948,35378,,,,,,,,14324,4558,177,1816,1323,1242,9766,,,,,,,,19210,6791,920,3614,1559,698,12419,17987,8484,1367,3562,2315,1240,9503,157201,35233,3959,12944,6456,11874,121968,89519,33066,4843,17511,7188,3524,56453
ACSSF,2012e1,co,000,0062,0000042,187380,63941,4622,4295,4687,3915,3664,3613,2956,3631,3410,4746,3013,3835,2711,4396,9445,1002,123439,458798,107555,14508,38007,16367,38673,351243,61564,18369,2268,6873,3824,5404,43195,5853,1953,96,969,262,626,3900,20600,4791,169,1906,545,2171,15809,,,,,,,,37119,11530,1233,6539,2025,1733,25589,20612,9385,2053,3587,1224,2521,11227,322045,61528,8298,16575,5518,31137,260517,187380,63941,8917,30622,13955,10447,123439
ACSSF,2012e1,co,000,0062,0000043,15982,6390,471,242,226,133,481,127,310,44,385,383,178,174,363,44,2613,216,9592,127391,47324,4050,9453,4320,29501,80067,,,,,,,,,,,,,,,4220,2189,94,395,59,1641,2031,,,,,,,,,,,,,,,5969,3105,168,1108,491,1338,2864,116426,42896,3468,8196,3764,27468,73530,15982,6390,713,2089,759,2829,9592
ACSSF,2012e1,co,000,0062,0000044,,,,,,,,,,,,,,,,,,,,60464,14225,1552,7122,3232,2319,46239,,,,,,,,,,,,,,,,,,,,,,,,,,,,,,,,,,,,,,,,,,,57170,12640,1343,6058,2920,2319,44530,8630,3857,354,2219,1077,207,4773
ACSSF,2012e1,co,000,0062,0000045,29981,10857,742,326,880,698,860,868,764,660,566,356,492,879,443,580,1743,0,19124,67163,21502,923,6578,3254,10747,45661,,,,,,,,,,,,,,,,,,,,,,,,,,,,,15755,5325,572,3405,1120,228,10430,3126,1970,279,565,272,854,1156,55349,17236,706,4641,2252,9637,38113,29981,10857,1068,5652,2394,1743,19124
ACSSF,2012e1,co,000,0062,0000046,53267,17076,944,1151,815,1022,1278,809,796,1205,954,1286,811,887,842,1336,2664,276,36191,77184,20045,2227,7040,4089,6689,57139,2618,719,143,222,130,224,1899,2047,807,0,330,308,169,1240,,,,,,,,,,,,,,,15403,4856,736,2204,1263,653,10547,5781,1958,181,1173,274,330,3823,44793,9954,1000,2314,1839,4801,34839,53267,17076,2095,8165,3876,2940,36191
ACSSF,2012e1,co,000,0062,0000047,199636,67089,4927,4332,4764,4015,3911,3976,3140,3716,3600,4953,3050,3949,2894,4591,10210,1061,132547,559094,131482,17239,48569,21049,44625,427612,64480,19912,2418,7638,4294,5562,44568,6409,1953,96,969,262,626,4456,23496,5354,280,2215,545,2314,18142,,,,,,,,39987,12191,1270,6822,2085,2014,27796,24292,11043,2383,3954,1669,3037,13249,414466,83412,10797,26085,9846,36684,331054,199636,67089,9259,32075,14484,11271,132547
ACSSF,2012e1,co,000,0062,0000048,69351,28575,1987,1636,1406,1393,1299,1946,1160,1166,1677,1255,1496,1544,1026,1426,6743,1415,40776,655215,191900,18908,59949,29313,83730,463315,5346,2467,292,665,267,1243,2879,2296,582,0,107,168,307,1714,21384,8854,588,3072,465,4729,12530,,,,,,,,17687,5157,847,2117,1384,809,12530,20244,11144,760,4010,1967,4407,9100,610039,172353,16444,51795,25969,78145,437686,69351,28575,3623,11302,5492,8158,40776
ACSSF,2012e1,co,000,0062,0000049,164998,55920,3447,3456,3308,2724,3678,3412,3023,3237,3960,3314,2147,2117,3100,3867,10048,1082,109078,609120,147837,16986,60734,31162,38955,461283,8003,2966,168,813,802,1183,5037,14315,6380,511,2521,1199,2149,7935,4420,987,0,278,385,324,3433,,,,,,,,40596,12526,1874,5694,2798,2160,28070,17143,6170,813,2732,1381,1244,10973,499021,110489,12643,42587,24213,31046,388532,164998,55920,6903,26656,11231,11130,109078
ACSSF,2012e1,co,000,0062,0000050,151663,54350,4007,2886,4013,3644,3284,4178,2876,3943,2611,2344,4108,3479,1759,3643,6614,961,97313,629562,177334,21479,77684,37769,40402,452228,11524,3739,304,1170,688,1577,7785,5435,1102,66,195,276,565,4333,11825,4412,817,1744,247,1604,7413,,,,,,,,33372,10656,987,6235,2688,746,22716,16212,9112,1450,4223,1713,1726,7100,519745,138081,16168,59289,28119,34505,381664,151663,54350,6893,26893,12989,7575,97313
ACSSF,2012e1,co,000,0062,0000051,103572,38237,2712,2438,1774,2307,2865,2572,2755,1573,1815,2129,1478,1713,1259,2493,7400,954,65335,593888,163788,20079,62794,30302,50613,430100,42475,14450,1553,5713,2951,4233,28025,4857,1334,102,327,103,802,3523,17029,4371,244,1699,681,1747,12658,,,,,,,,22533,6676,374,2495,1636,2171,15857,30248,15622,1615,7030,3285,3692,14626,522288,137004,16074,50197,25755,44978,385284,103572,38237,5150,17790,6943,8354,65335
ACSSF,2012e1,co,000,0062,0000052,141862,53108,3840,3980,4148,4259,4048,2395,2135,3347,3008,3580,2262,2899,3007,3312,6007,881,88754,549396,150117,19321,61540,34477,34779,399279,67715,23727,2066,10851,4383,6427,43988,4768,1129,58,620,186,265,3639,39311,12729,1301,4467,3093,3868,26582,,,,,,,,27918,9866,1219,5132,2147,1368,18052,27386,13403,2204,5968,3010,2221,13983,452695,115577,14209,44646,26551,30171,337118,141862,53108,7820,26920,11480,6888,88754
ACSSF,2012e1,co,000,0062,0000053,193029,68309,3945,2582,5296,5428,4100,4374,4708,3946,3562,4599,3459,3854,3028,4415,10381,632,124720,627252,160786,18188,66966,32294,43338,466466,8624,3067,195,1109,287,1476,5557,7263,2272,13,1326,755,178,4991,23910,6986,921,2225,1149,2691,16924,,,,,,,,25521,7742,617,4626,1372,1127,17779,23283,9992,1418,3933,2157,2484,13291,473772,106428,13181,38093,20033,35121,367344,193029,68309,6527,36013,14756,11013,124720
ACSSF,2012e1,co,000,0062,0000054,23119,7412,534,269,636,696,274,456,359,447,662,327,801,347,292,627,661,24,15707,94982,23050,3096,10089,5943,3922,71932,,,,,,,,,,,,,,,,,,,,,,,,,,,,,,,,,,,,2580,1090,411,448,188,43,1490,74253,16224,2334,6638,3942,3310,58029,23119,7412,803,3857,2067,685,15707
ACSSF,2012e1,co,000,0062,0000055,,,,,,,,,,,,,,,,,,,,107064,24084,3108,10371,6002,4603,82980,,,,,,,,,,,,,,,,,,,,,,,,,,,,,,,,,,,,3317,1648,145,737,273,493,1669,102514,22105,2865,9013,5624,4603,80409,10421,4251,388,2513,1143,207,6170
ACSSF,2012e1,co,000,0062,0000056,21517,8576,726,242,348,318,481,203,554,142,450,511,321,343,482,184,2921,350,12941,165930,57373,4937,13656,6276,32504,108557,2570,1189,229,592,41,327,1381,,,,,,,,4585,2314,94,395,59,1766,2271,,,,,,,,,,,,,,,6663,3458,168,1203,616,1471,3205,150246,51034,4100,11481,5291,30162,99212,21517,8576,968,3007,1330,3271,12941
ACSSF,2012e1,co,000,0062,0000057,18719,8176,472,582,573,426,424,535,523,234,458,444,99,183,616,741,1866,0,10543,84644,21751,2268,10159,4780,4544,62893,,,,,,,,,,,,,,,,,,,,,,,,,,,,,8036,3420,578,1523,551,768,4616,1486,739,106,175,104,354,747,75426,17704,1853,8163,3967,3721,57722,18719,8176,1054,3617,1639,1866,10543
ACSSF,2012e1,co,000,0062,0000058,53605,20504,1498,875,1382,1947,1749,1628,1244,1552,758,526,1267,1487,742,1316,2533,0,33101,143792,44272,4496,17614,7711,14451,99520,,,,,,,,,,,,,,,1916,1009,189,164,0,656,907,,,,,,,,20413,7282,852,4710,1492,228,13131,4870,2895,500,818,481,1096,1975,113690,32542,3297,11923,4663,12659,81148,53605,20504,2373,10786,4812,2533,33101
ACSSF,2012e1,co,000,0062,0000059,19539,7123,534,240,293,291,545,595,491,212,284,466,706,320,445,119,1283,299,12416,97981,21386,2891,8172,4424,5899,76595,,,,,,,,,,,,,,,,,,,,,,,,,,,,,5808,1830,52,721,738,319,3978,,,,,,,,84737,16554,2404,5787,3629,4734,68183,19539,7123,774,3177,1590,1582,12416
ACSSF,2012e1,co,000,0062,0000060,15734,4212,275,149,490,229,577,109,158,65,132,622,96,85,147,301,621,156,11522,89582,17265,2001,8090,3875,3299,72317,,,,,,,,,,,,,,,,,,,,,,,,,,,,,,,,,,,,2486,1358,31,585,710,32,1128,78468,14363,1719,6105,3455,3084,64105,15734,4212,424,2382,629,777,11522
ACSSF,2012e1,co,000,0062,0000061,62559,20243,1241,1183,898,1179,1338,1051,966,1455,1082,1460,1080,989,1060,1697,3066,498,42316,116743,30500,2742,11242,6569,9947,86243,3133,884,168,248,186,282,2249,2447,992,95,330,308,259,1455,,,,,,,,,,,,,,,16765,5284,831,2471,1329,653,11481,6652,2410,205,1365,432,408,4242,77578,18229,1400,5711,3593,7525,59349,62559,20243,2424,9429,4826,3564,42316
ACSSF,2012e1,co,000,0062,0000062,39159,12867,1176,488,840,389,532,934,677,990,701,673,430,610,250,978,2757,442,26292,86024,22572,2877,8879,4178,6638,63452,861,519,0,196,119,204,342,,,,,,,,,,,,,,,,,,,,,,5148,1251,154,470,365,262,3897,2624,1211,100,410,397,304,1413,54853,12292,1467,4427,2616,3782,42561,39159,12867,1664,5736,2268,3199,26292
ACSSF,2012e1,co,000,0062,0000063,,,,,,,,,,,,,,,,,,,,101678,22985,2784,9694,5595,4912,78693,,,,,,,,,,,,,,,,,,,,,,,,,,,,,,,,,,,,,,,,,,,99146,21826,2784,9327,5236,4479,77320,3427,1720,139,400,514,667,1707
ACSSF,2012e1,co,000,0062,0000064,28834,10614,719,917,707,441,531,1053,750,716,595,594,754,589,399,1010,839,0,18220,135137,36403,5057,16072,7882,7392,98734,,,,,,,,,,,,,,,,,,,,,,,,,,,,,6069,2046,106,1056,810,74,4023,2805,1585,186,944,276,179,1220,114309,29028,3565,12568,6152,6743,85281,28834,10614,1636,5387,2752,839,18220
ACSSF,2012e1,co,000,0062,0000065,,,,,,,,,,,,,,,,,,,,105972,43419,2502,7507,2829,30581,62553,,,,,,,,,,,,,,,3756,1918,25,268,68,1557,1838,,,,,,,,,,,,,,,3150,1914,0,307,155,1452,1236,98922,39200,1737,6761,2421,28281,59722,9760,5410,765,1153,562,2930,4350
ACSSF,2012e1,co,000,0062,0000066,16947,5961,244,814,358,337,247,584,172,533,443,318,413,417,0,398,579,104,10986,123774,33822,4642,13939,6837,8404,89952,,,,,,,,,,,,,,,11374,4522,531,2178,426,1387,6852,,,,,,,,,,,,,,,3955,1492,253,719,193,327,2463,112284,29571,4245,11456,5918,7952,82713,16947,5961,1058,2992,1228,683,10986
ACSSF,2012e1,co,000,0062,0000067,27256,9616,151,550,769,1103,1121,663,783,233,399,446,272,452,406,191,1931,146,17640,101005,25436,3202,11254,4350,6630,75569,,,,,,,,,,,,,,,6220,1183,197,326,205,455,5037,,,,,,,,3457,869,0,471,286,112,2588,4169,1858,286,744,511,317,2311,79395,17528,2608,6631,3381,4908,61867,27256,9616,701,5517,1321,2077,17640
ACSSF,2012e1,co,000,0062,0000068,45761,17536,1120,393,1115,1359,612,1333,1220,886,1437,714,1416,1101,1315,834,2454,227,28225,116699,35447,3474,15194,8256,8523,81252,,,,,,,,,,,,,,,6742,2557,298,1358,320,581,4185,,,,,,,,6078,1763,99,969,324,371,4315,3686,1465,397,648,245,175,2221,79170,20658,2362,7832,4169,6295,58512,45761,17536,1513,8676,4666,2681,28225
ACSSF,2012e1,co,000,0062,0000069,72104,24287,1702,836,1683,1674,1730,1186,1674,2072,871,1951,464,1761,1689,1262,3678,54,47817,125532,32824,3887,16006,6428,6503,92708,2857,1484,264,854,30,336,1373,,,,,,,,3027,1005,45,76,297,587,2022,,,,,,,,9179,3312,543,2041,500,228,5867,6352,2643,143,849,561,1090,3709,67095,14131,2035,5889,2215,3992,52964,72104,24287,2538,12841,5176,3732,47817
ACSSF,2012e1,co,000,0062,0000070,14082,6900,473,597,527,298,589,130,175,371,672,442,277,546,482,328,993,0,7182,74296,22638,2189,9971,5369,5109,51658,10081,3758,305,1717,778,958,6323,,,,,,,,8177,2819,363,977,339,1140,5358,,,,,,,,,,,,,,,6766,4295,1055,1958,735,547,2471,67149,19219,1728,8553,4398,4540,47930,14082,6900,1070,3204,1633,993,7182
ACSSF,2012e1,co,000,0062,0000071,27161,9738,860,678,956,1298,647,441,322,738,446,534,448,442,87,866,908,67,17423,75626,17869,2265,7664,3471,4469,57757,20995,6788,611,2213,1661,2303,14207,,,,,,,,3957,1150,0,332,491,327,2807,,,,,,,,4827,1648,218,1014,260,156,3179,5946,2357,238,968,620,531,3589,56874,10920,1002,3876,2171,3871,45954,27161,9738,1538,5382,1843,975,17423
ACSSF,2012e1,co,000,0062,0000072,45180,15118,913,948,1167,1424,1344,768,699,694,810,938,654,748,1247,1342,1300,122,30062,69984,17455,1711,7866,3298,4580,52529,21669,6988,210,3367,1467,1944,14681,,,,,,,,5497,1794,0,685,713,396,3703,,,,,,,,10306,3538,513,1581,1189,255,6768,6350,2773,556,1136,843,238,3577,40741,7793,671,2606,969,3547,32948,45180,15118,1861,7844,3991,1422,30062
ACSSF,2012e1,co,000,0062,0000073,,,,,,,,,,,,,,,,,,,,97986,25796,3317,9620,7495,5364,72190,,,,,,,,,,,,,,,4954,1146,180,445,221,300,3808,,,,,,,,2465,813,138,227,90,358,1652,2028,1000,42,418,316,224,1028,93751,24534,3237,9109,6997,5191,69217,6426,2323,122,905,708,588,4103
ACSSF,2012e1,co,000,0062,0000074,53410,21295,1309,938,1947,1041,878,1259,1131,1963,1627,1305,820,979,1005,1628,3191,274,32115,103195,29669,3887,12670,4719,8393,73526,36240,9733,898,4079,2176,2580,26507,,,,,,,,4712,1184,169,619,0,396,3528,,,,,,,,6407,3039,0,2401,557,81,3368,4589,2119,756,777,384,202,2470,58958,12487,1950,4381,1050,5106,46471,53410,21295,2247,11151,4432,3465,32115
ACSSF,2012e1,co,000,0062,0000075,36843,10813,535,678,1009,208,616,210,505,523,333,500,652,1052,452,1303,1903,334,26030,77432,17937,1960,4249,3398,8330,59495,6163,2867,540,1060,749,518,3296,,,,,,,,,,,,,,,,,,,,,,7284,1500,0,580,427,493,5784,2899,661,39,198,125,299,2238,51460,9779,882,1530,528,6839,41681,36843,10813,1213,3904,3459,2237,26030
ACSSF,2012e1,co,000,0062,0000076,,,,,,,,,,,,,,,,,,,,94541,18400,2470,3961,1559,10410,76141,,,,,,,,,,,,,,,,,,,,,,,,,,,,,,,,,,,,2965,1308,245,224,139,700,1657,89037,17193,2231,3781,1502,9679,71844,8174,1651,294,180,112,1065,6523
ACSSF,2012e1,co,000,0062,0000077,,,,,,,,,,,,,,,,,,,,111167,21614,2643,7380,2044,9547,89553,21091,7096,795,3056,1129,2116,13995,,,,,,,,11201,2966,387,1202,681,696,8235,,,,,,,,6869,2149,175,658,367,949,4720,5502,2742,500,752,137,1353,2760,99314,18530,2015,5954,1979,8582,80784,21809,7252,1345,2618,548,2741,14557
ACSSF,2012e1,co,000,0062,0000078,72850,24738,1942,2306,1523,2124,1732,1726,1261,1145,1384,2390,1419,1652,1068,1294,1772,0,48112,91990,24136,3959,10878,5236,4063,67854,,,,,,,,,,,,,,,,,,,,,,,,,,,,,15157,4943,1058,2935,703,247,10214,4847,2641,532,1636,439,34,2206,38299,6487,1220,1639,1048,2580,31812,72850,24738,4248,13285,5433,1772,48112
ACSSF,2012e1,co,000,0062,0000079,16908,5161,239,296,310,515,458,323,88,327,149,1045,159,166,91,331,664,0,11747,98162,21191,2607,8621,4322,5641,76971,,,,,,,,,,,,,,,,,,,,,,,,,,,,,,,,,,,,2637,1561,262,816,286,197,1076,88536,18391,2265,7181,3736,5209,70145,16908,5161,535,3215,747,664,11747
ACSSF,2012e1,co,000,0062,0000080,27047,9139,401,369,853,601,312,589,453,365,502,529,831,275,331,915,1712,101,17908,104997,25908,2618,8245,5252,9793,79089,,,,,,,,1909,829,0,431,220,178,1080,3231,1477,98,143,203,1033,1754,,,,,,,,,,,,,,,3456,1551,21,741,348,441,1905,81741,18271,1935,4850,3090,8396,63470,27047,9139,770,4204,2352,1813,17908
ACSSF,2012e1,co,000,0062,0000081,23620,7988,533,424,988,464,439,316,724,216,409,507,364,447,185,664,1308,0,15632,118404,29724,2934,11750,6273,8767,88680,2275,1003,0,395,244,364,1272,,,,,,,,,,,,,,,,,,,,,,,,,,,,,3294,1181,283,410,150,338,2113,98751,22641,2195,7863,4797,7786,76110,23620,7988,957,4063,1660,1308,15632
ACSSF,2012e1,co,000,0062,0000082,14659,5111,492,409,413,88,490,481,395,281,378,229,237,138,115,341,565,59,9548,92893,20499,3155,8451,3606,5287,72394,2325,1264,150,557,408,149,1061,,,,,,,,,,,,,,,,,,,,,,,,,,,,,3950,1902,321,402,514,665,2048,82455,16675,2388,6407,3058,4822,65780,14659,5111,901,2755,831,624,9548
ACSSF,2012e1,co,000,0062,0000083,,,,,,,,,,,,,,,,,,,,111001,34533,4565,13859,8206,7903,76468,2253,1044,0,680,5,359,1209,,,,,,,,4802,1672,39,522,432,679,3130,,,,,,,,,,,,,,,,,,,,,,104071,32202,4054,12410,7925,7813,71869,8752,2837,511,1577,394,355,5915
ACSSF,2012e1,co,000,0062,0000084,,,,,,,,,,,,,,,,,,,,90780,27193,3722,13087,6451,3933,63587,,,,,,,,,,,,,,,5459,1900,408,893,302,297,3559,,,,,,,,,,,,,,,,,,,,,,82761,23242,2764,11849,5279,3350,59519,9564,4129,958,1344,1172,655,5435
ACSSF,2012e1,co,000,0062,0000085,,,,,,,,,,,,,,,,,,,,104438,32860,3442,15704,7348,6366,71578,,,,,,,,,,,,,,,,,,,,,,,,,,,,,,,,,,,,2764,2098,274,994,686,144,666,98831,30909,3351,15218,6621,5719,67922,7324,2645,267,863,727,788,4679
ACSSF,2012e1,co,000,0062,0000086,22755,8852,623,434,893,670,454,382,538,761,510,1109,512,408,201,330,1027,0,13903,78501,21289,3221,9731,3887,4450,57212,6398,2673,772,1498,173,230,3725,,,,,,,,5047,1560,177,904,223,256,3487,,,,,,,,5499,2206,189,1489,392,136,3293,3036,1810,32,795,375,608,1226,63578,16600,2763,7021,3059,3757,46978,22755,8852,1057,5317,1451,1027,13903
ACSSF,2012e1,co,000,0062,0000087,,,,,,,,,,,,,,,,,,,,94309,23052,3765,7505,4079,7703,71257,,,,,,,,6706,3451,363,786,586,1716,3255,,,,,,,,,,,,,,,,,,,,,,,,,,,,,85837,19885,3371,6467,3267,6780,65952,12034,4437,442,1445,1091,1459,7597
ACSSF,2012e1,co,000,0062,0000088,18461,6425,494,328,331,501,428,407,323,406,580,244,69,440,471,208,1158,37,12036,115169,26053,2045,12071,5363,6574,89116,920,541,0,278,165,98,379,,,,,,,,,,,,,,,,,,,,,,,,,,,,,3948,1420,305,490,417,208,2528,101722,20964,1634,9371,4391,5568,80758,18461,6425,822,3220,1188,1195,12036
ACSSF,2012e1,co,000,0062,0000089,,,,,,,,,,,,,,,,,,,,90650,19750,3257,8475,5423,2595,70900,,,,,,,,,,,,,,,,,,,,,,,,,,,,,,,,,,,,,,,,,,,80787,16500,2304,6642,5117,2437,64287,12976,4159,1026,2445,471,217,8817
ACSSF,2012e1,co,000,0062,0000090,10918,4666,511,345,247,619,296,139,294,494,32,121,86,0,223,156,1006,97,6252,99107,32267,3533,13287,4599,10848,66840,7839,3796,465,1011,687,1633,4043,,,,,,,,,,,,,,,,,,,,,,,,,,,,,3344,1530,236,770,184,340,1814,90690,29196,2950,11818,4279,10149,61494,10918,4666,856,2242,465,1103,6252
ACSSF,2012e1,co,000,0062,0000091,,,,,,,,,,,,,,,,,,,,101277,24843,3763,8294,4754,8032,76434,6451,2514,355,1374,474,311,3937,,,,,,,,,,,,,,,,,,,,,,,,,,,,,5134,2882,408,1315,327,832,2252,88460,20361,3106,6928,3832,6495,68099,16664,5498,863,1732,1004,1899,11166
ACSSF,2012e1,co,000,0062,0000092,,,,,,,,,,,,,,,,,,,,80475,18783,1018,5852,2998,8915,61692,4373,1473,197,872,169,235,2900,,,,,,,,,,,,,,,,,,,,,,,,,,,,,4058,1583,0,391,480,712,2475,72889,16232,860,4528,2409,8435,56657,11751,3521,213,1762,857,689,8230
ACSSF,2012e1,co,000,0062,0000093,13507,5617,262,338,292,417,602,637,668,119,304,327,33,30,153,269,1054,112,7890,84789,28324,3880,11530,4335,8579,56465,5192,1703,120,752,284,547,3489,,,,,,,,3285,736,0,282,106,348,2549,,,,,,,,,,,,,,,5435,2870,286,1373,859,352,2565,75409,24275,3384,9062,4036,7793,51134,13507,5617,600,3366,485,1166,7890
ACSSF,2012e1,co,000,0062,0000094,33810,12452,451,1023,668,907,775,1073,783,317,1062,566,802,790,394,819,1553,469,21358,72519,20448,3175,7706,3737,5830,52071,12870,3482,285,972,1043,1182,9388,,,,,,,,2480,955,0,363,29,563,1525,,,,,,,,10954,3550,155,1461,1245,689,7404,6437,3850,429,2358,617,446,2587,52055,12678,2076,3818,2318,4466,39377,33810,12452,1474,6151,2805,2022,21358
ACSSF,2012e1,co,000,0062,0000095,8965,4615,595,168,138,109,424,213,232,171,208,510,281,99,295,318,667,187,4350,93300,28424,3135,11871,7209,6209,64876,2281,1253,79,581,268,325,1028,,,,,,,,4470,2155,244,1012,428,471,2315,,,,,,,,,,,,,,,4851,2587,256,722,631,978,2264,85784,24391,2405,10118,6358,5510,61393,8965,4615,763,2005,993,854,4350
ACSSF,2012e1,co,000,0062,0000096,,,,,,,,,,,,,,,,,,,,84756,27802,2680,10444,5616,9062,56954,2853,1422,41,488,268,625,1431,,,,,,,,5068,1958,127,855,394,582,3110,,,,,,,,,,,,,,,4455,2674,376,799,607,892,1781,78553,25074,2550,9258,5008,8258,53479,7945,3462,351,1488,608,1015,4483
ACSSF,2012e1,co,000,0062,0000097,73141,26902,1826,1995,2283,3005,2050,1283,1148,1640,1280,2473,1196,1009,1354,1915,2365,80,46239,128287,32028,3601,13934,6711,7782,96259,39994,13350,1393,5830,2729,3398,26644,,,,,,,,7837,2431,138,718,929,646,5406,,,,,,,,16149,5897,920,3620,1035,322,10252,11603,5388,773,2196,1225,1194,6215,80423,15107,1475,4672,2867,6093,65316,73141,26902,3821,15162,5474,2445,46239
ACSSF,2012e1,co,000,0062,0000098,18851,8884,474,1154,430,329,205,669,372,280,232,88,464,566,40,252,2592,737,9967,189591,63888,5372,16042,7047,35427,125703,,,,,,,,,,,,,,,11239,4370,410,1914,218,1828,6869,,,,,,,,5619,1792,621,642,289,240,3827,5379,2846,40,761,389,1656,2533,177826,57770,4365,14244,6212,32949,120056,18851,8884,1628,2605,1322,3329,9967
ACSSF,2012e1,co,000,0062,0000099,24162,7367,386,426,674,517,654,271,289,390,240,478,131,758,771,55,1327,0,16795,62018,15065,2176,7005,3702,2182,46953,,,,,,,,,,,,,,,,,,,,,,,,,,,,,,,,,,,,,,,,,,,42845,9867,1668,4333,2188,1678,32978,24162,7367,812,3513,1715,1327,16795
ACSSF,2012e1,co,000,0062,0000100,34717,14105,1080,777,889,685,1083,320,522,964,1012,477,613,1162,731,971,2300,519,20612,206059,57967,6819,22899,13023,15226,148092,25473,9344,505,4411,1705,2723,16129,,,,,,,,21589,6769,885,2756,1134,1994,14820,,,,,,,,8197,2795,138,744,965,948,5402,11086,6191,1095,2719,1602,775,4895,185870,50337,5590,19709,11286,13752,135533,34717,14105,1857,5952,3477,2819,20612
ACSSF,2012e1,co,000,0062,0000101,36462,12675,546,889,698,856,724,1121,1285,486,694,630,182,958,429,1149,1879,149,23787,186481,47582,5216,17891,7072,17403,138899,11697,3791,385,1755,966,685,7906,,,,,,,,4281,698,0,203,96,399,3583,,,,,,,,11028,2763,225,1159,953,426,8265,9315,4211,320,1559,1369,963,5104,164095,39175,4061,13467,5621,16026,124920,36462,12675,1435,6494,2718,2028,23787
ACSSF,2012e1,co,000,0062,0000102,187380,63941,4622,4295,4687,3915,3664,3613,2956,3631,3410,4746,3013,3835,2711,4396,9445,1002,123439,458798,107555,14508,38007,16367,38673,351243,61564,18369,2268,6873,3824,5404,43195,5853,1953,96,969,262,626,3900,20600,4791,169,1906,545,2171,15809,,,,,,,,37119,11530,1233,6539,2025,1733,25589,20612,9385,2053,3587,1224,2521,11227,322045,61528,8298,16575,5518,31137,260517,187380,63941,8917,30622,13955,10447,123439
ACSSF,2012e1,co,000,0062,0000103,22925,9111,744,992,468,357,281,827,0,760,409,526,831,639,282,314,1020,661,13814,262709,82105,10439,37224,18933,15509,180604,3688,1381,91,736,151,403,2307,,,,,,,,11752,4051,472,1540,773,1266,7701,,,,,,,,,,,,,,,5882,3343,382,2033,744,184,2539,244392,74333,8879,34207,16980,14267,170059,22925,9111,1736,3628,2066,1681,13814
ACSSF,2012e1,co,000,0062,0000104,,,,,,,,,,,,,,,,,,,,59736,21757,3487,7607,4040,6623,37979,3000,1016,120,431,0,465,1984,,,,,,,,,,,,,,,,,,,,,,,,,,,,,3687,1739,79,1046,161,453,1948,52473,17801,2391,5926,3836,5648,34672,8856,4814,1096,2209,329,1180,4042
ACSSF,2012e1,co,000,0062,0000105,21767,8576,726,242,348,318,481,203,554,142,450,511,321,343,482,184,2921,350,13191,167734,57954,4892,13926,6597,32539,109780,2699,1189,229,592,41,327,1510,,,,,,,,4449,2294,94,375,59,1766,2155,,,,,,,,,,,,,,,6663,3458,168,1203,616,1471,3205,151929,51615,4055,11751,5612,30197,100314,21767,8576,968,3007,1330,3271,13191
ACSSF,2012e1,co,000,0062,0000106,19026,6575,494,328,366,501,434,407,323,406,580,244,69,440,471,317,1158,37,12451,129424,29672,2260,13671,6560,7181,99752,920,541,0,278,165,98,379,,,,,,,,,,,,,,,,,,,,,,,,,,,,,4243,1420,305,490,417,208,2823,115742,24468,1849,10965,5479,6175,91274,19026,6575,822,3261,1297,1195,12451
ACSSF,2012e1,co,000,0062,0000107,42339,15984,1010,554,1142,1451,1301,1392,967,775,648,356,1049,1312,650,1228,2149,0,26355,89172,29210,2020,10009,5133,12048,59962,,,,,,,,,,,,,,,,,,,,,,,,,,,,,19169,6733,852,4279,1454,148,12436,3662,2414,454,682,314,964,1248,68503,21287,1617,6566,2620,10484,47216,42339,15984,1564,8032,4239,2149,26355
ACSSF,2012e1,co,000,0062,0000108,23114,7438,46,331,583,329,669,500,434,154,635,381,671,207,88,578,1403,429,15676,45897,13038,2063,4393,1981,4601,32859,9161,2164,138,434,669,923,6997,,,,,,,,,,,,,,,,,,,,,,6385,1968,0,733,541,694,4417,4760,2819,258,1515,231,815,1941,31348,8091,1772,1795,1092,3432,23257,23114,7438,377,3685,1544,1832,15676
ACSSF,2012e1,co,000,0062,0000109,78010,25519,1321,1262,2297,1702,1281,1505,1416,1244,1203,2081,1611,1159,742,2317,4021,357,52491,484832,118132,13459,46251,25485,32937,366700,6391,2758,249,1081,625,803,3633,4841,1742,13,1122,429,178,3099,13332,3454,381,1048,560,1465,9878,,,,,,,,9220,2549,173,1710,295,371,6671,13879,6183,1069,2523,1243,1348,7696,423415,98085,11598,36504,20413,29570,325330,78010,25519,2583,12729,5829,4378,52491
ACSSF,2012e1,co,000,0062,0000110,,,,,,,,,,,,,,,,,,,,84298,19656,3043,7765,4566,4282,64642,,,,,,,,,,,,,,,,,,,,,,,,,,,,,1333,398,0,165,102,131,935,1974,779,42,294,161,282,1195,77044,17294,2461,6556,4238,4039,59750,9306,3368,682,1806,500,380,5938
ACSSF,2012e1,co,000,0062,0000111,28880,10559,719,917,707,441,531,1036,750,699,595,573,754,589,399,1010,839,0,18321,134405,36014,4611,15361,7998,8044,98391,,,,,,,,,,,,,,,,,,,,,,,,,,,,,5948,2046,106,1056,810,74,3902,2925,1585,186,944,276,179,1340,113470,28694,3119,11912,6268,7395,84776,28880,10559,1636,5332,2752,839,18321
ACSSF,2012e1,co,000,0062,0000112,,,,,,,,,,,,,,,,,,,,94114,21740,3119,9462,5222,3937,72374,,,,,,,,,,,,,,,,,,,,,,,,,,,,,,,,,,,,3208,1648,145,737,273,493,1560,90166,19795,2910,8104,4844,3937,70371,9619,4217,354,2513,1143,207,5402
ACSSF,2012e1,co,000,0062,0000113,54126,17139,944,1151,815,1022,1278,809,828,1205,954,1286,811,887,842,1336,2695,276,36987,79280,20471,2227,7253,4245,6746,58809,2618,719,143,222,130,224,1899,2047,807,0,330,308,169,1240,,,,,,,,,,,,,,,15438,4856,736,2204,1263,653,10582,5812,1958,181,1173,274,330,3854,46096,10317,1000,2495,1995,4827,35779,54126,17139,2095,8197,3876,2971,36987
ACSSF,2012e1,co,000,0062,0000114,58025,21646,1112,762,897,1549,1572,1483,1077,1262,2056,1670,1291,1026,1420,718,3697,54,36379,188807,54237,6298,24337,10444,13158,134570,,,,,,,,,,,,,,,11751,4437,423,1730,529,1755,7314,,,,,,,,5402,1199,0,829,370,0,4203,6997,3606,666,1461,781,698,3391,139851,35784,4706,14404,6695,9979,104067,58025,21646,1874,11566,4455,3751,36379
ACSSF,2012e1,co,000,0062,0000115,30492,10647,754,265,663,1368,705,827,756,365,214,520,398,633,709,256,2068,146,19845,52550,12788,1611,5458,2152,3567,39762,,,,,,,,,,,,,,,,,,,,,,,,,,,,,7621,2799,170,1278,586,765,4822,1981,615,0,431,0,184,1366,31239,5400,762,1652,742,2244,25839,30492,10647,1019,5418,1996,2214,19845
