ACSSF,2012e1,co,000,0024,0000001,,,,,,,,,,,,,,,,,,,,,,,,,,,,,,,,,,,,,,,,,,,,,,,,,,,,,,,,,,,,,,,,,,,,,,,,,,,,,,,,,,,,,,,,,,,,,,,,,36.7,40.5,26.2,27.0,27.7,27.8,,,,,,,5123944,2568059,2555885,4131357,2068059,2063298,492637,243743,248894,259284,130579,128705,205060,106377,98683,35606,19301,16305,,,,,,,,,,,,,,,,,,,4327683,3515524,399025,214088,174910,24136,214326,166979,23522,12436,8859,2530,47099,35367,5860,2683,2938,251,145277,116914,10102,9374,4586,4301,5308,3714,454,245,510,385,215560,167449,31795,9215,5353,1748,,,,,,,,,,,,,,,,,,,,,,,,,,,,,,,,,,,,,,,,,,,,,,,,,,,,,,,,,,,,
ACSSF,2012e1,co,000,0024,0000002,,,,,,,,,,,,,,,,,,,,,,,,,,,,,,,,,,,,,,,,,,,,,,,,,,,,,,,,,,,,,,,,,,,,,,,,,,,,,,,,,,,,,,,,,,,,,,,,,35.5,39.2,26.1,26.8,27.3,27.9,,,,,,,4423628,2204325,2219303,3526007,1753644,1772363,450391,221757,228634,235326,118711,116615,180036,92895,87141,31868,17318,14550,,,,,,,,,,,,,,,,,,,3678562,2951175,361398,191598,153714,20677,207379,161261,23087,12007,8494,2530,37300,27870,5279,2201,1699,251,140153,112593,10006,9331,4172,4051,4828,3269,454,245,486,374,200236,155037,29773,8872,4824,1730,,,,,,,,,,,,,,,,,,,,,,,,,,,,,,,,,,,,,,,,,,,,,,,,,,,,,,,,,,,,
ACSSF,2012e1,co,000,0024,0000003,,,,,,,,,,,,,,,,,,,,,,,,,,,,,,,,,,,,,,,,,,,,,,,,,,,,,,,,,,,,,,,,,,,,,,,,,,,,,,,,,,,,,,,,,,,,,,,,,45.5,48.3,28.6,31.5,31.2,26.2,,,,,,,700316,363734,336582,605350,314415,290935,42246,21986,20260,23958,11868,12090,25024,13482,11542,3738,1983,1755,,,,,,,,,,,,,,,,,,,649121,564349,37627,22490,21196,3459,6947,5718,435,429,365,0,9799,7497,581,482,1239,0,5124,4321,96,43,414,250,,,,,,,15324,12412,2022,343,529,18,,,,,,,,,,,,,,,,,,,,,,,,,,,,,,,,,,,,,,,,,,,,,,,,,,,,,,,,,,,,
ACSSF,2012e1,co,000,0024,0000004,,,,,,,,,,,,,,,,,,,,,,,,,,,,,,,,,,,,,,,,,,,,,,,,,,,,,,,,,,,,,,,,,,,,,,,,,,,,,,,,,,,,,,,,,,,,,,,,,36.3,40.1,26.1,27.0,27.9,27.9,,,,,,,4721474,2360785,2360689,3796191,1896424,1899767,458046,225947,232099,241348,121093,120255,191485,98499,92986,34404,18822,15582,,,,,,,,,,,,,,,,,,,3967407,3213856,369741,197530,163297,22983,208359,162720,23082,11611,8416,2530,39618,29991,4643,2578,2155,251,142236,114202,10013,9312,4428,4281,5128,3586,413,245,510,374,197053,151804,29454,9022,5043,1730,,,,,,,,,,,,,,,,,,,,,,,,,,,,,,,,,,,,,,,,,,,,,,,,,,,,,,,,,,,,
ACSSF,2012e1,co,000,0024,0000005,,,,,,,,,,,,,,,,,,,,,,,,,,,,,,,,,,,,,,,,,,,,,,,,,,,,,,,,,,,,,,,,,,,,,,,,,,,,,,,,,,,,,,,,,,,,,,,,,36.2,40.0,26.1,26.9,27.8,28.0,,,,,,,4445881,2215654,2230227,3570381,1778532,1791849,431568,212247,219321,229432,113965,115467,180864,92184,88680,33636,18726,14910,,,,,,,,,,,,,,,,,,,3720708,3009463,346458,187591,154632,22564,202727,158924,22369,10717,8187,2530,33382,25841,4146,2125,1019,251,141438,113434,10013,9312,4428,4251,4369,2827,413,245,510,374,186308,143449,28317,8564,4567,1411,,,,,,,,,,,,,,,,,,,,,,,,,,,,,,,,,,,,,,,,,,,,,,,,,,,,,,,,,,,,
ACSSF,2012e1,co,000,0024,0000006,,,,,,,,,,,,,,,,,,,,,,,,,,,,,,,,,,,,,,,,,,,,,,,,,,,,,,,,,,,,,,,,,,,,,,,,,,,,,,,,,,,,,,,,,,,,,,,,,34.0,38.5,26.0,25.2,26.8,28.8,,,,,,,2019243,1001526,1017717,1533273,760304,772969,256350,126582,129768,115589,55885,59704,95317,48081,47236,18714,10674,8040,,,,,,,,,,,,,,,,,,,1571724,1196111,195001,89692,79250,11670,156712,121886,18595,7937,6175,2119,16221,12672,1264,1192,842,251,65068,49979,5168,5608,2094,2219,2524,1371,335,119,369,330,122757,91109,22582,4980,2831,1255,,,,,,,,,,,,,,,,,,,,,,,,,,,,,,,,,,,,,,,,,,,,,,,,,,,,,,,,,,,,
ACSSF,2012e1,co,000,0024,0000007,,,,,,,,,,,,,,,,,,,,,,,,,,,,,,,,,,,,,,,,,,,,,,,,,,,,,,,,,,,,,,,,,,,,,,,,,,,,,,,,,,,,,,,,,,,,,,,,,38.1,41.0,26.4,29.4,29.8,27.3,,,,,,,2426638,1214128,1212510,2037108,1018228,1018880,175218,85665,89553,113843,58080,55763,85547,44103,41444,14922,8052,6870,,,,,,,,,,,,,,,,,,,2148984,1813352,151457,97899,75382,10894,46015,37038,3774,2780,2012,411,17161,13169,2882,933,177,0,76370,63455,4845,3704,2334,2032,,,,,,,63551,52340,5735,3584,1736,156,,,,,,,,,,,,,,,,,,,,,,,,,,,,,,,,,,,,,,,,,,,,,,,,,,,,,,,,,,,,
ACSSF,2012e1,co,000,0024,0000008,,,,,,,,,,,,,,,,,,,,,,,,,,,,,,,,,,,,,,,,,,,,,,,,,,,,,,,,,,,,,,,,,,,,,,,,,,,,,,,,,,,,,,,,,,,,,,,,,38.9,42.6,25.7,28.3,29.2,22.4,,,,,,,275593,145131,130462,225810,117892,107918,26478,13700,12778,11916,7128,4788,10621,6315,4306,768,96,672,,,,,,,,,,,,,,,,,,,246699,204393,23283,9939,8665,419,5632,3796,713,894,229,0,6236,4150,497,453,1136,0,,,,,,,,,,,,,10745,8355,1137,458,476,319,,,,,,,,,,,,,,,,,,,,,,,,,,,,,,,,,,,,,,,,,,,,,,,,,,,,,,,,,,,,
ACSSF,2012e1,co,000,0024,0000009,,,,,,,,,,,,,,,,,,,,,,,,,,,,,,,,,,,,,,,,,,,,,,,,,,,,,,,,,,,,,,,,,,,,,,,,,,,,,,,,,,,,,,,,,,,,,,,,,35.7,39.6,24.0,25.4,25.5,.,,,,,,,90800,45545,45255,71523,35803,35720,12578,5920,6658,4153,2629,1524,2535,1182,1353,11,11,0,,,,,,,,,,,,,,,,,,,83263,66630,11692,2955,1975,11,1936,858,491,550,37,0,,,,,,,,,,,,,,,,,,,1659,1043,76,385,155,0,,,,,,,,,,,,,,,,,,,,,,,,,,,,,,,,,,,,,,,,,,,,,,,,,,,,,,,,,,,,
ACSSF,2012e1,co,000,0024,0000010,,,,,,,,,,,,,,,,,,,,,,,,,,,,,,,,,,,,,,,,,,,,,,,,,,,,,,,,,,,,,,,,,,,,,,,,,,,,,,,,,,,,,,,,,,,,,,,,,40.6,43.8,28.0,28.5,29.6,22.4,,,,,,,184793,99586,85207,154287,82089,72198,13900,7780,6120,7763,4499,3264,8086,5133,2953,757,85,672,,,,,,,,,,,,,,,,,,,163436,137763,11591,6984,6690,408,,,,,,,4452,3076,312,283,781,0,,,,,,,,,,,,,,,,,,,,,,,,,,,,,,,,,,,,,,,,,,,,,,,,,,,,,,,,,,,,,,,,,,,,,,,,,,,,,,
ACSSF,2012e1,co,000,0024,0000011,,,,,,,,,,,,,,,,,,,,,,,,,,,,,,,,,,,,,,,,,,,,,,,,,,,,,,,,,,,,,,,,,,,,,,,,,,,,,,,,,,,,,,,,,,,,,,,,,41.2,45.1,27.6,27.7,25.7,21.7,,,,,,,402470,207274,195196,335166,171635,163531,34591,17796,16795,17936,9486,8450,13575,7878,5697,1202,479,723,,,,,,,,,,,,,,,,,,,360276,301668,29284,16558,11613,1153,5967,4259,440,825,443,0,7481,5376,1217,105,783,0,,,,,,,,,,,,,,,,,,,,,,,,,,,,,,,,,,,,,,,,,,,,,,,,,,,,,,,,,,,,,,,,,,,,,,,,,,,,,,
ACSSF,2012e1,co,000,0024,0000012,,,,,,,,,,,,,,,,,,,,,,,,,,,,,,,,,,,,,,,,,,,,,,,,,,,,,,,,,,,,,,,,,,,,,,,,,,,,,,,,,,,,,,,,,,,,,,,,,40.4,43.9,26.9,28.0,26.4,21.9,,,,,,,678063,352405,325658,560976,289527,271449,61069,31496,29573,29852,16614,13238,24196,14193,10003,1970,575,1395,,,,,,,,,,,,,,,,,,,606975,506061,52567,26497,20278,1572,11599,8055,1153,1719,672,0,13717,9526,1714,558,1919,0,,,,,,,,,,,,,29252,24000,3478,651,786,337,,,,,,,,,,,,,,,,,,,,,,,,,,,,,,,,,,,,,,,,,,,,,,,,,,,,,,,,,,,,
ACSSF,2012e1,co,000,0024,0000013,,,,,,,,,,,,,,,,,,,,,,,,,,,,,,,,,,,,,,,,,,,,,,,,,,,,,,,,,,,,,,,,,,,,,,,,,,,,,,,,,,,,,,,,,,,,,,,,,33.5,35.9,24.8,28.3,25.3,21.8,,,,,,,452538,227135,225403,367063,182798,184265,41203,19900,21303,31832,18427,13405,9589,4567,5022,2851,1443,1408,,,,,,,,,,,,,,,,,,,374344,304210,34900,25596,8057,1581,14519,10292,1049,1820,816,542,,,,,,,16639,14934,1079,563,0,63,,,,,,,26730,23716,1245,1470,198,101,,,,,,,,,,,,,,,,,,,,,,,,,,,,,,,,,,,,,,,,,,,,,,,,,,,,,,,,,,,,
ACSSF,2012e1,co,000,0024,0000014,,,,,,,,,,,,,,,,,,,,,,,,,,,,,,,,,,,,,,,,,,,,,,,,,,,,,,,,,,,,,,,,,,,,,,,,,,,,,,,,,,,,,,,,,,,,,,,,,36.6,40.1,27.5,27.5,29.0,28.3,,,,,,,587919,289264,298655,468874,232527,236347,52490,24212,28278,39619,18351,21268,23386,12465,10921,3550,1709,1841,,,,,,,,,,,,,,,,,,,440457,357529,32196,30585,18208,1939,60814,48382,6821,3001,1721,889,,,,,,,31289,24595,4034,1343,911,406,,,,,,,22792,15479,4574,1415,1324,0,,,,,,,,,,,,,,,,,,,,,,,,,,,,,,,,,,,,,,,,,,,,,,,,,,,,,,,,,,,,
ACSSF,2012e1,co,000,0024,0000015,,,,,,,,,,,,,,,,,,,,,,,,,,,,,,,,,,,,,,,,,,,,,,,,,,,,,,,,,,,,,,,,,,,,,,,,,,,,,,,,,,,,,,,,,,,,,,,,,35.9,41.9,22.9,24.0,24.0,27.6,,,,,,,302247,152027,150220,231727,116974,114753,39063,18707,20356,14633,7912,6721,13435,6643,6792,3389,1791,1598,,,,,,,,,,,,,,,,,,,267772,207008,33532,12518,12706,2008,,,,,,,,,,,,,14163,11404,684,768,120,1187,,,,,,,9290,6842,2222,226,0,0,,,,,,,,,,,,,,,,,,,,,,,,,,,,,,,,,,,,,,,,,,,,,,,,,,,,,,,,,,,,
ACSSF,2012e1,co,000,0024,0000016,,,,,,,,,,,,,,,,,,,,,,,,,,,,,,,,,,,,,,,,,,,,,,,,,,,,,,,,,,,,,,,,,,,,,,,,,,,,,,,,,,,,,,,,,,,,,,,,,34.2,37.2,28.5,27.7,27.9,32.3,,,,,,,624608,311371,313237,480648,240674,239974,64434,30929,33505,47408,23615,23793,27398,13835,13563,4720,2318,2402,,,,,,,,,,,,,,,,,,,473397,359084,51003,36576,23786,2948,63270,51932,5428,3628,2012,270,,,,,,,21134,14352,1478,4028,440,836,,,,,,,38624,31283,4900,1719,563,159,,,,,,,,,,,,,,,,,,,,,,,,,,,,,,,,,,,,,,,,,,,,,,,,,,,,,,,,,,,,
ACSSF,2012e1,co,000,0024,0000017,,,,,,,,,,,,,,,,,,,,,,,,,,,,,,,,,,,,,,,,,,,,,,,,,,,,,,,,,,,,,,,,,,,,,,,,,,,,,,,,,,,,,,,,,,,,,,,,,37.9,39.2,29.0,31.2,30.8,18.8,,,,,,,294175,146155,148020,252898,127427,125471,16124,7247,8877,12626,5680,6946,11160,5336,5824,1367,465,902,,,,,,,,,,,,,,,,,,,267724,231160,14625,10629,10009,1301,,,,,,,,,,,,,12068,10014,0,1265,723,66,,,,,,,,,,,,,,,,,,,,,,,,,,,,,,,,,,,,,,,,,,,,,,,,,,,,,,,,,,,,,,,,,,,,,,,,
ACSSF,2012e1,co,000,0024,0000018,,,,,,,,,,,,,,,,,,,,,,,,,,,,,,,,,,,,,,,,,,,,,,,,,,,,,,,,,,,,,,,,,,,,,,,,,,,,,,,,,,,,,,,,,,,,,,,,,34.5,39.2,26.1,25.0,26.5,28.8,,,,,,,636198,318516,317682,489892,242686,247206,79734,41126,38608,14264,6156,8108,41169,20948,20221,11139,7600,3539,,,,,,,,,,,,,,,,,,,521508,404271,64357,10694,33936,8250,40198,29381,6293,925,2808,791,3980,2362,1128,41,341,108,16662,14351,746,622,583,360,,,,,,,21712,16564,3410,566,447,725,,,,,,,,,,,,,,,,,,,,,,,,,,,,,,,,,,,,,,,,,,,,,,,,,,,,,,,,,,,,
ACSSF,2012e1,co,000,0024,0000019,,,,,,,,,,,,,,,,,,,,,,,,,,,,,,,,,,,,,,,,,,,,,,,,,,,,,,,,,,,,,,,,,,,,,,,,,,,,,,,,,,,,,,,,,,,,,,,,,41.1,44.3,27.3,29.7,28.0,31.7,,,,,,,540963,269098,271865,456799,225112,231687,39141,19013,20128,25821,14199,11622,16633,9741,6892,2569,1033,1536,,,,,,,,,,,,,,,,,,,491360,415310,35840,23709,14668,1833,6650,5965,309,190,186,0,,,,,,,13464,10954,1019,479,477,535,,,,,,,,,,,,,,,,,,,,,,,,,,,,,,,,,,,,,,,,,,,,,,,,,,,,,,,,,,,,,,,,,,,,,,,,
ACSSF,2012e1,co,000,0024,0000020,,,,,,,,,,,,,,,,,,,,,,,,,,,,,,,,,,,,,,,,,,,,,,,,,,,,,,,,,,,,,,,,,,,,,,,,,,,,,,,,,,,,,,,,,,,,,,,,,36.3,42.0,24.0,20.5,29.6,22.9,,,,,,,307132,152690,154442,242001,118549,123452,37806,20498,17308,11588,5200,6388,13780,7172,6608,1957,1271,686,,,,,,,,,,,,,,,,,,,278411,221218,33354,10866,11870,1103,,,,,,,,,,,,,5803,3446,786,0,1009,562,,,,,,,7785,6073,1294,66,243,109,,,,,,,,,,,,,,,,,,,,,,,,,,,,,,,,,,,,,,,,,,,,,,,,,,,,,,,,,,,,
ACSSF,2012e1,co,000,0024,0000021,,,,,,,,,,,,,,,,,,,,,,,,,,,,,,,,,,,,,,,,,,,,,,,,,,,,,,,,,,,,,,,,,,,,,,,,,,,,,,,,,,,,,,,,,,,,,,,,,39.2,43.3,26.3,22.1,34.3,18.8,,,,,,,146068,73734,72334,121966,61708,60258,13562,6652,6910,3915,2121,1794,5988,2834,3154,637,419,218,,,,,,,,,,,,,,,,,,,134746,112391,13112,3462,5351,430,,,,,,,,,,,,,,,,,,,,,,,,,,,,,,,,,,,,,,,,,,,,,,,,,,,,,,,,,,,,,,,,,,,,,,,,,,,,,,,,,,,,,,,,,,
ACSSF,2012e1,co,000,0024,0000022,,,,,,,,,,,,,,,,,,,,,,,,,,,,,,,,,,,,,,,,,,,,,,,,,,,,,,,,,,,,,,,,,,,,,,,,,,,,,,,,,,,,,,,,,,,,,,,,,39.4,42.6,26.1,25.2,31.5,47.4,,,,,,,158595,77996,80599,131781,65238,66543,20053,9542,10511,3316,1358,1958,3264,1742,1522,181,116,65,,,,,,,,,,,,,,,,,,,126878,109085,12635,2122,2905,131,3280,2771,366,93,50,0,2848,2048,335,365,50,50,,,,,,,,,,,,,,,,,,,,,,,,,,,,,,,,,,,,,,,,,,,,,,,,,,,,,,,,,,,,,,,,,,,,,,,,,,,,,,
ACSSF,2012e1,co,000,0024,0000023,,,,,,,,,,,,,,,,,,,,,,,,,,,,,,,,,,,,,,,,,,,,,,,,,,,,,,,,,,,,,,,,,,,,,,,,,,,,,,,,,,,,,,,,,,,,,,,,,34.0,36.8,23.7,22.1,28.4,49.5,,,,,,,260811,130293,130518,211931,106815,105116,24857,12781,12076,14006,5834,8172,9328,4476,4852,689,387,302,,,,,,,,,,,,,,,,,,,220410,183368,17882,10972,7528,660,2746,1937,450,124,235,0,,,,,,,,,,,,,,,,,,,24676,16179,5333,2110,1054,0,,,,,,,,,,,,,,,,,,,,,,,,,,,,,,,,,,,,,,,,,,,,,,,,,,,,,,,,,,,,
ACSSF,2012e1,co,000,0024,0000024,,,,,,,,,,,,,,,,,,,,,,,,,,,,,,,,,,,,,,,,,,,,,,,,,,,,,,,,,,,,,,,,,,,,,,,,,,,,,,,,,,,,,,,,,,,,,,,,,42.9,44.7,33.2,30.3,32.4,52.7,,,,,,,108196,52907,55289,93600,45957,47643,6586,2956,3630,4582,2206,2376,2998,1504,1494,430,284,146,,,,,,,,,,,,,,,,,,,97092,84508,5639,4187,2449,309,,,,,,,,,,,,,,,,,,,,,,,,,,,,,,,,,,,,,,,,,,,,,,,,,,,,,,,,,,,,,,,,,,,,,,,,,,,,,,,,,,,,,,,,,,
ACSSF,2012e1,co,000,0024,0000025,,,,,,,,,,,,,,,,,,,,,,,,,,,,,,,,,,,,,,,,,,,,,,,,,,,,,,,,,,,,,,,,,,,,,,,,,,,,,,,,,,,,,,,,,,,,,,,,,34.0,37.4,26.7,25.7,27.5,27.2,,,,,,,333951,166532,167419,257941,129017,128924,36289,16669,19620,23103,12075,11028,13690,7315,6375,2928,1456,1472,,,,,,,,,,,,,,,,,,,220123,174756,19688,14893,9591,1195,56020,42246,6941,3577,1923,1333,,,,,,,14852,12281,1727,551,215,78,,,,,,,19721,13691,3607,1402,920,101,,,,,,,,,,,,,,,,,,,,,,,,,,,,,,,,,,,,,,,,,,,,,,,,,,,,,,,,,,,,
ACSSF,2012e1,co,000,0024,0000026,,,,,,,,,,,,,,,,,,,,,,,,,,,,,,,,,,,,,,,,,,,,,,,,,,,,,,,,,,,,,,,,,,,,,,,,,,,,,,,,,,,,,,,,,,,,,,,,,28.0,38.7,22.1,21.1,22.1,28.3,,,,,,,100927,50313,50614,61649,31151,30498,21979,10609,11370,6965,3195,3770,8424,4262,4162,1910,1096,814,,,,,,,,,,,,,,,,,,,90823,55868,19738,5986,7911,1320,,,,,,,,,,,,,3726,2582,487,261,0,396,,,,,,,2052,1278,548,226,0,0,,,,,,,,,,,,,,,,,,,,,,,,,,,,,,,,,,,,,,,,,,,,,,,,,,,,,,,,,,,,
ACSSF,2012e1,co,000,0024,0000027,,,,,,,,,,,,,,,,,,,,,,,,,,,,,,,,,,,,,,,,,,,,,,,,,,,,,,,,,,,,,,,,,,,,,,,,,,,,,,,,,,,,,,,,,,,,,,,,,41.6,44.9,28.9,32.3,27.6,55.3,,,,,,,102436,50214,52222,88384,44320,44064,6465,2480,3985,4308,2068,2240,2995,1214,1781,284,132,152,,,,,,,,,,,,,,,,,,,87742,76635,4779,3698,2433,197,,,,,,,,,,,,,,,,,,,,,,,,,,,,,,,,,,,,,,,,,,,,,,,,,,,,,,,,,,,,,,,,,,,,,,,,,,,,,,,,,,,,,,,,,,
ACSSF,2012e1,co,000,0024,0000028,,,,,,,,,,,,,,,,,,,,,,,,,,,,,,,,,,,,,,,,,,,,,,,,,,,,,,,,,,,,,,,,,,,,,,,,,,,,,,,,,,,,,,,,,,,,,,,,,35.0,40.3,26.5,24.9,26.4,31.1,,,,,,,426130,210939,215191,321046,157425,163621,62634,32375,30259,10675,4470,6205,25103,12461,12642,6672,4208,2464,,,,,,,,,,,,,,,,,,,344174,258566,50907,8696,21074,4931,28312,21242,4605,375,1612,478,,,,,,,13495,11820,559,542,324,250,,,,,,,18731,14138,3130,566,218,679,,,,,,,,,,,,,,,,,,,,,,,,,,,,,,,,,,,,,,,,,,,,,,,,,,,,,,,,,,,,
ACSSF,2012e1,co,000,0024,0000029,,,,,,,,,,,,,,,,,,,,,,,,,,,,,,,,,,,,,,,,,,,,,,,,,,,,,,,,,,,,,,,,,,,,,,,,,,,,,,,,,,,,,,,,,,,,,,,,,34.2,37.2,28.5,27.7,27.9,32.3,,,,,,,624608,311371,313237,480648,240674,239974,64434,30929,33505,47408,23615,23793,27398,13835,13563,4720,2318,2402,,,,,,,,,,,,,,,,,,,473397,359084,51003,36576,23786,2948,63270,51932,5428,3628,2012,270,,,,,,,21134,14352,1478,4028,440,836,,,,,,,38624,31283,4900,1719,563,159,,,,,,,,,,,,,,,,,,,,,,,,,,,,,,,,,,,,,,,,,,,,,,,,,,,,,,,,,,,,
ACSSF,2012e1,co,000,0024,0000030,,,,,,,,,,,,,,,,,,,,,,,,,,,,,,,,,,,,,,,,,,,,,,,,,,,,,,,,,,,,,,,,,,,,,,,,,,,,,,,,,,,,,,,,,,,,,,,,,30.4,36.2,23.1,20.1,28.1,23.1,,,,,,,146628,72213,74415,104913,51344,53569,23702,11684,12018,8455,4039,4416,8121,4205,3916,1437,941,496,,,,,,,,,,,,,,,,,,,130009,93348,21264,7829,6876,692,,,,,,,,,,,,,4415,2563,786,0,504,562,,,,,,,2772,2343,280,66,83,0,,,,,,,,,,,,,,,,,,,,,,,,,,,,,,,,,,,,,,,,,,,,,,,,,,,,,,,,,,,,
ACSSF,2012e1,co,000,0024,0000031,,,,,,,,,,,,,,,,,,,,,,,,,,,,,,,,,,,,,,,,,,,,,,,,,,,,,,,,,,,,,,,,,,,,,,,,,,,,,,,,,,,,,,,,,,,,,,,,,31.2,36.5,23.3,20.5,23.8,48.1,,,,,,,94194,46489,47705,70158,35305,34853,14391,7722,6669,5764,2103,3661,3778,1278,2500,103,81,22,,,,,,,,,,,,,,,,,,,68819,53533,8577,4266,2362,81,2114,1331,450,107,226,0,,,,,,,,,,,,,,,,,,,16775,10660,4631,711,773,0,,,,,,,,,,,,,,,,,,,,,,,,,,,,,,,,,,,,,,,,,,,,,,,,,,,,,,,,,,,,
ACSSF,2012e1,co,000,0024,0000032,,,,,,,,,,,,,,,,,,,,,,,,,,,,,,,,,,,,,,,,,,,,,,,,,,,,,,,,,,,,,,,,,,,,,,,,,,,,,,,,,,,,,,,,,,,,,,,,,38.6,39.8,27.8,29.0,30.9,26.9,,,,,,,100393,50287,50106,86524,44137,42387,5087,2210,2877,4062,1737,2325,4350,2048,2302,370,155,215,,,,,,,,,,,,,,,,,,,89567,77113,4942,3380,3828,304,,,,,,,,,,,,,,,,,,,,,,,,,,,,,,,,,,,,,,,,,,,,,,,,,,,,,,,,,,,,,,,,,,,,,,,,,,,,,,,,,,,,,,,,,,
ACSSF,2012e1,co,000,0024,0000033,,,,,,,,,,,,,,,,,,,,,,,,,,,,,,,,,,,,,,,,,,,,,,,,,,,,,,,,,,,,,,,,,,,,,,,,,,,,,,,,,,,,,,,,,,,,,,,,,37.9,42.8,25.3,30.4,28.5,31.5,,,,,,,144359,71088,73271,116347,55310,61037,13346,7097,6249,8588,5414,3174,5195,3052,2143,883,215,668,,,,,,,,,,,,,,,,,,,128420,102864,12168,7618,4991,779,,,,,,,,,,,,,,,,,,,,,,,,,,,,,,,,,,,,,,,,,,,,,,,,,,,,,,,,,,,,,,,,,,,,,,,,,,,,,,,,,,,,,,,,,,
ACSSF,2012e1,co,000,0024,0000034,,,,,,,,,,,,,,,,,,,,,,,,,,,,,,,,,,,,,,,,,,,,,,,,,,,,,,,,,,,,,,,,,,,,,,,,,,,,,,,,,,,,,,,,,,,,,,,,,35.5,39.0,23.4,23.9,31.2,57.3,,,,,,,87529,46463,41066,71844,37677,34167,10152,5229,4923,3534,2566,968,1617,728,889,382,263,119,,,,,,,,,,,,,,,,,,,75594,63373,7615,2607,1617,382,,,,,,,,,,,,,,,,,,,,,,,,,,,,,,,,,,,,,,,,,,,,,,,,,,,,,,,,,,,,,,,,,,,,,,,,,,,,,,,,,,,,,,,,,,
ACSSF,2012e1,co,000,0024,0000035,,,,,,,,,,,,,,,,,,,,,,,,,,,,,,,,,,,,,,,,,,,,,,,,,,,,,,,,,,,,,,,,,,,,,,,,,,,,,,,,,,,,,,,,,,,,,,,,,39.6,41.9,35.0,23.5,29.9,34.2,,,,,,,69788,34272,35516,58744,27785,30959,6627,4388,2239,1252,494,758,3056,1496,1560,109,109,0,,,,,,,,,,,,,,,,,,,61729,53116,4911,1252,2450,0,,,,,,,,,,,,,,,,,,,,,,,,,,,,,,,,,,,,,,,,,,,,,,,,,,,,,,,,,,,,,,,,,,,,,,,,,,,,,,,,,,,,,,,,,,
ACSSF,2012e1,co,000,0024,0000036,,,,,,,,,,,,,,,,,,,,,,,,,,,,,,,,,,,,,,,,,,,,,,,,,,,,,,,,,,,,,,,,,,,,,,,,,,,,,,,,,,,,,,,,,,,,,,,,,38.1,41.8,26.1,23.4,33.4,47.9,,,,,,,105747,50654,55093,85061,41014,44047,15242,7101,8141,2711,1035,1676,2617,1388,1229,116,116,0,,,,,,,,,,,,,,,,,,,78394,66276,8117,1677,2258,66,,,,,,,2113,1474,174,365,50,50,,,,,,,,,,,,,,,,,,,,,,,,,,,,,,,,,,,,,,,,,,,,,,,,,,,,,,,,,,,,,,,,,,,,,,,,,,,,,,
ACSSF,2012e1,co,000,0024,0000037,,,,,,,,,,,,,,,,,,,,,,,,,,,,,,,,,,,,,,,,,,,,,,,,,,,,,,,,,,,,,,,,,,,,,,,,,,,,,,,,,,,,,,,,,,,,,,,,,31.9,33.7,23.0,31.9,24.6,23.5,,,,,,,121736,60489,61247,100361,49849,50512,13762,6698,7064,4952,2980,1972,2389,874,1515,272,88,184,,,,,,,,,,,,,,,,,,,105393,86238,12184,4439,2260,272,,,,,,,,,,,,,,,,,,,,,,,,,,,,,,,,,,,,,,,,,,,,,,,,,,,,,,,,,,,,,,,,,,,,,,,,,,,,,,,,,,,,,,,,,,
ACSSF,2012e1,co,000,0024,0000038,,,,,,,,,,,,,,,,,,,,,,,,,,,,,,,,,,,,,,,,,,,,,,,,,,,,,,,,,,,,,,,,,,,,,,,,,,,,,,,,,,,,,,,,,,,,,,,,,38.6,41.6,27.8,28.5,29.3,40.4,,,,,,,108278,53851,54427,90103,44221,45882,6604,3180,3424,8364,4354,4010,3015,2023,992,192,73,119,,,,,,,,,,,,,,,,,,,90936,75662,5677,7320,2160,117,,,,,,,,,,,,,,,,,,,,,,,,,,,,,,,,,,,,,,,,,,,,,,,,,,,,,,,,,,,,,,,,,,,,,,,,,,,,,,,,,,,,,,,,,,
ACSSF,2012e1,co,000,0024,0000039,,,,,,,,,,,,,,,,,,,,,,,,,,,,,,,,,,,,,,,,,,,,,,,,,,,,,,,,,,,,,,,,,,,,,,,,,,,,,,,,,,,,,,,,,,,,,,,,,28.0,38.7,22.1,21.1,22.1,28.3,,,,,,,100927,50313,50614,61649,31151,30498,21979,10609,11370,6965,3195,3770,8424,4262,4162,1910,1096,814,,,,,,,,,,,,,,,,,,,90823,55868,19738,5986,7911,1320,,,,,,,,,,,,,3726,2582,487,261,0,396,,,,,,,2052,1278,548,226,0,0,,,,,,,,,,,,,,,,,,,,,,,,,,,,,,,,,,,,,,,,,,,,,,,,,,,,,,,,,,,,
ACSSF,2012e1,co,000,0024,0000040,,,,,,,,,,,,,,,,,,,,,,,,,,,,,,,,,,,,,,,,,,,,,,,,,,,,,,,,,,,,,,,,,,,,,,,,,,,,,,,,,,,,,,,,,,,,,,,,,35.0,40.3,26.5,24.9,26.4,31.1,,,,,,,426130,210939,215191,321046,157425,163621,62634,32375,30259,10675,4470,6205,25103,12461,12642,6672,4208,2464,,,,,,,,,,,,,,,,,,,344174,258566,50907,8696,21074,4931,28312,21242,4605,375,1612,478,,,,,,,13495,11820,559,542,324,250,,,,,,,18731,14138,3130,566,218,679,,,,,,,,,,,,,,,,,,,,,,,,,,,,,,,,,,,,,,,,,,,,,,,,,,,,,,,,,,,,
ACSSF,2012e1,co,000,0024,0000041,,,,,,,,,,,,,,,,,,,,,,,,,,,,,,,,,,,,,,,,,,,,,,,,,,,,,,,,,,,,,,,,,,,,,,,,,,,,,,,,,,,,,,,,,,,,,,,,,34.0,37.4,26.7,25.7,27.5,27.2,,,,,,,333951,166532,167419,257941,129017,128924,36289,16669,19620,23103,12075,11028,13690,7315,6375,2928,1456,1472,,,,,,,,,,,,,,,,,,,220123,174756,19688,14893,9591,1195,56020,42246,6941,3577,1923,1333,,,,,,,14852,12281,1727,551,215,78,,,,,,,19721,13691,3607,1402,920,101,,,,,,,,,,,,,,,,,,,,,,,,,,,,,,,,,,,,,,,,,,,,,,,,,,,,,,,,,,,,
ACSSF,2012e1,co,000,0024,0000042,,,,,,,,,,,,,,,,,,,,,,,,,,,,,,,,,,,,,,,,,,,,,,,,,,,,,,,,,,,,,,,,,,,,,,,,,,,,,,,,,,,,,,,,,,,,,,,,,34.2,37.2,28.5,27.7,27.9,32.3,,,,,,,624608,311371,313237,480648,240674,239974,64434,30929,33505,47408,23615,23793,27398,13835,13563,4720,2318,2402,,,,,,,,,,,,,,,,,,,473397,359084,51003,36576,23786,2948,63270,51932,5428,3628,2012,270,,,,,,,21134,14352,1478,4028,440,836,,,,,,,38624,31283,4900,1719,563,159,,,,,,,,,,,,,,,,,,,,,,,,,,,,,,,,,,,,,,,,,,,,,,,,,,,,,,,,,,,,
ACSSF,2012e1,co,000,0024,0000043,,,,,,,,,,,,,,,,,,,,,,,,,,,,,,,,,,,,,,,,,,,,,,,,,,,,,,,,,,,,,,,,,,,,,,,,,,,,,,,,,,,,,,,,,,,,,,,,,30.4,36.2,23.1,20.1,28.1,23.1,,,,,,,146628,72213,74415,104913,51344,53569,23702,11684,12018,8455,4039,4416,8121,4205,3916,1437,941,496,,,,,,,,,,,,,,,,,,,130009,93348,21264,7829,6876,692,,,,,,,,,,,,,4415,2563,786,0,504,562,,,,,,,2772,2343,280,66,83,0,,,,,,,,,,,,,,,,,,,,,,,,,,,,,,,,,,,,,,,,,,,,,,,,,,,,,,,,,,,,
ACSSF,2012e1,co,000,0024,0000044,,,,,,,,,,,,,,,,,,,,,,,,,,,,,,,,,,,,,,,,,,,,,,,,,,,,,,,,,,,,,,,,,,,,,,,,,,,,,,,,,,,,,,,,,,,,,,,,,39.6,41.9,35.0,23.5,29.9,34.2,,,,,,,69788,34272,35516,58744,27785,30959,6627,4388,2239,1252,494,758,3056,1496,1560,109,109,0,,,,,,,,,,,,,,,,,,,61729,53116,4911,1252,2450,0,,,,,,,,,,,,,,,,,,,,,,,,,,,,,,,,,,,,,,,,,,,,,,,,,,,,,,,,,,,,,,,,,,,,,,,,,,,,,,,,,,,,,,,,,,
ACSSF,2012e1,co,000,0024,0000045,,,,,,,,,,,,,,,,,,,,,,,,,,,,,,,,,,,,,,,,,,,,,,,,,,,,,,,,,,,,,,,,,,,,,,,,,,,,,,,,,,,,,,,,,,,,,,,,,31.2,36.5,23.3,20.5,23.8,48.1,,,,,,,94194,46489,47705,70158,35305,34853,14391,7722,6669,5764,2103,3661,3778,1278,2500,103,81,22,,,,,,,,,,,,,,,,,,,68819,53533,8577,4266,2362,81,2114,1331,450,107,226,0,,,,,,,,,,,,,,,,,,,16775,10660,4631,711,773,0,,,,,,,,,,,,,,,,,,,,,,,,,,,,,,,,,,,,,,,,,,,,,,,,,,,,,,,,,,,,
ACSSF,2012e1,co,000,0024,0000046,,,,,,,,,,,,,,,,,,,,,,,,,,,,,,,,,,,,,,,,,,,,,,,,,,,,,,,,,,,,,,,,,,,,,,,,,,,,,,,,,,,,,,,,,,,,,,,,,38.1,41.8,26.1,23.4,33.4,47.9,,,,,,,105747,50654,55093,85061,41014,44047,15242,7101,8141,2711,1035,1676,2617,1388,1229,116,116,0,,,,,,,,,,,,,,,,,,,78394,66276,8117,1677,2258,66,,,,,,,2113,1474,174,365,50,50,,,,,,,,,,,,,,,,,,,,,,,,,,,,,,,,,,,,,,,,,,,,,,,,,,,,,,,,,,,,,,,,,,,,,,,,,,,,,,
ACSSF,2012e1,co,000,0024,0000047,,,,,,,,,,,,,,,,,,,,,,,,,,,,,,,,,,,,,,,,,,,,,,,,,,,,,,,,,,,,,,,,,,,,,,,,,,,,,,,,,,,,,,,,,,,,,,,,,34.8,38.2,28.5,27.5,27.9,32.5,,,,,,,739804,368474,371330,577776,289913,287863,70099,33689,36410,55951,26940,29011,30724,15431,15293,5254,2501,2753,,,,,,,,,,,,,,,,,,,575023,444925,56072,43809,26790,3427,66320,54657,5462,3814,2062,325,,,,,,,24162,16908,1797,4168,453,836,,,,,,,41731,33551,5124,2164,733,159,,,,,,,,,,,,,,,,,,,,,,,,,,,,,,,,,,,,,,,,,,,,,,,,,,,,,,,,,,,,
ACSSF,2012e1,co,000,0024,0000048,,,,,,,,,,,,,,,,,,,,,,,,,,,,,,,,,,,,,,,,,,,,,,,,,,,,,,,,,,,,,,,,,,,,,,,,,,,,,,,,,,,,,,,,,,,,,,,,,37.9,43.0,23.9,23.7,27.7,26.3,,,,,,,735817,366457,369360,585907,290958,294949,76854,38935,37919,34531,16899,17632,32698,16708,15990,5827,2957,2870,,,,,,,,,,,,,,,,,,,665825,532874,68253,31776,29789,3133,5402,3992,905,147,320,38,,,,,,,21813,16805,1564,478,1129,1837,,,,,,,18252,13989,2944,648,243,428,,,,,,,,,,,,,,,,,,,,,,,,,,,,,,,,,,,,,,,,,,,,,,,,,,,,,,,,,,,,
ACSSF,2012e1,co,000,0024,0000049,,,,,,,,,,,,,,,,,,,,,,,,,,,,,,,,,,,,,,,,,,,,,,,,,,,,,,,,,,,,,,,,,,,,,,,,,,,,,,,,,,,,,,,,,,,,,,,,,40.1,43.8,26.5,28.1,27.5,29.4,,,,,,,711595,359542,352053,587323,295416,291907,71201,35431,35770,25038,13145,11893,25945,14609,11336,2088,941,1147,,,,,,,,,,,,,,,,,,,622883,519573,57601,22009,21935,1765,8121,5851,996,785,489,0,14919,10761,1859,585,1664,50,,,,,,,,,,,,,42185,33634,6870,702,754,225,,,,,,,,,,,,,,,,,,,,,,,,,,,,,,,,,,,,,,,,,,,,,,,,,,,,,,,,,,,,
ACSSF,2012e1,co,000,0024,0000050,,,,,,,,,,,,,,,,,,,,,,,,,,,,,,,,,,,,,,,,,,,,,,,,,,,,,,,,,,,,,,,,,,,,,,,,,,,,,,,,,,,,,,,,,,,,,,,,,36.7,39.2,24.9,26.3,29.8,23.6,,,,,,,730250,369833,360417,608505,309913,298592,59729,30266,29463,35702,17446,18256,23617,11092,12525,2697,1116,1581,,,,,,,,,,,,,,,,,,,648118,547901,47602,29266,20681,2668,11644,8143,1524,1587,390,0,5647,4150,661,700,136,0,12457,10494,317,1238,379,29,,,,,,,34681,24090,7091,2171,1329,0,,,,,,,,,,,,,,,,,,,,,,,,,,,,,,,,,,,,,,,,,,,,,,,,,,,,,,,,,,,,
ACSSF,2012e1,co,000,0024,0000051,,,,,,,,,,,,,,,,,,,,,,,,,,,,,,,,,,,,,,,,,,,,,,,,,,,,,,,,,,,,,,,,,,,,,,,,,,,,,,,,,,,,,,,,,,,,,,,,,35.8,40.6,26.0,25.6,26.8,28.6,,,,,,,731092,370973,360119,571150,287298,283852,87019,45154,41865,17640,8132,9508,44012,22657,21355,11271,7732,3539,,,,,,,,,,,,,,,,,,,608329,479337,70918,13482,36342,8250,43737,32367,6345,1278,2956,791,5288,3109,1303,229,539,108,17416,14973,746,622,583,492,,,,,,,23137,17585,3801,579,447,725,,,,,,,,,,,,,,,,,,,,,,,,,,,,,,,,,,,,,,,,,,,,,,,,,,,,,,,,,,,,
ACSSF,2012e1,co,000,0024,0000052,,,,,,,,,,,,,,,,,,,,,,,,,,,,,,,,,,,,,,,,,,,,,,,,,,,,,,,,,,,,,,,,,,,,,,,,,,,,,,,,,,,,,,,,,,,,,,,,,36.0,38.9,27.7,27.5,28.4,27.6,,,,,,,738157,365292,372865,601622,300293,301329,59752,26728,33024,43236,21410,21826,28648,14599,14049,4899,2262,2637,,,,,,,,,,,,,,,,,,,563105,467810,38247,32309,22275,2464,70147,54590,7682,4100,2399,1376,4910,4308,2,302,298,0,40869,32753,4409,1863,1372,472,,,,,,,28756,21415,4374,1651,1215,101,,,,,,,,,,,,,,,,,,,,,,,,,,,,,,,,,,,,,,,,,,,,,,,,,,,,,,,,,,,,
ACSSF,2012e1,co,000,0024,0000053,,,,,,,,,,,,,,,,,,,,,,,,,,,,,,,,,,,,,,,,,,,,,,,,,,,,,,,,,,,,,,,,,,,,,,,,,,,,,,,,,,,,,,,,,,,,,,,,,36.5,39.9,26.1,29.3,27.4,24.6,,,,,,,737229,367488,369741,599074,294268,304806,67983,33540,34443,47186,26607,20579,19416,11281,8135,3570,1792,1778,,,,,,,,,,,,,,,,,,,644400,523104,60332,41437,17098,2429,8955,7379,608,725,243,0,7598,5742,1315,541,0,0,24085,20945,1113,965,464,598,,,,,,,26818,23185,1591,1300,632,110,,,,,,,,,,,,,,,,,,,,,,,,,,,,,,,,,,,,,,,,,,,,,,,,,,,,,,,,,,,,
ACSSF,2012e1,co,000,0024,0000054,,,,,,,,,,,,,,,,,,,,,,,,,,,,,,,,,,,,,,,,,,,,,,,,,,,,,,,,,,,,,,,,,,,,,,,,,,,,,,,,,,,,,,,,,,,,,,,,,39.0,41.8,26.4,24.6,36.7,21.5,,,,,,,107194,56651,50543,89750,47809,41941,8348,4108,4240,6703,3568,3135,2116,1010,1106,277,156,121,,,,,,,,,,,,,,,,,,,97821,82964,7370,5482,1728,277,,,,,,,,,,,,,,,,,,,,,,,,,,,,,,,,,,,,,,,,,,,,,,,,,,,,,,,,,,,,,,,,,,,,,,,,,,,,,,,,,,,,,,,,,,
ACSSF,2012e1,co,000,0024,0000055,,,,,,,,,,,,,,,,,,,,,,,,,,,,,,,,,,,,,,,,,,,,,,,,,,,,,,,,,,,,,,,,,,,,,,,,,,,,,,,,,,,,,,,,,,,,,,,,,42.5,45.0,31.5,23.9,34.1,34.9,,,,,,,118672,59639,59033,102807,50457,52350,9115,5863,3252,1697,647,1050,4851,2470,2381,202,202,0,,,,,,,,,,,,,,,,,,,108737,95586,7212,1601,4245,93,,,,,,,,,,,,,,,,,,,,,,,,,,,,,,,,,,,,,,,,,,,,,,,,,,,,,,,,,,,,,,,,,,,,,,,,,,,,,,,,,,,,,,,,,,
ACSSF,2012e1,co,000,0024,0000056,,,,,,,,,,,,,,,,,,,,,,,,,,,,,,,,,,,,,,,,,,,,,,,,,,,,,,,,,,,,,,,,,,,,,,,,,,,,,,,,,,,,,,,,,,,,,,,,,32.5,39.2,23.5,20.2,28.4,22.6,,,,,,,188460,93051,95409,139194,68092,71102,28691,14635,14056,9891,4553,5338,8929,4702,4227,1755,1069,686,,,,,,,,,,,,,,,,,,,169674,125632,26142,9265,7625,1010,,,,,,,,,,,,,4780,2869,786,0,563,562,,,,,,,3090,2661,280,66,83,0,,,,,,,,,,,,,,,,,,,,,,,,,,,,,,,,,,,,,,,,,,,,,,,,,,,,,,,,,,,,
ACSSF,2012e1,co,000,0024,0000057,,,,,,,,,,,,,,,,,,,,,,,,,,,,,,,,,,,,,,,,,,,,,,,,,,,,,,,,,,,,,,,,,,,,,,,,,,,,,,,,,,,,,,,,,,,,,,,,,37.0,40.6,30.1,26.3,22.8,21.6,,,,,,,100621,52022,48599,81079,41848,39231,11574,6332,5242,3502,1662,1840,3961,2077,1884,505,103,402,,,,,,,,,,,,,,,,,,,86930,70426,9249,3126,3624,505,,,,,,,,,,,,,,,,,,,,,,,,,,,,,,,,,,,,,,,,,,,,,,,,,,,,,,,,,,,,,,,,,,,,,,,,,,,,,,,,,,,,,,,,,,
ACSSF,2012e1,co,000,0024,0000058,,,,,,,,,,,,,,,,,,,,,,,,,,,,,,,,,,,,,,,,,,,,,,,,,,,,,,,,,,,,,,,,,,,,,,,,,,,,,,,,,,,,,,,,,,,,,,,,,31.9,35.9,23.5,21.0,25.6,48.2,,,,,,,181389,90257,91132,141426,70929,70497,22674,11831,10843,10151,4404,5747,6687,2783,3904,451,310,141,,,,,,,,,,,,,,,,,,,148263,119435,15733,7584,5082,429,2249,1466,450,107,226,0,,,,,,,,,,,,,,,,,,,21581,13597,5333,1689,962,0,,,,,,,,,,,,,,,,,,,,,,,,,,,,,,,,,,,,,,,,,,,,,,,,,,,,,,,,,,,,
ACSSF,2012e1,co,000,0024,0000059,,,,,,,,,,,,,,,,,,,,,,,,,,,,,,,,,,,,,,,,,,,,,,,,,,,,,,,,,,,,,,,,,,,,,,,,,,,,,,,,,,,,,,,,,,,,,,,,,38.1,40.8,29.7,28.3,27.6,21.8,,,,,,,108718,58076,50642,91638,48660,42978,7577,3885,3692,4009,2528,1481,4985,2910,2075,509,93,416,,,,,,,,,,,,,,,,,,,99289,83644,6686,3861,4932,166,,,,,,,,,,,,,,,,,,,,,,,,,,,,,,,,,,,,,,,,,,,,,,,,,,,,,,,,,,,,,,,,,,,,,,,,,,,,,,,,,,,,,,,,,,
ACSSF,2012e1,co,000,0024,0000060,,,,,,,,,,,,,,,,,,,,,,,,,,,,,,,,,,,,,,,,,,,,,,,,,,,,,,,,,,,,,,,,,,,,,,,,,,,,,,,,,,,,,,,,,,,,,,,,,45.0,47.8,24.9,28.5,31.9,.,,,,,,,103648,57125,46523,88243,48188,40055,7929,4363,3566,3853,2361,1492,3581,2171,1410,42,42,0,,,,,,,,,,,,,,,,,,,91626,79148,6528,3224,2684,42,,,,,,,,,,,,,,,,,,,,,,,,,,,,,,,,,,,,,,,,,,,,,,,,,,,,,,,,,,,,,,,,,,,,,,,,,,,,,,,,,,,,,,,,,,
ACSSF,2012e1,co,000,0024,0000061,,,,,,,,,,,,,,,,,,,,,,,,,,,,,,,,,,,,,,,,,,,,,,,,,,,,,,,,,,,,,,,,,,,,,,,,,,,,,,,,,,,,,,,,,,,,,,,,,39.2,42.7,26.0,25.1,31.6,47.4,,,,,,,149725,73336,76389,123636,61016,62620,19656,9309,10347,3108,1248,1860,3144,1647,1497,181,116,65,,,,,,,,,,,,,,,,,,,118612,101367,12355,1974,2785,131,,,,,,,2558,1875,218,365,50,50,,,,,,,,,,,,,,,,,,,,,,,,,,,,,,,,,,,,,,,,,,,,,,,,,,,,,,,,,,,,,,,,,,,,,,,,,,,,,,
ACSSF,2012e1,co,000,0024,0000062,,,,,,,,,,,,,,,,,,,,,,,,,,,,,,,,,,,,,,,,,,,,,,,,,,,,,,,,,,,,,,,,,,,,,,,,,,,,,,,,,,,,,,,,,,,,,,,,,41.6,44.5,26.0,30.0,24.5,16.9,,,,,,,99612,49880,49732,85455,41920,43535,6939,3715,3224,4812,2562,2250,2280,1648,632,126,35,91,,,,,,,,,,,,,,,,,,,88231,75796,5954,4381,1974,126,,,,,,,,,,,,,,,,,,,,,,,,,,,,,,,,,,,,,,,,,,,,,,,,,,,,,,,,,,,,,,,,,,,,,,,,,,,,,,,,,,,,,,,,,,
ACSSF,2012e1,co,000,0024,0000063,,,,,,,,,,,,,,,,,,,,,,,,,,,,,,,,,,,,,,,,,,,,,,,,,,,,,,,,,,,,,,,,,,,,,,,,,,,,,,,,,,,,,,,,,,,,,,,,,48.3,50.0,32.8,38.8,35.3,44.4,,,,,,,107351,55650,51701,96074,49334,46740,4624,2310,2314,2029,1350,679,3904,2411,1493,720,245,475,,,,,,,,,,,,,,,,,,,103036,92522,4362,2022,3550,580,,,,,,,,,,,,,,,,,,,,,,,,,,,,,,,,,,,,,,,,,,,,,,,,,,,,,,,,,,,,,,,,,,,,,,,,,,,,,,,,,,,,,,,,,,
ACSSF,2012e1,co,000,0024,0000064,,,,,,,,,,,,,,,,,,,,,,,,,,,,,,,,,,,,,,,,,,,,,,,,,,,,,,,,,,,,,,,,,,,,,,,,,,,,,,,,,,,,,,,,,,,,,,,,,36.9,39.5,23.1,27.7,31.4,31.3,,,,,,,156382,79634,76748,133990,68002,65988,12408,6050,6358,5775,3466,2309,3586,1788,1798,623,328,295,,,,,,,,,,,,,,,,,,,138979,120744,9790,4476,3445,524,,,,,,,,,,,,,,,,,,,,,,,,,,,,,,,,,,,,,,,,,,,,,,,,,,,,,,,,,,,,,,,,,,,,,,,,,,,,,,,,,,,,,,,,,,
ACSSF,2012e1,co,000,0024,0000065,,,,,,,,,,,,,,,,,,,,,,,,,,,,,,,,,,,,,,,,,,,,,,,,,,,,,,,,,,,,,,,,,,,,,,,,,,,,,,,,,,,,,,,,,,,,,,,,,30.7,41.2,22.2,21.6,22.5,28.2,,,,,,,117912,58139,59773,77333,38212,39121,22310,10781,11529,7466,3605,3861,9217,4562,4655,1586,979,607,,,,,,,,,,,,,,,,,,,107235,70844,20002,6420,8833,1136,,,,,,,,,,,,,3808,2703,487,261,0,357,,,,,,,2249,1475,548,226,0,0,,,,,,,,,,,,,,,,,,,,,,,,,,,,,,,,,,,,,,,,,,,,,,,,,,,,,,,,,,,,
ACSSF,2012e1,co,000,0024,0000066,,,,,,,,,,,,,,,,,,,,,,,,,,,,,,,,,,,,,,,,,,,,,,,,,,,,,,,,,,,,,,,,,,,,,,,,,,,,,,,,,,,,,,,,,,,,,,,,,37.6,40.4,28.7,27.6,33.7,27.4,,,,,,,147032,73493,73539,123553,61961,61592,6865,3067,3798,10530,5399,5131,4962,2690,2272,1122,376,746,,,,,,,,,,,,,,,,,,,125789,105268,6226,9882,4058,355,,,,,,,,,,,,,,,,,,,,,,,,,,,,,,,,,,,,,,,,,,,,,,,,,,,,,,,,,,,,,,,,,,,,,,,,,,,,,,,,,,,,,,,,,,
ACSSF,2012e1,co,000,0024,0000067,,,,,,,,,,,,,,,,,,,,,,,,,,,,,,,,,,,,,,,,,,,,,,,,,,,,,,,,,,,,,,,,,,,,,,,,,,,,,,,,,,,,,,,,,,,,,,,,,37.5,40.7,24.7,27.2,27.1,40.1,,,,,,,119689,59629,60060,97876,48556,49320,7829,2980,4849,10585,5795,4790,3241,2259,982,158,39,119,,,,,,,,,,,,,,,,,,,103493,84685,6985,8863,2877,83,,,,,,,,,,,,,,,,,,,,,,,,,,,,,,,,,,,,,,,,,,,,,,,,,,,,,,,,,,,,,,,,,,,,,,,,,,,,,,,,,,,,,,,,,,
ACSSF,2012e1,co,000,0024,0000068,,,,,,,,,,,,,,,,,,,,,,,,,,,,,,,,,,,,,,,,,,,,,,,,,,,,,,,,,,,,,,,,,,,,,,,,,,,,,,,,,,,,,,,,,,,,,,,,,32.0,33.7,23.8,31.6,25.2,21.9,,,,,,,139580,70444,69136,114433,57003,57430,15582,8283,7299,6641,3977,2664,2300,804,1496,624,377,247,,,,,,,,,,,,,,,,,,,119457,96999,13630,6006,2261,561,,,,,,,,,,,,,,,,,,,,,,,,,,,,,,,,,,,,,,,,,,,,,,,,,,,,,,,,,,,,,,,,,,,,,,,,,,,,,,,,,,,,,,,,,,
ACSSF,2012e1,co,000,0024,0000069,,,,,,,,,,,,,,,,,,,,,,,,,,,,,,,,,,,,,,,,,,,,,,,,,,,,,,,,,,,,,,,,,,,,,,,,,,,,,,,,,,,,,,,,,,,,,,,,,33.0,34.6,26.6,29.5,24.0,18.6,,,,,,,155466,77614,77852,126699,62361,64338,15435,7825,7610,10203,5835,4368,2240,1048,1192,889,545,344,,,,,,,,,,,,,,,,,,,131185,106855,13322,8517,1998,493,,,,,,,,,,,,,,,,,,,,,,,,,,,,,,,,,,,,,,,,,,,,,,,,,,,,,,,,,,,,,,,,,,,,,,,,,,,,,,,,,,,,,,,,,,
ACSSF,2012e1,co,000,0024,0000070,,,,,,,,,,,,,,,,,,,,,,,,,,,,,,,,,,,,,,,,,,,,,,,,,,,,,,,,,,,,,,,,,,,,,,,,,,,,,,,,,,,,,,,,,,,,,,,,,36.2,38.2,28.0,27.8,32.4,23.2,,,,,,,105786,53886,51900,86683,44292,42391,9435,4793,4642,4636,2132,2504,3930,2187,1743,1102,482,620,,,,,,,,,,,,,,,,,,,76082,62588,5884,3422,3489,699,,,,,,,,,,,,,8702,6723,1646,333,0,0,,,,,,,,,,,,,,,,,,,,,,,,,,,,,,,,,,,,,,,,,,,,,,,,,,,,,,,,,,,,,,,,,,,,,,,,
ACSSF,2012e1,co,000,0024,0000071,,,,,,,,,,,,,,,,,,,,,,,,,,,,,,,,,,,,,,,,,,,,,,,,,,,,,,,,,,,,,,,,,,,,,,,,,,,,,,,,,,,,,,,,,,,,,,,,,35.2,39.5,26.9,28.2,28.3,27.4,,,,,,,115955,56575,59380,89434,43483,45951,14585,6664,7921,6888,3441,3447,4412,2701,1711,636,286,350,,,,,,,,,,,,,,,,,,,77997,60658,8374,5456,3126,383,21494,16590,3174,803,674,253,,,,,,,,,,,,,,,,,,,,,,,,,,,,,,,,,,,,,,,,,,,,,,,,,,,,,,,,,,,,,,,,,,,,,,,,,,,,,,,,,,,,
ACSSF,2012e1,co,000,0024,0000072,,,,,,,,,,,,,,,,,,,,,,,,,,,,,,,,,,,,,,,,,,,,,,,,,,,,,,,,,,,,,,,,,,,,,,,,,,,,,,,,,,,,,,,,,,,,,,,,,32.1,36.0,25.4,25.4,26.7,27.6,,,,,,,119663,60225,59438,87025,44294,42731,14562,6361,8201,11431,6285,5146,5249,2522,2727,1396,763,633,,,,,,,,,,,,,,,,,,,71637,54918,6446,6549,3226,498,22894,15941,3193,2075,992,693,,,,,,,,,,,,,,,,,,,10477,6688,2074,1008,606,101,,,,,,,,,,,,,,,,,,,,,,,,,,,,,,,,,,,,,,,,,,,,,,,,,,,,,,,,,,,,
ACSSF,2012e1,co,000,0024,0000073,,,,,,,,,,,,,,,,,,,,,,,,,,,,,,,,,,,,,,,,,,,,,,,,,,,,,,,,,,,,,,,,,,,,,,,,,,,,,,,,,,,,,,,,,,,,,,,,,43.7,46.4,29.3,32.7,30.8,30.0,,,,,,,111052,52983,58069,94278,45874,48404,6528,2560,3968,5630,2546,3084,4031,1724,2307,585,279,306,,,,,,,,,,,,,,,,,,,99209,85503,5148,4975,3370,213,,,,,,,,,,,,,,,,,,,,,,,,,,,,,,,,,,,,,,,,,,,,,,,,,,,,,,,,,,,,,,,,,,,,,,,,,,,,,,,,,,,,,,,,,,
ACSSF,2012e1,co,000,0024,0000074,,,,,,,,,,,,,,,,,,,,,,,,,,,,,,,,,,,,,,,,,,,,,,,,,,,,,,,,,,,,,,,,,,,,,,,,,,,,,,,,,,,,,,,,,,,,,,,,,31.8,34.2,28.3,27.3,26.6,33.5,,,,,,,161899,79089,82810,130347,63898,66449,16694,7620,9074,8101,3858,4243,6036,3425,2611,721,288,433,,,,,,,,,,,,,,,,,,,107808,83456,12457,6523,4864,508,36612,31344,3101,1184,983,0,,,,,,,,,,,,,,,,,,,,,,,,,,,,,,,,,,,,,,,,,,,,,,,,,,,,,,,,,,,,,,,,,,,,,,,,,,,,,,,,,,,,
ACSSF,2012e1,co,000,0024,0000075,,,,,,,,,,,,,,,,,,,,,,,,,,,,,,,,,,,,,,,,,,,,,,,,,,,,,,,,,,,,,,,,,,,,,,,,,,,,,,,,,,,,,,,,,,,,,,,,,34.1,37.3,28.2,25.9,28.8,30.9,,,,,,,100416,51911,48505,74465,39859,34606,11166,4681,6485,8308,4604,3704,5365,2123,3242,1112,644,468,,,,,,,,,,,,,,,,,,,79531,57476,8767,7497,4950,841,,,,,,,,,,,,,2092,1104,384,419,55,130,,,,,,,,,,,,,,,,,,,,,,,,,,,,,,,,,,,,,,,,,,,,,,,,,,,,,,,,,,,,,,,,,,,,,,,,
ACSSF,2012e1,co,000,0024,0000076,,,,,,,,,,,,,,,,,,,,,,,,,,,,,,,,,,,,,,,,,,,,,,,,,,,,,,,,,,,,,,,,,,,,,,,,,,,,,,,,,,,,,,,,,,,,,,,,,35.3,41.9,27.5,28.3,28.0,25.8,,,,,,,108267,55077,53190,77972,40860,37112,12242,6273,5969,8051,2989,5062,8884,4484,4400,1118,471,647,,,,,,,,,,,,,,,,,,,96681,69324,11322,6922,8174,939,2634,1555,441,202,436,0,,,,,,,,,,,,,,,,,,,,,,,,,,,,,,,,,,,,,,,,,,,,,,,,,,,,,,,,,,,,,,,,,,,,,,,,,,,,,,,,,,,,
ACSSF,2012e1,co,000,0024,0000077,,,,,,,,,,,,,,,,,,,,,,,,,,,,,,,,,,,,,,,,,,,,,,,,,,,,,,,,,,,,,,,,,,,,,,,,,,,,,,,,,,,,,,,,,,,,,,,,,36.2,40.8,30.0,27.6,27.2,32.5,,,,,,,161864,77208,84656,116120,54817,61303,16982,8653,8329,19508,9404,10104,7607,3541,4066,1647,793,854,,,,,,,,,,,,,,,,,,,113475,82738,11637,12728,5692,680,22388,17901,1298,2416,514,259,,,,,,,11632,6064,1474,3008,597,489,,,,,,,7797,4288,2006,980,523,0,,,,,,,,,,,,,,,,,,,,,,,,,,,,,,,,,,,,,,,,,,,,,,,,,,,,,,,,,,,,
ACSSF,2012e1,co,000,0024,0000078,,,,,,,,,,,,,,,,,,,,,,,,,,,,,,,,,,,,,,,,,,,,,,,,,,,,,,,,,,,,,,,,,,,,,,,,,,,,,,,,,,,,,,,,,,,,,,,,,32.4,32.9,29.3,31.1,32.4,41.7,,,,,,,122720,63103,59617,104685,53450,51235,8897,4272,4625,7119,4060,3059,1763,1162,601,256,159,97,,,,,,,,,,,,,,,,,,,95974,81039,7404,5847,1625,59,,,,,,,,,,,,,,,,,,,,,,,,,,,,,,,,,,,,,,,,,,,,,,,,,,,,,,,,,,,,,,,,,,,,,,,,,,,,,,,,,,,,,,,,,,
ACSSF,2012e1,co,000,0024,0000079,,,,,,,,,,,,,,,,,,,,,,,,,,,,,,,,,,,,,,,,,,,,,,,,,,,,,,,,,,,,,,,,,,,,,,,,,,,,,,,,,,,,,,,,,,,,,,,,,44.2,45.5,33.4,31.4,37.8,52.3,,,,,,,112029,54308,57721,97465,47939,49526,7781,3296,4485,3945,1606,2339,2442,1183,1259,396,284,112,,,,,,,,,,,,,,,,,,,99233,86866,6618,3550,1924,275,,,,,,,,,,,,,,,,,,,,,,,,,,,,,,,,,,,,,,,,,,,,,,,,,,,,,,,,,,,,,,,,,,,,,,,,,,,,,,,,,,,,,,,,,,
ACSSF,2012e1,co,000,0024,0000080,,,,,,,,,,,,,,,,,,,,,,,,,,,,,,,,,,,,,,,,,,,,,,,,,,,,,,,,,,,,,,,,,,,,,,,,,,,,,,,,,,,,,,,,,,,,,,,,,37.6,44.1,25.5,27.7,26.9,25.4,,,,,,,119595,59076,60519,90617,43340,47277,11959,5475,6484,11340,7170,4170,4720,2845,1875,959,246,713,,,,,,,,,,,,,,,,,,,108020,81623,10877,10385,4488,647,,,,,,,,,,,,,,,,,,,,,,,,,,,,,,,,,,,,,,,,,,,,,,,,,,,,,,,,,,,,,,,,,,,,,,,,,,,,,,,,,,,,,,,,,,
ACSSF,2012e1,co,000,0024,0000081,,,,,,,,,,,,,,,,,,,,,,,,,,,,,,,,,,,,,,,,,,,,,,,,,,,,,,,,,,,,,,,,,,,,,,,,,,,,,,,,,,,,,,,,,,,,,,,,,38.8,42.5,24.9,31.9,28.3,31.5,,,,,,,134882,66176,68706,113568,54453,59115,12519,7002,5517,4757,2457,2300,3476,1971,1505,562,293,269,,,,,,,,,,,,,,,,,,,122192,102790,11626,4291,3151,334,,,,,,,,,,,,,,,,,,,,,,,,,,,,,,,,,,,,,,,,,,,,,,,,,,,,,,,,,,,,,,,,,,,,,,,,,,,,,,,,,,,,,,,,,,
ACSSF,2012e1,co,000,0024,0000082,,,,,,,,,,,,,,,,,,,,,,,,,,,,,,,,,,,,,,,,,,,,,,,,,,,,,,,,,,,,,,,,,,,,,,,,,,,,,,,,,,,,,,,,,,,,,,,,,39.9,44.0,29.7,27.7,29.6,28.3,,,,,,,106658,53082,53576,85880,42348,43532,6316,3538,2778,10312,4782,5530,3410,2077,1333,740,337,403,,,,,,,,,,,,,,,,,,,94486,75969,5892,8999,3105,521,,,,,,,,,,,,,,,,,,,,,,,,,,,,,,,,,,,,,,,,,,,,,,,,,,,,,,,,,,,,,,,,,,,,,,,,,,,,,,,,,,,,,,,,,,
ACSSF,2012e1,co,000,0024,0000083,,,,,,,,,,,,,,,,,,,,,,,,,,,,,,,,,,,,,,,,,,,,,,,,,,,,,,,,,,,,,,,,,,,,,,,,,,,,,,,,,,,,,,,,,,,,,,,,,38.7,40.8,28.7,29.4,28.1,40.1,,,,,,,123789,61910,61879,105731,54292,51439,6138,2505,3633,5606,2212,3394,5843,2779,3064,471,122,349,,,,,,,,,,,,,,,,,,,113400,97084,5959,4932,4987,438,,,,,,,,,,,,,,,,,,,,,,,,,,,,,,,,,,,,,,,,,,,,,,,,,,,,,,,,,,,,,,,,,,,,,,,,,,,,,,,,,,,,,,,,,,
ACSSF,2012e1,co,000,0024,0000084,,,,,,,,,,,,,,,,,,,,,,,,,,,,,,,,,,,,,,,,,,,,,,,,,,,,,,,,,,,,,,,,,,,,,,,,,,,,,,,,,,,,,,,,,,,,,,,,,39.0,39.7,30.7,35.4,36.4,33.0,,,,,,,104914,52742,52172,91630,46669,44961,5475,2295,3180,4494,2216,2278,2641,1219,1422,674,343,331,,,,,,,,,,,,,,,,,,,94155,82502,4843,3828,2341,641,,,,,,,,,,,,,,,,,,,,,,,,,,,,,,,,,,,,,,,,,,,,,,,,,,,,,,,,,,,,,,,,,,,,,,,,,,,,,,,,,,,,,,,,,,
ACSSF,2012e1,co,000,0024,0000085,,,,,,,,,,,,,,,,,,,,,,,,,,,,,,,,,,,,,,,,,,,,,,,,,,,,,,,,,,,,,,,,,,,,,,,,,,,,,,,,,,,,,,,,,,,,,,,,,38.0,39.0,31.3,33.5,27.9,18.7,,,,,,,114087,55594,58493,96602,47656,48946,5945,3176,2769,5009,2102,2907,5914,2660,3254,617,0,617,,,,,,,,,,,,,,,,,,,107012,90906,5223,4352,5914,617,,,,,,,,,,,,,,,,,,,,,,,,,,,,,,,,,,,,,,,,,,,,,,,,,,,,,,,,,,,,,,,,,,,,,,,,,,,,,,,,,,,,,,,,,,
ACSSF,2012e1,co,000,0024,0000086,,,,,,,,,,,,,,,,,,,,,,,,,,,,,,,,,,,,,,,,,,,,,,,,,,,,,,,,,,,,,,,,,,,,,,,,,,,,,,,,,,,,,,,,,,,,,,,,,36.0,38.1,27.4,25.9,32.6,50.9,,,,,,,103129,51475,51654,89575,45384,44191,4688,1738,2950,5122,2242,2880,3361,1954,1407,383,157,226,,,,,,,,,,,,,,,,,,,80916,70665,3759,3740,2598,154,,,,,,,,,,,,,,,,,,,,,,,,,,,,,,,,,,,,,,,,,,,,,,,,,,,,,,,,,,,,,,,,,,,,,,,,,,,,,,,,,,,,,,,,,,
ACSSF,2012e1,co,000,0024,0000087,,,,,,,,,,,,,,,,,,,,,,,,,,,,,,,,,,,,,,,,,,,,,,,,,,,,,,,,,,,,,,,,,,,,,,,,,,,,,,,,,,,,,,,,,,,,,,,,,39.7,45.8,23.8,28.6,26.8,24.8,,,,,,,109486,55657,53829,85951,43232,42719,12018,5529,6489,4916,2928,1988,6415,3901,2514,186,67,119,,,,,,,,,,,,,,,,,,,97007,77467,10330,4519,4535,156,,,,,,,6905,4157,1272,84,1392,0,,,,,,,,,,,,,,,,,,,,,,,,,,,,,,,,,,,,,,,,,,,,,,,,,,,,,,,,,,,,,,,,,,,,,,,,,,,,,,
ACSSF,2012e1,co,000,0024,0000088,,,,,,,,,,,,,,,,,,,,,,,,,,,,,,,,,,,,,,,,,,,,,,,,,,,,,,,,,,,,,,,,,,,,,,,,,,,,,,,,,,,,,,,,,,,,,,,,,37.4,42.3,25.8,22.1,34.3,18.5,,,,,,,127737,64213,63524,105348,53194,52154,12337,5845,6492,3497,1991,1506,5988,2834,3154,567,349,218,,,,,,,,,,,,,,,,,,,117443,96706,11944,3082,5351,360,,,,,,,,,,,,,,,,,,,,,,,,,,,,,,,,,,,,,,,,,,,,,,,,,,,,,,,,,,,,,,,,,,,,,,,,,,,,,,,,,,,,,,,,,,
ACSSF,2012e1,co,000,0024,0000089,,,,,,,,,,,,,,,,,,,,,,,,,,,,,,,,,,,,,,,,,,,,,,,,,,,,,,,,,,,,,,,,,,,,,,,,,,,,,,,,,,,,,,,,,,,,,,,,,46.7,49.4,26.5,31.6,25.5,44.9,,,,,,,98978,49253,49725,83748,41296,42452,8445,4679,3766,4643,2173,2470,1705,914,791,437,191,246,,,,,,,,,,,,,,,,,,,92578,78155,7977,4386,1648,412,,,,,,,,,,,,,,,,,,,,,,,,,,,,,,,,,,,,,,,,,,,,,,,,,,,,,,,,,,,,,,,,,,,,,,,,,,,,,,,,,,,,,,,,,,
ACSSF,2012e1,co,000,0024,0000090,,,,,,,,,,,,,,,,,,,,,,,,,,,,,,,,,,,,,,,,,,,,,,,,,,,,,,,,,,,,,,,,,,,,,,,,,,,,,,,,,,,,,,,,,,,,,,,,,32.1,37.6,21.0,27.9,24.1,23.7,,,,,,,117871,62497,55374,91643,48196,43447,9049,4658,4391,2234,865,1369,11710,6272,5438,3235,2506,729,,,,,,,,,,,,,,,,,,,101871,80864,6529,1659,10048,2771,8451,5137,1483,550,1138,143,,,,,,,,,,,,,,,,,,,,,,,,,,,,,,,,,,,,,,,,,,,,,,,,,,,,,,,,,,,,,,,,,,,,,,,,,,,,,,,,,,,,
ACSSF,2012e1,co,000,0024,0000091,,,,,,,,,,,,,,,,,,,,,,,,,,,,,,,,,,,,,,,,,,,,,,,,,,,,,,,,,,,,,,,,,,,,,,,,,,,,,,,,,,,,,,,,,,,,,,,,,37.4,44.1,27.8,25.0,27.1,32.5,,,,,,,122478,61777,60701,91532,45485,46047,16595,9082,7513,4244,1918,2326,8506,4149,4357,1601,1143,458,,,,,,,,,,,,,,,,,,,103643,80317,14247,2819,5489,771,6828,4024,1134,161,1331,178,,,,,,,,,,,,,,,,,,,,,,,,,,,,,,,,,,,,,,,,,,,,,,,,,,,,,,,,,,,,,,,,,,,,,,,,,,,,,,,,,,,,
ACSSF,2012e1,co,000,0024,0000092,,,,,,,,,,,,,,,,,,,,,,,,,,,,,,,,,,,,,,,,,,,,,,,,,,,,,,,,,,,,,,,,,,,,,,,,,,,,,,,,,,,,,,,,,,,,,,,,,40.2,47.4,25.0,26.1,25.0,33.3,,,,,,,96403,46900,49503,71262,34649,36613,15495,7756,7739,3565,1313,2252,5630,2988,2642,451,194,257,,,,,,,,,,,,,,,,,,,82287,59979,13536,3322,5034,416,,,,,,,,,,,,,,,,,,,,,,,,,,,,,,,,,,,,,,,,,,,,,,,,,,,,,,,,,,,,,,,,,,,,,,,,,,,,,,,,,,,,,,,,,,
ACSSF,2012e1,co,000,0024,0000093,,,,,,,,,,,,,,,,,,,,,,,,,,,,,,,,,,,,,,,,,,,,,,,,,,,,,,,,,,,,,,,,,,,,,,,,,,,,,,,,,,,,,,,,,,,,,,,,,32.1,34.3,29.2,23.6,28.2,24.2,,,,,,,104881,51068,53813,82396,39668,42728,11493,6011,5482,2415,866,1549,6263,3395,2868,2314,1128,1186,,,,,,,,,,,,,,,,,,,86896,66927,9414,2078,6201,2276,,,,,,,,,,,,,,,,,,,,,,,,,,,,,,,,,,,,,,,,,,,,,,,,,,,,,,,,,,,,,,,,,,,,,,,,,,,,,,,,,,,,,,,,,,
ACSSF,2012e1,co,000,0024,0000094,,,,,,,,,,,,,,,,,,,,,,,,,,,,,,,,,,,,,,,,,,,,,,,,,,,,,,,,,,,,,,,,,,,,,,,,,,,,,,,,,,,,,,,,,,,,,,,,,29.5,33.2,24.4,24.7,25.8,28.2,,,,,,,109002,55441,53561,81685,40941,40744,20035,10272,9763,1063,387,676,3527,1629,1898,2692,2212,480,,,,,,,,,,,,,,,,,,,74715,55544,14165,596,2633,1777,,,,,,,,,,,,,,,,,,,,,,,,,11338,8428,1869,409,345,287,,,,,,,,,,,,,,,,,,,,,,,,,,,,,,,,,,,,,,,,,,,,,,,,,,,,,,,,,,,,
ACSSF,2012e1,co,000,0024,0000095,,,,,,,,,,,,,,,,,,,,,,,,,,,,,,,,,,,,,,,,,,,,,,,,,,,,,,,,,,,,,,,,,,,,,,,,,,,,,,,,,,,,,,,,,,,,,,,,,40.9,43.0,35.4,33.5,28.8,33.0,,,,,,,108952,52193,56759,92529,44142,48387,7702,3672,4030,1495,1072,423,6248,2758,3490,978,549,429,,,,,,,,,,,,,,,,,,,95078,81545,7101,947,5246,239,,,,,,,,,,,,,,,,,,,,,,,,,,,,,,,,,,,,,,,,,,,,,,,,,,,,,,,,,,,,,,,,,,,,,,,,,,,,,,,,,,,,,,,,,,
ACSSF,2012e1,co,000,0024,0000096,,,,,,,,,,,,,,,,,,,,,,,,,,,,,,,,,,,,,,,,,,,,,,,,,,,,,,,,,,,,,,,,,,,,,,,,,,,,,,,,,,,,,,,,,,,,,,,,,38.2,40.8,31.4,27.7,22.3,27.1,,,,,,,101126,50531,50595,82548,41390,41158,9130,4307,4823,1211,609,602,7656,3858,3798,581,367,214,,,,,,,,,,,,,,,,,,,86676,71058,8406,790,6188,234,,,,,,,,,,,,,,,,,,,,,,,,,,,,,,,,,,,,,,,,,,,,,,,,,,,,,,,,,,,,,,,,,,,,,,,,,,,,,,,,,,,,,,,,,,
ACSSF,2012e1,co,000,0024,0000097,,,,,,,,,,,,,,,,,,,,,,,,,,,,,,,,,,,,,,,,,,,,,,,,,,,,,,,,,,,,,,,,,,,,,,,,,,,,,,,,,,,,,,,,,,,,,,,,,32.2,35.8,26.0,24.9,26.0,27.3,,,,,,,213446,107990,105456,160331,81431,78900,24622,10918,13704,16713,9095,7618,10014,5559,4455,1766,987,779,,,,,,,,,,,,,,,,,,,132288,101013,13459,10856,6313,647,41107,30964,5337,2371,1663,772,,,,,,,7936,6095,1273,275,215,78,,,,,,,16489,11421,2723,1324,920,101,,,,,,,,,,,,,,,,,,,,,,,,,,,,,,,,,,,,,,,,,,,,,,,,,,,,,,,,,,,,
ACSSF,2012e1,co,000,0024,0000098,,,,,,,,,,,,,,,,,,,,,,,,,,,,,,,,,,,,,,,,,,,,,,,,,,,,,,,,,,,,,,,,,,,,,,,,,,,,,,,,,,,,,,,,,,,,,,,,,35.8,42.4,22.9,24.5,24.0,27.4,,,,,,,217110,107150,109960,159312,79452,79860,28042,13440,14602,14440,6714,7726,12259,6081,6178,3057,1463,1594,,,,,,,,,,,,,,,,,,,192255,141022,25095,13000,11537,1601,,,,,,,,,,,,,11473,9253,535,303,120,1262,,,,,,,5753,4586,915,252,0,0,,,,,,,,,,,,,,,,,,,,,,,,,,,,,,,,,,,,,,,,,,,,,,,,,,,,,,,,,,,,
ACSSF,2012e1,co,000,0024,0000099,,,,,,,,,,,,,,,,,,,,,,,,,,,,,,,,,,,,,,,,,,,,,,,,,,,,,,,,,,,,,,,,,,,,,,,,,,,,,,,,,,,,,,,,,,,,,,,,,33.6,34.3,31.7,30.4,24.0,18.2,,,,,,,75059,36274,38785,65480,31291,34189,4837,2345,2492,3218,2063,1155,1128,341,787,396,234,162,,,,,,,,,,,,,,,,,,,64896,57603,3894,2456,943,0,,,,,,,,,,,,,,,,,,,,,,,,,,,,,,,,,,,,,,,,,,,,,,,,,,,,,,,,,,,,,,,,,,,,,,,,,,,,,,,,,,,,,,,,,,
ACSSF,2012e1,co,000,0024,0000100,,,,,,,,,,,,,,,,,,,,,,,,,,,,,,,,,,,,,,,,,,,,,,,,,,,,,,,,,,,,,,,,,,,,,,,,,,,,,,,,,,,,,,,,,,,,,,,,,37.0,39.5,28.1,28.3,30.3,30.1,,,,,,,281918,138060,143858,231196,114627,116569,20566,9780,10786,16647,7349,9298,11200,5364,5836,2309,940,1369,,,,,,,,,,,,,,,,,,,210162,175632,11653,12558,9094,1225,26792,21682,2001,1720,730,659,,,,,,,22677,17768,2968,917,696,328,,,,,,,8522,6690,1110,361,361,0,,,,,,,,,,,,,,,,,,,,,,,,,,,,,,,,,,,,,,,,,,,,,,,,,,,,,,,,,,,,
ACSSF,2012e1,co,000,0024,0000101,,,,,,,,,,,,,,,,,,,,,,,,,,,,,,,,,,,,,,,,,,,,,,,,,,,,,,,,,,,,,,,,,,,,,,,,,,,,,,,,,,,,,,,,,,,,,,,,,36.3,41.4,27.2,26.0,25.7,32.7,,,,,,,230088,113858,116230,172120,84565,87555,35506,18015,17491,6192,2654,3538,14040,7351,6689,2230,1273,957,,,,,,,,,,,,,,,,,,,190985,142879,28693,5300,12584,1529,11802,8511,2258,317,678,38,,,,,,,,,,,,,,,,,,,11229,8368,1927,306,0,628,,,,,,,,,,,,,,,,,,,,,,,,,,,,,,,,,,,,,,,,,,,,,,,,,,,,,,,,,,,,
ACSSF,2012e1,co,000,0024,0000102,,,,,,,,,,,,,,,,,,,,,,,,,,,,,,,,,,,,,,,,,,,,,,,,,,,,,,,,,,,,,,,,,,,,,,,,,,,,,,,,,,,,,,,,,,,,,,,,,34.2,37.2,28.5,27.7,27.9,32.3,,,,,,,624608,311371,313237,480648,240674,239974,64434,30929,33505,47408,23615,23793,27398,13835,13563,4720,2318,2402,,,,,,,,,,,,,,,,,,,473397,359084,51003,36576,23786,2948,63270,51932,5428,3628,2012,270,,,,,,,21134,14352,1478,4028,440,836,,,,,,,38624,31283,4900,1719,563,159,,,,,,,,,,,,,,,,,,,,,,,,,,,,,,,,,,,,,,,,,,,,,,,,,,,,,,,,,,,,
ACSSF,2012e1,co,000,0024,0000103,,,,,,,,,,,,,,,,,,,,,,,,,,,,,,,,,,,,,,,,,,,,,,,,,,,,,,,,,,,,,,,,,,,,,,,,,,,,,,,,,,,,,,,,,,,,,,,,,37.9,39.2,29.0,31.3,30.7,21.0,,,,,,,296556,147170,149386,254612,128156,126456,16124,7247,8877,12688,5742,6946,11659,5560,6099,1473,465,1008,,,,,,,,,,,,,,,,,,,270105,232874,14625,10691,10508,1407,,,,,,,,,,,,,12068,10014,0,1265,723,66,,,,,,,,,,,,,,,,,,,,,,,,,,,,,,,,,,,,,,,,,,,,,,,,,,,,,,,,,,,,,,,,,,,,,,,,
ACSSF,2012e1,co,000,0024,0000104,,,,,,,,,,,,,,,,,,,,,,,,,,,,,,,,,,,,,,,,,,,,,,,,,,,,,,,,,,,,,,,,,,,,,,,,,,,,,,,,,,,,,,,,,,,,,,,,,32.1,34.6,27.5,23.8,29.8,31.6,,,,,,,71825,35864,35961,60127,29421,30706,5494,3285,2209,1819,771,1048,2471,1426,1045,1914,961,953,,,,,,,,,,,,,,,,,,,61287,50665,5041,1612,2447,1522,,,,,,,,,,,,,,,,,,,,,,,,,,,,,,,,,,,,,,,,,,,,,,,,,,,,,,,,,,,,,,,,,,,,,,,,,,,,,,,,,,,,,,,,,,
ACSSF,2012e1,co,000,0024,0000105,,,,,,,,,,,,,,,,,,,,,,,,,,,,,,,,,,,,,,,,,,,,,,,,,,,,,,,,,,,,,,,,,,,,,,,,,,,,,,,,,,,,,,,,,,,,,,,,,32.5,39.3,23.5,20.2,28.6,22.6,,,,,,,190224,94406,95818,140943,69453,71490,28539,14554,13985,9891,4553,5338,9096,4777,4319,1755,1069,686,,,,,,,,,,,,,,,,,,,171445,127388,25990,9265,7792,1010,,,,,,,,,,,,,4644,2733,786,0,563,562,,,,,,,3090,2661,280,66,83,0,,,,,,,,,,,,,,,,,,,,,,,,,,,,,,,,,,,,,,,,,,,,,,,,,,,,,,,,,,,,
ACSSF,2012e1,co,000,0024,0000106,,,,,,,,,,,,,,,,,,,,,,,,,,,,,,,,,,,,,,,,,,,,,,,,,,,,,,,,,,,,,,,,,,,,,,,,,,,,,,,,,,,,,,,,,,,,,,,,,39.2,43.1,26.1,22.3,34.3,18.8,,,,,,,142958,72185,70773,119341,60374,58967,13344,6514,6830,3648,2044,1604,5988,2834,3154,637,419,218,,,,,,,,,,,,,,,,,,,131857,109955,12894,3227,5351,430,,,,,,,,,,,,,,,,,,,,,,,,,,,,,,,,,,,,,,,,,,,,,,,,,,,,,,,,,,,,,,,,,,,,,,,,,,,,,,,,,,,,,,,,,,
ACSSF,2012e1,co,000,0024,0000107,,,,,,,,,,,,,,,,,,,,,,,,,,,,,,,,,,,,,,,,,,,,,,,,,,,,,,,,,,,,,,,,,,,,,,,,,,,,,,,,,,,,,,,,,,,,,,,,,29.6,34.0,23.0,20.4,24.8,48.8,,,,,,,121531,59591,61940,89412,44868,44544,18732,9563,9169,7970,3070,4900,5236,1931,3305,181,159,22,,,,,,,,,,,,,,,,,,,92009,70563,12093,5403,3791,159,,,,,,,,,,,,,,,,,,,,,,,,,20337,12513,5253,1689,882,0,,,,,,,,,,,,,,,,,,,,,,,,,,,,,,,,,,,,,,,,,,,,,,,,,,,,,,,,,,,,
ACSSF,2012e1,co,000,0024,0000108,,,,,,,,,,,,,,,,,,,,,,,,,,,,,,,,,,,,,,,,,,,,,,,,,,,,,,,,,,,,,,,,,,,,,,,,,,,,,,,,,,,,,,,,,,,,,,,,,28.7,32.8,24.8,20.5,26.2,27.0,,,,,,,71099,36633,34466,48157,24329,23828,14898,7839,7059,1735,591,1144,4150,2281,1869,2159,1593,566,,,,,,,,,,,,,,,,,,,47285,31706,11039,694,2423,1423,9635,7203,1315,58,634,425,,,,,,,,,,,,,,,,,,,,,,,,,,,,,,,,,,,,,,,,,,,,,,,,,,,,,,,,,,,,,,,,,,,,,,,,,,,,,,,,,,,,
ACSSF,2012e1,co,000,0024,0000109,,,,,,,,,,,,,,,,,,,,,,,,,,,,,,,,,,,,,,,,,,,,,,,,,,,,,,,,,,,,,,,,,,,,,,,,,,,,,,,,,,,,,,,,,,,,,,,,,40.9,44.1,27.3,29.2,28.1,31.7,,,,,,,544765,271425,273340,459564,226582,232982,39282,19154,20128,26495,14739,11756,16855,9917,6938,2569,1033,1536,,,,,,,,,,,,,,,,,,,495132,418045,35981,24383,14890,1833,6650,5965,309,190,186,0,,,,,,,13464,10954,1019,479,477,535,,,,,,,,,,,,,,,,,,,,,,,,,,,,,,,,,,,,,,,,,,,,,,,,,,,,,,,,,,,,,,,,,,,,,,,,
ACSSF,2012e1,co,000,0024,0000110,,,,,,,,,,,,,,,,,,,,,,,,,,,,,,,,,,,,,,,,,,,,,,,,,,,,,,,,,,,,,,,,,,,,,,,,,,,,,,,,,,,,,,,,,,,,,,,,,44.0,48.1,29.6,30.5,25.9,28.3,,,,,,,93073,45112,47961,75802,36831,38971,7523,3274,4249,6048,2960,3088,3129,1830,1299,571,217,354,,,,,,,,,,,,,,,,,,,86000,70499,6497,5625,3027,352,,,,,,,,,,,,,,,,,,,,,,,,,,,,,,,,,,,,,,,,,,,,,,,,,,,,,,,,,,,,,,,,,,,,,,,,,,,,,,,,,,,,,,,,,,
ACSSF,2012e1,co,000,0024,0000111,,,,,,,,,,,,,,,,,,,,,,,,,,,,,,,,,,,,,,,,,,,,,,,,,,,,,,,,,,,,,,,,,,,,,,,,,,,,,,,,,,,,,,,,,,,,,,,,,36.9,39.5,23.3,27.4,31.6,57.0,,,,,,,155063,79251,75812,133304,67707,65597,12568,6182,6386,4967,3257,1710,3700,1777,1923,524,328,196,,,,,,,,,,,,,,,,,,,138028,120288,9950,3668,3598,524,,,,,,,,,,,,,,,,,,,,,,,,,,,,,,,,,,,,,,,,,,,,,,,,,,,,,,,,,,,,,,,,,,,,,,,,,,,,,,,,,,,,,,,,,,
ACSSF,2012e1,co,000,0024,0000112,,,,,,,,,,,,,,,,,,,,,,,,,,,,,,,,,,,,,,,,,,,,,,,,,,,,,,,,,,,,,,,,,,,,,,,,,,,,,,,,,,,,,,,,,,,,,,,,,41.0,43.7,31.2,23.7,31.5,34.2,,,,,,,105658,52931,52727,91347,44590,46757,8787,5602,3185,1605,602,1003,3810,2028,1782,109,109,0,,,,,,,,,,,,,,,,,,,95866,84269,6884,1509,3204,0,,,,,,,,,,,,,,,,,,,,,,,,,,,,,,,,,,,,,,,,,,,,,,,,,,,,,,,,,,,,,,,,,,,,,,,,,,,,,,,,,,,,,,,,,,
ACSSF,2012e1,co,000,0024,0000113,,,,,,,,,,,,,,,,,,,,,,,,,,,,,,,,,,,,,,,,,,,,,,,,,,,,,,,,,,,,,,,,,,,,,,,,,,,,,,,,,,,,,,,,,,,,,,,,,38.2,41.8,26.1,23.4,33.4,47.9,,,,,,,107999,51845,56154,87045,42022,45023,15453,7227,8226,2711,1035,1676,2674,1445,1229,116,116,0,,,,,,,,,,,,,,,,,,,80580,68194,8328,1677,2315,66,,,,,,,2113,1474,174,365,50,50,,,,,,,,,,,,,,,,,,,,,,,,,,,,,,,,,,,,,,,,,,,,,,,,,,,,,,,,,,,,,,,,,,,,,,,,,,,,,,
ACSSF,2012e1,co,000,0024,0000114,,,,,,,,,,,,,,,,,,,,,,,,,,,,,,,,,,,,,,,,,,,,,,,,,,,,,,,,,,,,,,,,,,,,,,,,,,,,,,,,,,,,,,,,,,,,,,,,,34.2,36.6,24.2,26.9,26.0,24.0,,,,,,,223183,112144,111039,183433,91140,92293,18416,9219,9197,14657,8424,6233,5515,2714,2801,1162,647,515,,,,,,,,,,,,,,,,,,,193800,157542,17007,12954,5198,1099,,,,,,,,,,,,,,,,,,,,,,,,,,,,,,,,,,,,,,,,,,,,,,,,,,,,,,,,,,,,,,,,,,,,,,,,,,,,,,,,,,,,,,,,,,
ACSSF,2012e1,co,000,0024,0000115,,,,,,,,,,,,,,,,,,,,,,,,,,,,,,,,,,,,,,,,,,,,,,,,,,,,,,,,,,,,,,,,,,,,,,,,,,,,,,,,,,,,,,,,,,,,,,,,,35.3,40.0,22.0,32.5,27.7,.,,,,,,,68816,34754,34062,55550,27789,27761,5279,2215,3064,6987,4011,2976,967,739,228,33,0,33,,,,,,,,,,,,,,,,,,,53767,43140,3632,6052,910,33,,,,,,,,,,,,,,,,,,,,,,,,,,,,,,,,,,,,,,,,,,,,,,,,,,,,,,,,,,,,,,,,,,,,,,,,,,,,,,,,,,,,,,,,,,
