ACSSF,2012e1,co,000,0009,0000001,6270490,1707,539,163,288309,20075,1520,573,815,5406,745,498,1593,3704,5221,4035,111,3007,16657,2292,7911,2756,32028,1390,1891,15663,0,1496,5231,75,34977,6351,43922,94142,10706,537320,578,109233,13696,152429,26390,1098633,1079,19895,0,20884,864,4152,638354,1567,265074,1863,10740,566,157,39,564,9611,118551,1965,133360,10459,5157,57207,19030,67801,131854,3107,4337,7627,5271,0,43097,48,10053,2428,242,104,3107,255,366,4402,1607,552,263,78,19217,375,123950,21460,3371,11570,49197,9442,484,129,259,28,415,1342,1004,4397,623,46,715,0,6621,1926934,6270490,288309,20075,32028,34977,43922,94142,537320,109233,152429,26390,1098633,19895,20884,638354,265074,10740,118551,133360,10459,57207,67801,131854,7627,43097,123950,21460,11570,49197,9442,2092510
ACSSF,2012e1,co,000,0009,0000002,5428193,1474,539,45,243120,18738,1200,573,747,4953,745,498,1189,3704,5129,3680,111,2497,13207,1961,6463,2699,28196,858,1272,13139,0,1223,4650,75,30319,5270,35760,77753,9557,444931,578,94901,11895,129708,22157,916942,1008,17418,0,17784,780,3649,541694,1491,229662,1863,9866,448,112,33,315,8677,100109,1346,115430,9145,4591,51899,16487,54849,110302,2920,3598,6518,4565,0,42740,48,9977,2428,242,104,3085,247,366,4402,1607,552,263,78,19073,268,106030,17726,3013,10681,40388,9000,484,129,259,28,415,1147,809,4381,587,46,715,0,5796,1752542,5428193,243120,18738,28196,30319,35760,77753,444931,94901,129708,22157,916942,17418,17784,541694,229662,9866,100109,115430,9145,51899,54849,110302,6518,42740,106030,17726,10681,40388,9000,1894427
ACSSF,2012e1,co,000,0009,0000003,,,,,,,,,,,,,,,,,,,,,,,,,,,,,,,,,,,,,,,,,,,,,,,,,,,,,,,,,,,,,,,,,,,,,,,,,,,,,,,,,,,,,,,,,,,,,,,,,,,,,,,,,,,,,842297,45189,1337,3832,4658,8162,16389,92389,14332,22721,4233,181691,2477,3100,96660,35412,874,18442,17930,1314,5308,12952,21552,1109,357,17920,3734,889,8809,442,198083
ACSSF,2012e1,co,000,0009,0000004,5804299,1707,539,163,261643,19479,1520,573,710,5002,745,498,1506,3704,5221,3824,111,2803,15147,2287,7109,2706,30128,1378,1582,14486,0,1424,5051,75,32118,5999,40635,87152,10173,492077,578,103325,12852,141926,24268,1006234,1079,18441,0,20026,840,4055,590169,1551,247664,1790,9844,566,157,39,473,9098,111200,1689,126350,9756,4834,54507,18138,61280,121486,2970,3980,7391,4946,0,42732,48,10053,2428,242,104,3085,182,366,4402,1607,552,263,78,19054,268,114042,19926,3315,11205,45180,9211,484,129,259,28,415,1147,1004,4397,587,46,715,0,6562,1788828,5804299,261643,19479,30128,32118,40635,87152,492077,103325,141926,24268,1006234,18441,20026,590169,247664,9844,111200,126350,9756,54507,61280,121486,7391,42732,114042,19926,11205,45180,9211,1944904
ACSSF,2012e1,co,000,0009,0000005,5480365,1707,539,163,250345,18770,1520,573,710,4879,745,498,1506,3118,5221,3800,111,2638,14279,1985,6330,2706,28899,1378,1548,13738,0,1279,4805,75,29721,5843,37419,81958,9430,459424,578,98404,12302,132507,23076,941694,1011,17627,0,18027,840,4047,552219,1551,236275,1790,9203,551,112,39,473,8828,105498,1598,121650,9320,4421,52069,16926,56315,113129,2926,3808,7243,4486,0,41370,48,9729,2428,242,104,3085,127,366,3876,1607,552,263,78,18597,268,109048,18535,2937,11044,40791,9211,484,129,259,28,415,1147,1004,4397,587,46,715,0,6354,1701642,5480365,250345,18770,28899,29721,37419,81958,459424,98404,132507,23076,941694,17627,18027,552219,236275,9203,105498,121650,9320,52069,56315,113129,7243,41370,109048,18535,11044,40791,9211,1849574
ACSSF,2012e1,co,000,0009,0000006,2489770,1474,293,0,97221,9225,326,202,95,2319,616,342,644,954,3727,2084,0,1279,6269,952,3179,1651,11826,569,896,5350,0,867,1976,0,12385,3359,15076,33259,4375,185718,343,44284,4545,56669,9186,388394,575,7417,0,6855,419,2367,232826,647,95149,1023,4382,197,0,33,153,4859,41645,549,51496,4663,2354,24610,6095,26289,51295,1317,1954,3551,2131,0,31384,48,8962,1096,242,104,1987,119,366,2758,836,501,263,0,13991,111,42452,7382,1934,5892,16019,5528,434,0,130,0,343,74,499,3358,205,46,439,0,2405,899219,2489770,97221,9225,11826,12385,15076,33259,185718,44284,56669,9186,388394,7417,6855,232826,95149,4382,41645,51496,4663,24610,26289,51295,3551,31384,42452,7382,5892,16019,5528,967692
ACSSF,2012e1,co,000,0009,0000007,2990595,233,246,163,153124,9545,1194,371,615,2560,129,156,862,2164,1494,1716,111,1359,8010,1033,3151,1055,17073,809,652,8388,0,412,2829,75,17336,2484,22343,48699,5055,273706,235,54120,7757,75838,13890,553300,436,10210,0,11172,421,1680,319393,904,141126,767,4821,354,112,6,320,3969,63853,1049,70154,4657,2067,27459,10831,30026,61834,1609,1854,3692,2355,0,9986,0,767,1332,0,0,1098,8,0,1118,771,51,0,78,4606,157,66596,11153,1003,5152,24772,3683,50,129,129,28,72,1073,505,1039,382,0,276,0,3949,802423,2990595,153124,9545,17073,17336,22343,48699,273706,54120,75838,13890,553300,10210,11172,319393,141126,4821,63853,70154,4657,27459,30026,61834,3692,9986,66596,11153,5152,24772,3683,881882
ACSSF,2012e1,co,000,0009,0000008,,,,,,,,,,,,,,,,,,,,,,,,,,,,,,,,,,,,,,,,,,,,,,,,,,,,,,,,,,,,,,,,,,,,,,,,,,,,,,,,,,,,,,,,,,,,,,,,,,,,,,,,,,,,,323934,11298,709,1229,2397,3216,5194,32653,4921,9419,1192,64540,814,1999,37950,11389,641,5702,4700,436,2438,4965,8357,148,1362,4994,1391,161,4389,0,95330
ACSSF,2012e1,co,000,0009,0000009,,,,,,,,,,,,,,,,,,,,,,,,,,,,,,,,,,,,,,,,,,,,,,,,,,,,,,,,,,,,,,,,,,,,,,,,,,,,,,,,,,,,,,,,,,,,,,,,,,,,,,,,,,,,,106347,4383,62,417,590,998,1817,9050,1821,2878,469,19890,280,761,13519,3640,567,2025,1490,142,1172,1336,3852,58,935,1285,351,30,453,0,32076
ACSSF,2012e1,co,000,0009,0000010,,,,,,,,,,,,,,,,,,,,,,,,,,,,,,,,,,,,,,,,,,,,,,,,,,,,,,,,,,,,,,,,,,,,,,,,,,,,,,,,,,,,,,,,,,,,,,,,,,,,,,,,,,,,,217587,6915,647,812,1807,2218,3377,23603,3100,6541,723,44650,534,1238,24431,7749,74,3677,3210,294,1266,3629,4505,90,427,3709,1040,131,3936,0,63254
ACSSF,2012e1,co,000,0009,0000011,,,,,,,,,,,,,,,,,,,,,,,,,,,,,,,,,,,,,,,,,,,,,,,,,,,,,,,,,,,,,,,,,,,,,,,,,,,,,,,,,,,,,,,,,,,,,,,,,,,,,,,,,,,,,466191,26666,596,1900,2859,3287,6990,45243,5908,10503,2122,92399,1454,858,48185,17410,896,7351,7010,703,2700,6521,10368,236,365,9908,1534,365,4017,231,147606
ACSSF,2012e1,co,000,0009,0000012,,,,,,,,,,,,,,,,,,,,,,,,,,,,,,,,,,,,,,,,,,,,,,,,,,,,,,,,,,,,,,,,,,,,,,,,,,,,,,,,,,,,,,,,,,,,,,,,,,,,,,,,,,,,,790125,37964,1305,3129,5256,6503,12184,77896,10829,19922,3314,156939,2268,2857,86135,28799,1537,13053,11710,1139,5138,11486,18725,384,1727,14902,2925,526,8406,231,242936
ACSSF,2012e1,co,000,0009,0000013,,,,,,,,,,,,,,,,,,,,,,,,,,,,,,,,,,,,,,,,,,,,,,,,,,,,,,,,,,,,,,,,,,,,,,,,,,,,,,,,,,,,,,,,,,,,,,,,,,,,,,,,,,,,,541283,44171,1574,1651,2262,2075,6355,30087,6935,9334,1280,69723,1072,662,41541,21287,274,8918,6478,560,2742,3775,7291,492,3352,6953,1380,868,3656,553,253982
ACSSF,2012e1,co,000,0009,0000014,716300,1474,199,0,31866,4279,137,209,0,504,367,342,373,313,2034,737,0,447,1386,47,994,394,3515,34,138,2030,0,155,738,0,3474,680,3654,9184,1559,53547,224,12280,1567,14265,1951,107816,68,3230,0,1798,37,495,70619,221,27347,301,1058,24,46,0,0,1467,12851,271,14702,1278,499,10886,1800,6019,10714,343,624,822,179,0,16190,0,4944,1120,242,0,2621,0,0,1208,422,51,263,0,5206,113,12055,2234,450,1845,4874,523,50,0,0,0,48,0,227,149,0,0,49,0,621,251175,716300,31866,4279,3515,3474,3654,9184,53547,12280,14265,1951,107816,3230,1798,70619,27347,1058,12851,14702,1278,10886,6019,10714,822,16190,12055,2234,1845,4874,523,271424
ACSSF,2012e1,co,000,0009,0000015,,,,,,,,,,,,,,,,,,,,,,,,,,,,,,,,,,,,,,,,,,,,,,,,,,,,,,,,,,,,,,,,,,,,,,,,,,,,,,,,,,,,,,,,,,,,,,,,,,,,,,,,,,,,,383786,21743,754,3983,3397,3763,5990,38344,9282,10894,2384,65073,1629,1886,37448,17882,789,7811,11298,448,5964,4062,8188,748,1506,8806,1915,800,3265,826,102908
ACSSF,2012e1,co,000,0009,0000016,762579,0,0,0,21275,1823,227,35,60,422,76,0,450,199,354,193,0,574,1467,429,709,496,4193,197,432,2109,0,322,696,0,3833,607,3846,8921,2166,48244,0,12112,1340,16473,3498,95034,152,3042,0,1590,220,1515,62924,245,26188,396,1746,173,0,0,0,1202,11871,173,16459,936,448,8502,1702,5977,17439,513,531,1079,254,0,13973,0,3235,297,0,0,249,119,0,1207,190,115,0,0,8523,38,13281,3006,1477,2185,4007,1571,31,0,130,0,0,0,156,908,205,0,141,0,700,326113,762579,21275,1823,4193,3833,3846,8921,48244,12112,16473,3498,95034,3042,1590,62924,26188,1746,11871,16459,936,8502,5977,17439,1079,13973,13281,3006,2185,4007,1571,347551
ACSSF,2012e1,co,000,0009,0000017,,,,,,,,,,,,,,,,,,,,,,,,,,,,,,,,,,,,,,,,,,,,,,,,,,,,,,,,,,,,,,,,,,,,,,,,,,,,,,,,,,,,,,,,,,,,,,,,,,,,,,,,,,,,,394852,16199,2150,2985,2082,4401,7002,45816,6376,9501,1889,81697,1579,1456,49634,18107,723,10494,10980,960,2936,3514,8206,547,434,12535,1638,870,3517,168,86456
ACSSF,2012e1,co,000,0009,0000018,,,,,,,,,,,,,,,,,,,,,,,,,,,,,,,,,,,,,,,,,,,,,,,,,,,,,,,,,,,,,,,,,,,,,,,,,,,,,,,,,,,,,,,,,,,,,,,,,,,,,,,,,,,,,801369,36202,3929,3393,2780,5811,14284,65694,17034,20153,2558,144522,2002,3426,88789,35436,1314,14008,17419,2311,6397,8721,19983,1591,2039,11508,2973,1730,6405,4183,254774
ACSSF,2012e1,co,000,0009,0000019,,,,,,,,,,,,,,,,,,,,,,,,,,,,,,,,,,,,,,,,,,,,,,,,,,,,,,,,,,,,,,,,,,,,,,,,,,,,,,,,,,,,,,,,,,,,,,,,,,,,,,,,,,,,,678111,24376,1745,4464,4522,5172,9405,64723,12376,20026,3787,134390,1786,2852,77763,38338,641,13788,18250,1472,6755,7222,16112,666,1255,18830,2749,1355,4342,132,178817
ACSSF,2012e1,co,000,0009,0000020,,,,,,,,,,,,,,,,,,,,,,,,,,,,,,,,,,,,,,,,,,,,,,,,,,,,,,,,,,,,,,,,,,,,,,,,,,,,,,,,,,,,,,,,,,,,,,,,,,,,,,,,,,,,,403288,15109,1130,2854,4229,4353,8834,38892,13643,12176,1644,92495,1353,1056,45925,16737,681,10529,10716,825,3896,5448,9016,399,1250,9662,1490,590,4002,654,83700
ACSSF,2012e1,co,000,0009,0000021,,,,,,,,,,,,,,,,,,,,,,,,,,,,,,,,,,,,,,,,,,,,,,,,,,,,,,,,,,,,,,,,,,,,,,,,,,,,,,,,,,,,,,,,,,,,,,,,,,,,,,,,,,,,,174350,10661,215,301,410,1916,3983,17994,1193,6527,1093,30362,127,1144,17492,7897,929,3730,4357,100,311,5927,4199,258,66,3326,180,209,1903,554,46986
ACSSF,2012e1,co,000,0009,0000022,,,,,,,,,,,,,,,,,,,,,,,,,,,,,,,,,,,,,,,,,,,,,,,,,,,,,,,,,,,,,,,,,,,,,,,,,,,,,,,,,,,,,,,,,,,,,,,,,,,,,,,,,,,,,189905,7513,223,361,522,477,1743,12711,491,2956,322,27523,430,663,15632,11116,256,2067,2236,27,614,1480,2741,193,278,1728,153,84,908,0,94457
ACSSF,2012e1,co,000,0009,0000023,,,,,,,,,,,,,,,,,,,,,,,,,,,,,,,,,,,,,,,,,,,,,,,,,,,,,,,,,,,,,,,,,,,,,,,,,,,,,,,,,,,,,,,,,,,,,,,,,,,,,,,,,,,,,263392,13364,192,779,1374,1201,3262,22242,3403,5917,1284,57416,672,567,24883,7854,195,4902,3913,332,2450,1909,3664,232,1027,6615,521,211,1653,0,91358
ACSSF,2012e1,co,000,0009,0000024,,,,,,,,,,,,,,,,,,,,,,,,,,,,,,,,,,,,,,,,,,,,,,,,,,,,,,,,,,,,,,,,,,,,,,,,,,,,,,,,,,,,,,,,,,,,,,,,,,,,,,,,,,,,,139128,4466,260,410,1084,1377,2682,13789,1858,2860,965,28184,533,710,16198,8007,196,4089,4224,320,1469,1271,3843,0,41,4063,550,721,744,0,34214
ACSSF,2012e1,co,000,0009,0000025,,,,,,,,,,,,,,,,,,,,,,,,,,,,,,,,,,,,,,,,,,,,,,,,,,,,,,,,,,,,,,,,,,,,,,,,,,,,,,,,,,,,,,,,,,,,,,,,,,,,,,,,,,,,,396857,19206,2421,1323,1315,1624,3390,23336,3960,6688,1124,49834,836,449,30154,10284,598,5754,5331,580,4079,3106,4753,403,12796,5936,581,1271,1732,289,193704
ACSSF,2012e1,co,000,0009,0000026,,,,,,,,,,,,,,,,,,,,,,,,,,,,,,,,,,,,,,,,,,,,,,,,,,,,,,,,,,,,,,,,,,,,,,,,,,,,,,,,,,,,,,,,,,,,,,,,,,,,,,,,,,,,,136005,8789,582,1684,954,1098,1858,12677,3498,3660,438,23513,660,583,12353,6174,245,2236,5072,448,2596,1348,2603,225,760,2755,846,311,1227,475,36337
ACSSF,2012e1,co,000,0009,0000027,,,,,,,,,,,,,,,,,,,,,,,,,,,,,,,,,,,,,,,,,,,,,,,,,,,,,,,,,,,,,,,,,,,,,,,,,,,,,,,,,,,,,,,,,,,,,,,,,,,,,,,,,,,,,130013,5631,597,1088,598,810,2759,12097,4873,2528,415,22795,1071,577,15727,7388,140,2977,3483,295,1603,1117,2858,245,441,2002,1236,392,952,78,33240
ACSSF,2012e1,co,000,0009,0000028,,,,,,,,,,,,,,,,,,,,,,,,,,,,,,,,,,,,,,,,,,,,,,,,,,,,,,,,,,,,,,,,,,,,,,,,,,,,,,,,,,,,,,,,,,,,,,,,,,,,,,,,,,,,,542654,22406,3055,1852,2177,3031,9192,44164,9502,13724,1357,98033,1220,2329,61183,26554,742,8743,10952,1620,4373,6204,13718,1166,1495,7297,1626,1289,3980,3016,176654
ACSSF,2012e1,co,000,0009,0000029,762579,0,0,0,21275,1823,227,35,60,422,76,0,450,199,354,193,0,574,1467,429,709,496,4193,197,432,2109,0,322,696,0,3833,607,3846,8921,2166,48244,0,12112,1340,16473,3498,95034,152,3042,0,1590,220,1515,62924,245,26188,396,1746,173,0,0,0,1202,11871,173,16459,936,448,8502,1702,5977,17439,513,531,1079,254,0,13973,0,3235,297,0,0,249,119,0,1207,190,115,0,0,8523,38,13281,3006,1477,2185,4007,1571,31,0,130,0,0,0,156,908,205,0,141,0,700,326113,762579,21275,1823,4193,3833,3846,8921,48244,12112,16473,3498,95034,3042,1590,62924,26188,1746,11871,16459,936,8502,5977,17439,1079,13973,13281,3006,2185,4007,1571,347551
ACSSF,2012e1,co,000,0009,0000030,,,,,,,,,,,,,,,,,,,,,,,,,,,,,,,,,,,,,,,,,,,,,,,,,,,,,,,,,,,,,,,,,,,,,,,,,,,,,,,,,,,,,,,,,,,,,,,,,,,,,,,,,,,,,194985,6770,843,1664,1666,1914,4185,16728,8854,4893,890,39887,652,531,23738,8135,359,5040,5516,401,1814,1610,4312,303,800,5445,471,325,1521,74,45644
ACSSF,2012e1,co,000,0009,0000031,,,,,,,,,,,,,,,,,,,,,,,,,,,,,,,,,,,,,,,,,,,,,,,,,,,,,,,,,,,,,,,,,,,,,,,,,,,,,,,,,,,,,,,,,,,,,,,,,,,,,,,,,,,,,92617,3469,131,261,247,402,1090,6657,942,1648,237,18364,239,116,8297,2242,0,1738,831,203,631,927,1208,48,1027,1804,215,132,888,0,38623
ACSSF,2012e1,co,000,0009,0000032,,,,,,,,,,,,,,,,,,,,,,,,,,,,,,,,,,,,,,,,,,,,,,,,,,,,,,,,,,,,,,,,,,,,,,,,,,,,,,,,,,,,,,,,,,,,,,,,,,,,,,,,,,,,,131998,5681,512,754,590,2559,2244,14897,2377,2810,686,26030,313,64,17869,6431,501,2165,3783,367,1249,1396,2109,41,263,3311,539,22,1445,0,30990
ACSSF,2012e1,co,000,0009,0000033,,,,,,,,,,,,,,,,,,,,,,,,,,,,,,,,,,,,,,,,,,,,,,,,,,,,,,,,,,,,,,,,,,,,,,,,,,,,,,,,,,,,,,,,,,,,,,,,,,,,,,,,,,,,,178668,5992,360,991,589,1600,1911,15513,2589,5944,343,31694,526,461,20709,8755,201,2914,3347,416,1386,1582,3169,305,452,5397,118,155,971,132,60146
ACSSF,2012e1,co,000,0009,0000034,,,,,,,,,,,,,,,,,,,,,,,,,,,,,,,,,,,,,,,,,,,,,,,,,,,,,,,,,,,,,,,,,,,,,,,,,,,,,,,,,,,,,,,,,,,,,,,,,,,,,,,,,,,,,97851,5354,71,969,182,965,969,7908,1666,2306,930,15744,281,775,9009,4699,94,2123,1902,0,897,820,2590,63,640,2016,444,206,500,323,33405
ACSSF,2012e1,co,000,0009,0000035,,,,,,,,,,,,,,,,,,,,,,,,,,,,,,,,,,,,,,,,,,,,,,,,,,,,,,,,,,,,,,,,,,,,,,,,,,,,,,,,,,,,,,,,,,,,,,,,,,,,,,,,,,,,,89435,2700,111,358,1224,1838,1164,10372,2996,3417,276,21192,36,227,10473,3719,133,1751,2263,346,1675,1692,1479,0,359,1873,355,0,825,0,16581
ACSSF,2012e1,co,000,0009,0000036,,,,,,,,,,,,,,,,,,,,,,,,,,,,,,,,,,,,,,,,,,,,,,,,,,,,,,,,,,,,,,,,,,,,,,,,,,,,,,,,,,,,,,,,,,,,,,,,,,,,,,,,,,,,,126455,3802,223,155,203,255,1060,7359,365,2168,281,14672,195,584,8821,5125,173,1430,997,27,409,881,1936,104,174,1175,92,0,494,0,73295
ACSSF,2012e1,co,000,0009,0000037,,,,,,,,,,,,,,,,,,,,,,,,,,,,,,,,,,,,,,,,,,,,,,,,,,,,,,,,,,,,,,,,,,,,,,,,,,,,,,,,,,,,,,,,,,,,,,,,,,,,,,,,,,,,,153998,17169,614,969,892,405,2191,10332,2827,2127,389,20417,133,39,13666,9028,108,3187,1709,0,909,850,2582,97,0,2457,834,90,989,49,58939
ACSSF,2012e1,co,000,0009,0000038,,,,,,,,,,,,,,,,,,,,,,,,,,,,,,,,,,,,,,,,,,,,,,,,,,,,,,,,,,,,,,,,,,,,,,,,,,,,,,,,,,,,,,,,,,,,,,,,,,,,,,,,,,,,,134907,4451,451,867,1506,898,2547,10807,2661,2709,463,23822,224,586,12877,5896,50,2731,3110,373,1167,2247,2896,158,146,2006,414,282,1015,230,47317
ACSSF,2012e1,co,000,0009,0000039,,,,,,,,,,,,,,,,,,,,,,,,,,,,,,,,,,,,,,,,,,,,,,,,,,,,,,,,,,,,,,,,,,,,,,,,,,,,,,,,,,,,,,,,,,,,,,,,,,,,,,,,,,,,,136005,8789,582,1684,954,1098,1858,12677,3498,3660,438,23513,660,583,12353,6174,245,2236,5072,448,2596,1348,2603,225,760,2755,846,311,1227,475,36337
ACSSF,2012e1,co,000,0009,0000040,,,,,,,,,,,,,,,,,,,,,,,,,,,,,,,,,,,,,,,,,,,,,,,,,,,,,,,,,,,,,,,,,,,,,,,,,,,,,,,,,,,,,,,,,,,,,,,,,,,,,,,,,,,,,542654,22406,3055,1852,2177,3031,9192,44164,9502,13724,1357,98033,1220,2329,61183,26554,742,8743,10952,1620,4373,6204,13718,1166,1495,7297,1626,1289,3980,3016,176654
ACSSF,2012e1,co,000,0009,0000041,,,,,,,,,,,,,,,,,,,,,,,,,,,,,,,,,,,,,,,,,,,,,,,,,,,,,,,,,,,,,,,,,,,,,,,,,,,,,,,,,,,,,,,,,,,,,,,,,,,,,,,,,,,,,396857,19206,2421,1323,1315,1624,3390,23336,3960,6688,1124,49834,836,449,30154,10284,598,5754,5331,580,4079,3106,4753,403,12796,5936,581,1271,1732,289,193704
ACSSF,2012e1,co,000,0009,0000042,762579,0,0,0,21275,1823,227,35,60,422,76,0,450,199,354,193,0,574,1467,429,709,496,4193,197,432,2109,0,322,696,0,3833,607,3846,8921,2166,48244,0,12112,1340,16473,3498,95034,152,3042,0,1590,220,1515,62924,245,26188,396,1746,173,0,0,0,1202,11871,173,16459,936,448,8502,1702,5977,17439,513,531,1079,254,0,13973,0,3235,297,0,0,249,119,0,1207,190,115,0,0,8523,38,13281,3006,1477,2185,4007,1571,31,0,130,0,0,0,156,908,205,0,141,0,700,326113,762579,21275,1823,4193,3833,3846,8921,48244,12112,16473,3498,95034,3042,1590,62924,26188,1746,11871,16459,936,8502,5977,17439,1079,13973,13281,3006,2185,4007,1571,347551
ACSSF,2012e1,co,000,0009,0000043,,,,,,,,,,,,,,,,,,,,,,,,,,,,,,,,,,,,,,,,,,,,,,,,,,,,,,,,,,,,,,,,,,,,,,,,,,,,,,,,,,,,,,,,,,,,,,,,,,,,,,,,,,,,,194985,6770,843,1664,1666,1914,4185,16728,8854,4893,890,39887,652,531,23738,8135,359,5040,5516,401,1814,1610,4312,303,800,5445,471,325,1521,74,45644
ACSSF,2012e1,co,000,0009,0000044,,,,,,,,,,,,,,,,,,,,,,,,,,,,,,,,,,,,,,,,,,,,,,,,,,,,,,,,,,,,,,,,,,,,,,,,,,,,,,,,,,,,,,,,,,,,,,,,,,,,,,,,,,,,,89435,2700,111,358,1224,1838,1164,10372,2996,3417,276,21192,36,227,10473,3719,133,1751,2263,346,1675,1692,1479,0,359,1873,355,0,825,0,16581
ACSSF,2012e1,co,000,0009,0000045,,,,,,,,,,,,,,,,,,,,,,,,,,,,,,,,,,,,,,,,,,,,,,,,,,,,,,,,,,,,,,,,,,,,,,,,,,,,,,,,,,,,,,,,,,,,,,,,,,,,,,,,,,,,,92617,3469,131,261,247,402,1090,6657,942,1648,237,18364,239,116,8297,2242,0,1738,831,203,631,927,1208,48,1027,1804,215,132,888,0,38623
ACSSF,2012e1,co,000,0009,0000046,,,,,,,,,,,,,,,,,,,,,,,,,,,,,,,,,,,,,,,,,,,,,,,,,,,,,,,,,,,,,,,,,,,,,,,,,,,,,,,,,,,,,,,,,,,,,,,,,,,,,,,,,,,,,126455,3802,223,155,203,255,1060,7359,365,2168,281,14672,195,584,8821,5125,173,1430,997,27,409,881,1936,104,174,1175,92,0,494,0,73295
ACSSF,2012e1,co,000,0009,0000047,906156,0,32,0,26612,2360,227,35,60,422,123,39,725,324,405,240,0,614,2229,476,927,496,4956,215,432,2393,0,322,951,0,5124,644,5222,11651,2346,59610,0,15330,1625,20090,4140,123483,152,3477,0,2435,220,1727,78485,245,32578,396,1823,173,0,0,0,1357,14570,214,20573,1344,787,9679,2770,7909,20240,746,655,1174,473,0,14819,0,3235,297,0,0,249,127,0,1207,190,115,0,0,9361,38,16676,3533,1477,2221,5343,1718,81,0,130,0,0,0,156,1005,205,0,141,0,932,362715,906156,26612,2360,4956,5124,5222,11651,59610,15330,20090,4140,123483,3477,2435,78485,32578,1823,14570,20573,1344,9679,7909,20240,1174,14819,16676,3533,2221,5343,1718,388981
ACSSF,2012e1,co,000,0009,0000048,961661,0,0,0,43103,2249,279,0,0,972,0,68,194,152,584,1139,0,566,2813,588,2139,511,7288,126,736,2575,0,460,767,0,8955,1300,8618,17864,3082,101104,119,25712,3436,29910,4647,195487,78,3463,0,3341,299,980,106245,745,45878,427,1996,93,0,33,203,2945,23568,306,29030,1651,1709,11420,3351,12928,23553,574,765,1422,396,0,2466,0,78,104,0,0,0,8,0,0,259,75,0,0,1942,0,23438,3795,423,1715,10038,1204,121,129,129,28,0,396,97,304,0,0,0,0,434,175455,961661,43103,2249,7288,8955,8618,17864,101104,25712,29910,4647,195487,3463,3341,106245,45878,1996,23568,29030,1651,11420,12928,23553,1422,2466,23438,3795,1715,10038,1204,209573
ACSSF,2012e1,co,000,0009,0000049,,,,,,,,,,,,,,,,,,,,,,,,,,,,,,,,,,,,,,,,,,,,,,,,,,,,,,,,,,,,,,,,,,,,,,,,,,,,,,,,,,,,,,,,,,,,,,,,,,,,,,,,,,,,,848523,45024,1687,2960,4472,6391,12568,81915,9489,21601,3661,145682,2410,3567,83471,35701,2442,13371,14507,834,4538,15109,20025,640,862,13767,2753,714,8562,785,289015
ACSSF,2012e1,co,000,0009,0000050,,,,,,,,,,,,,,,,,,,,,,,,,,,,,,,,,,,,,,,,,,,,,,,,,,,,,,,,,,,,,,,,,,,,,,,,,,,,,,,,,,,,,,,,,,,,,,,,,,,,,,,,,,,,,842019,37716,2385,4389,3977,5727,13371,78562,11007,18655,4182,182929,2432,3410,89072,31472,648,18192,15000,1004,6530,6613,15588,963,2697,22063,2193,1640,5344,491,253767
ACSSF,2012e1,co,000,0009,0000051,,,,,,,,,,,,,,,,,,,,,,,,,,,,,,,,,,,,,,,,,,,,,,,,,,,,,,,,,,,,,,,,,,,,,,,,,,,,,,,,,,,,,,,,,,,,,,,,,,,,,,,,,,,,,905598,40726,3958,3710,3322,6462,15931,77635,18763,23082,3548,165459,2261,3914,103835,39162,1497,16956,19247,2663,6415,9922,21970,1649,2039,14097,3304,1844,8124,4183,279920
ACSSF,2012e1,co,000,0009,0000052,898797,1474,264,0,48259,4438,137,209,0,891,375,342,98,309,2077,1050,43,447,1632,69,997,508,4315,89,138,2254,0,155,953,75,3999,731,5890,10936,2033,70429,224,15517,1860,17335,2865,133851,68,3770,0,1872,37,427,85572,268,33525,461,1625,64,46,0,158,1483,15129,230,17634,1415,864,12614,3515,6982,14181,388,907,806,304,0,18695,0,5654,1120,242,0,2621,0,0,2163,602,362,263,0,5472,196,15727,2825,450,2060,6044,481,0,0,0,0,48,0,286,52,0,46,49,0,523,314817,898797,48259,4438,4315,3999,5890,10936,70429,15517,17335,2865,133851,3770,1872,85572,33525,1625,15129,17634,1415,12614,6982,14181,806,18695,15727,2825,2060,6044,481,340006
ACSSF,2012e1,co,000,0009,0000053,,,,,,,,,,,,,,,,,,,,,,,,,,,,,,,,,,,,,,,,,,,,,,,,,,,,,,,,,,,,,,,,,,,,,,,,,,,,,,,,,,,,,,,,,,,,,,,,,,,,,,,,,,,,,907736,46869,2998,4410,5128,5612,11821,68065,13415,21756,3347,151742,2082,2345,91674,46758,709,16765,17369,1548,6011,8338,16297,973,1519,18182,3057,1376,5742,580,331248
ACSSF,2012e1,co,000,0009,0000054,,,,,,,,,,,,,,,,,,,,,,,,,,,,,,,,,,,,,,,,,,,,,,,,,,,,,,,,,,,,,,,,,,,,,,,,,,,,,,,,,,,,,,,,,,,,,,,,,,,,,,,,,,,,,123388,5126,27,377,749,1347,1620,8226,710,2630,336,35037,56,465,13523,2751,53,1500,856,55,1085,1244,1871,98,747,2762,86,15,423,0,39613
ACSSF,2012e1,co,000,0009,0000055,,,,,,,,,,,,,,,,,,,,,,,,,,,,,,,,,,,,,,,,,,,,,,,,,,,,,,,,,,,,,,,,,,,,,,,,,,,,,,,,,,,,,,,,,,,,,,,,,,,,,,,,,,,,,157619,5751,111,721,2423,2396,2745,17772,4738,4764,522,39743,261,322,19687,6245,133,3760,4415,424,2451,3332,2938,96,707,3588,750,218,1360,580,24666
ACSSF,2012e1,co,000,0009,0000056,,,,,,,,,,,,,,,,,,,,,,,,,,,,,,,,,,,,,,,,,,,,,,,,,,,,,,,,,,,,,,,,,,,,,,,,,,,,,,,,,,,,,,,,,,,,,,,,,,,,,,,,,,,,,245669,9358,1019,2133,1806,1957,6089,21120,8905,7412,1122,52752,1092,734,26238,10492,548,6769,6301,401,1445,2116,6078,303,543,6074,740,372,2642,74,59034
ACSSF,2012e1,co,000,0009,0000057,,,,,,,,,,,,,,,,,,,,,,,,,,,,,,,,,,,,,,,,,,,,,,,,,,,,,,,,,,,,,,,,,,,,,,,,,,,,,,,,,,,,,,,,,,,,,,,,,,,,,,,,,,,,,114686,6743,68,461,570,286,1402,14279,1353,2549,805,22291,275,165,10428,5191,149,2059,1851,137,1137,2582,2562,53,33,2643,588,57,519,36,33414
ACSSF,2012e1,co,000,0009,0000058,,,,,,,,,,,,,,,,,,,,,,,,,,,,,,,,,,,,,,,,,,,,,,,,,,,,,,,,,,,,,,,,,,,,,,,,,,,,,,,,,,,,,,,,,,,,,,,,,,,,,,,,,,,,,178052,7326,155,604,625,769,2020,13184,1943,3982,892,39711,415,363,16545,5108,127,4090,2207,267,1525,1394,2582,191,1027,3775,386,132,1297,0,65410
ACSSF,2012e1,co,000,0009,0000059,,,,,,,,,,,,,,,,,,,,,,,,,,,,,,,,,,,,,,,,,,,,,,,,,,,,,,,,,,,,,,,,,,,,,,,,,,,,,,,,,,,,,,,,,,,,,,,,,,,,,,,,,,,,,123793,3115,245,400,931,1239,2034,10923,3875,4574,185,21078,644,1397,14188,7834,742,3446,2818,57,767,2436,3297,182,374,2825,714,269,1935,0,31269
ACSSF,2012e1,co,000,0009,0000060,,,,,,,,,,,,,,,,,,,,,,,,,,,,,,,,,,,,,,,,,,,,,,,,,,,,,,,,,,,,,,,,,,,,,,,,,,,,,,,,,,,,,,,,,,,,,,,,,,,,,,,,,,,,,115932,4529,666,580,454,786,1678,12110,1416,3209,693,22285,259,231,15518,5984,104,2225,1747,352,54,1515,3625,66,0,2011,322,135,1660,0,31718
ACSSF,2012e1,co,000,0009,0000061,,,,,,,,,,,,,,,,,,,,,,,,,,,,,,,,,,,,,,,,,,,,,,,,,,,,,,,,,,,,,,,,,,,,,,,,,,,,,,,,,,,,,,,,,,,,,,,,,,,,,,,,,,,,,179289,6414,223,321,522,442,1563,12221,491,2905,322,25456,430,629,14455,9227,256,2032,2161,27,614,1434,2568,193,278,1692,115,84,835,0,91379
ACSSF,2012e1,co,000,0009,0000062,,,,,,,,,,,,,,,,,,,,,,,,,,,,,,,,,,,,,,,,,,,,,,,,,,,,,,,,,,,,,,,,,,,,,,,,,,,,,,,,,,,,,,,,,,,,,,,,,,,,,,,,,,,,,112180,5056,96,180,192,1207,1959,7925,773,1939,207,16984,712,114,10364,3286,129,871,1892,39,133,818,1547,0,219,1268,84,15,537,0,53634
ACSSF,2012e1,co,000,0009,0000063,,,,,,,,,,,,,,,,,,,,,,,,,,,,,,,,,,,,,,,,,,,,,,,,,,,,,,,,,,,,,,,,,,,,,,,,,,,,,,,,,,,,,,,,,,,,,,,,,,,,,,,,,,,,,142747,8594,454,1109,1191,593,2361,18255,3239,3912,925,28579,700,593,17397,7177,139,3387,5231,282,2442,2176,4390,170,62,4162,918,296,1649,0,22364
ACSSF,2012e1,co,000,0009,0000064,,,,,,,,,,,,,,,,,,,,,,,,,,,,,,,,,,,,,,,,,,,,,,,,,,,,,,,,,,,,,,,,,,,,,,,,,,,,,,,,,,,,,,,,,,,,,,,,,,,,,,,,,,,,,178598,9804,139,1285,782,1543,2418,19616,3219,4558,1670,29990,667,1093,17055,8503,162,3226,4929,65,1594,1893,3880,298,718,5333,571,358,980,323,51926
ACSSF,2012e1,co,000,0009,0000065,,,,,,,,,,,,,,,,,,,,,,,,,,,,,,,,,,,,,,,,,,,,,,,,,,,,,,,,,,,,,,,,,,,,,,,,,,,,,,,,,,,,,,,,,,,,,,,,,,,,,,,,,,,,,157651,9474,582,1736,1028,1566,2410,15043,3713,4108,843,28870,701,484,16005,7420,429,2796,6245,448,3533,1518,3469,266,698,2996,887,311,1385,475,38212
ACSSF,2012e1,co,000,0009,0000066,,,,,,,,,,,,,,,,,,,,,,,,,,,,,,,,,,,,,,,,,,,,,,,,,,,,,,,,,,,,,,,,,,,,,,,,,,,,,,,,,,,,,,,,,,,,,,,,,,,,,,,,,,,,,191903,8555,321,1586,2389,1560,3281,19814,4499,5403,984,35375,562,690,21166,10483,529,4939,4911,117,1235,1718,3529,425,59,4441,470,591,1649,75,50547
ACSSF,2012e1,co,000,0009,0000067,,,,,,,,,,,,,,,,,,,,,,,,,,,,,,,,,,,,,,,,,,,,,,,,,,,,,,,,,,,,,,,,,,,,,,,,,,,,,,,,,,,,,,,,,,,,,,,,,,,,,,,,,,,,,148799,8257,371,884,1205,801,2045,10974,2616,2661,596,23841,364,619,13276,6465,87,2309,3333,196,1386,2031,3001,321,212,1943,649,194,1602,230,56330
ACSSF,2012e1,co,000,0009,0000068,,,,,,,,,,,,,,,,,,,,,,,,,,,,,,,,,,,,,,,,,,,,,,,,,,,,,,,,,,,,,,,,,,,,,,,,,,,,,,,,,,,,,,,,,,,,,,,,,,,,,,,,,,,,,177491,17394,784,1034,954,482,2583,10868,2276,2872,575,23024,133,0,15074,9847,67,3442,1507,154,1227,1087,2887,28,362,2501,834,90,902,49,74454
ACSSF,2012e1,co,000,0009,0000069,,,,,,,,,,,,,,,,,,,,,,,,,,,,,,,,,,,,,,,,,,,,,,,,,,,,,,,,,,,,,,,,,,,,,,,,,,,,,,,,,,,,,,,,,,,,,,,,,,,,,,,,,,,,,173579,16315,341,80,392,829,1401,6528,1365,3516,191,20420,545,49,11606,5376,0,2336,1984,243,298,780,1370,69,413,1987,39,31,895,169,94011
ACSSF,2012e1,co,000,0009,0000070,,,,,,,,,,,,,,,,,,,,,,,,,,,,,,,,,,,,,,,,,,,,,,,,,,,,,,,,,,,,,,,,,,,,,,,,,,,,,,,,,,,,,,,,,,,,,,,,,,,,,,,,,,,,,132172,4673,359,1233,660,953,2043,9654,2197,2908,638,20656,1027,337,11539,5055,9,2281,2972,215,2061,1639,1670,93,4331,2193,246,306,1173,126,48925
ACSSF,2012e1,co,000,0009,0000071,,,,,,,,,,,,,,,,,,,,,,,,,,,,,,,,,,,,,,,,,,,,,,,,,,,,,,,,,,,,,,,,,,,,,,,,,,,,,,,,,,,,,,,,,,,,,,,,,,,,,,,,,,,,,137763,6452,1390,307,84,586,1113,7431,1128,2588,485,18306,106,82,11199,3993,25,2006,2317,200,1251,1006,1921,200,5324,2200,198,1088,599,35,64143
ACSSF,2012e1,co,000,0009,0000072,,,,,,,,,,,,,,,,,,,,,,,,,,,,,,,,,,,,,,,,,,,,,,,,,,,,,,,,,,,,,,,,,,,,,,,,,,,,,,,,,,,,,,,,,,,,,,,,,,,,,,,,,,,,,135086,5314,773,318,501,306,829,6521,1420,2196,185,11418,328,118,6590,2353,253,1337,894,250,1011,829,1135,160,4369,1275,261,123,327,95,83597
ACSSF,2012e1,co,000,0009,0000073,,,,,,,,,,,,,,,,,,,,,,,,,,,,,,,,,,,,,,,,,,,,,,,,,,,,,,,,,,,,,,,,,,,,,,,,,,,,,,,,,,,,,,,,,,,,,,,,,,,,,,,,,,,,,142164,6732,494,874,925,660,2515,14888,5233,2458,329,23497,1085,699,18334,7876,228,2699,4152,165,4156,884,3151,161,276,2887,1310,336,1259,78,33823
ACSSF,2012e1,co,000,0009,0000074,,,,,,,,,,,,,,,,,,,,,,,,,,,,,,,,,,,,,,,,,,,,,,,,,,,,,,,,,,,,,,,,,,,,,,,,,,,,,,,,,,,,,,,,,,,,,,,,,,,,,,,,,,,,,185151,3668,185,902,897,331,1298,7889,2709,3590,183,14524,415,372,12762,4470,37,1300,2733,0,811,945,3179,122,3870,1607,763,232,629,995,113733
ACSSF,2012e1,co,000,0009,0000075,,,,,,,,,,,,,,,,,,,,,,,,,,,,,,,,,,,,,,,,,,,,,,,,,,,,,,,,,,,,,,,,,,,,,,,,,,,,,,,,,,,,,,,,,,,,,,,,,,,,,,,,,,,,,123822,3170,510,583,599,1197,821,6029,1157,3954,661,15717,336,132,11388,6850,498,1959,2532,296,960,712,3079,65,2459,2097,581,267,232,55,54926
ACSSF,2012e1,co,000,0009,0000076,,,,,,,,,,,,,,,,,,,,,,,,,,,,,,,,,,,,,,,,,,,,,,,,,,,,,,,,,,,,,,,,,,,,,,,,,,,,,,,,,,,,,,,,,,,,,,,,,,,,,,,,,,,,,147365,4293,544,1262,1156,1204,3196,14486,4042,3134,1176,28266,837,324,18637,4944,848,3376,4856,206,2182,996,5404,712,546,4527,767,893,1275,106,33170
ACSSF,2012e1,co,000,0009,0000077,,,,,,,,,,,,,,,,,,,,,,,,,,,,,,,,,,,,,,,,,,,,,,,,,,,,,,,,,,,,,,,,,,,,,,,,,,,,,,,,,,,,,,,,,,,,,,,,,,,,,,,,,,,,,198562,6457,1223,1415,1208,638,2646,16065,3721,4786,942,26559,1270,798,18355,8720,363,3632,5971,704,4512,2334,4525,180,10547,3655,403,733,1447,455,64298
ACSSF,2012e1,co,000,0009,0000078,,,,,,,,,,,,,,,,,,,,,,,,,,,,,,,,,,,,,,,,,,,,,,,,,,,,,,,,,,,,,,,,,,,,,,,,,,,,,,,,,,,,,,,,,,,,,,,,,,,,,,,,,,,,,141107,4329,109,31,252,558,1371,5814,888,1712,536,12994,184,231,4964,3012,0,2223,1208,0,430,1418,1718,0,35,1549,554,191,628,74,94094
ACSSF,2012e1,co,000,0009,0000079,,,,,,,,,,,,,,,,,,,,,,,,,,,,,,,,,,,,,,,,,,,,,,,,,,,,,,,,,,,,,,,,,,,,,,,,,,,,,,,,,,,,,,,,,,,,,,,,,,,,,,,,,,,,,143016,4592,88,396,1101,1456,2768,15324,1677,2784,605,28370,471,793,16450,8638,242,3552,3958,289,1466,1479,3902,18,10,3980,618,634,855,0,36500
ACSSF,2012e1,co,000,0009,0000080,,,,,,,,,,,,,,,,,,,,,,,,,,,,,,,,,,,,,,,,,,,,,,,,,,,,,,,,,,,,,,,,,,,,,,,,,,,,,,,,,,,,,,,,,,,,,,,,,,,,,,,,,,,,,140104,4194,238,1350,629,542,1703,11114,1630,4196,822,25519,356,448,18118,7980,201,1793,1905,431,644,1463,2498,283,69,3466,347,117,502,0,47546
ACSSF,2012e1,co,000,0009,0000081,,,,,,,,,,,,,,,,,,,,,,,,,,,,,,,,,,,,,,,,,,,,,,,,,,,,,,,,,,,,,,,,,,,,,,,,,,,,,,,,,,,,,,,,,,,,,,,,,,,,,,,,,,,,,172765,6188,856,806,587,1726,1566,16154,4581,6479,1024,33538,334,786,17669,8895,112,3498,3490,279,1631,1761,3909,170,495,5155,545,137,1220,132,49042
ACSSF,2012e1,co,000,0009,0000082,,,,,,,,,,,,,,,,,,,,,,,,,,,,,,,,,,,,,,,,,,,,,,,,,,,,,,,,,,,,,,,,,,,,,,,,,,,,,,,,,,,,,,,,,,,,,,,,,,,,,,,,,,,,,135822,4805,460,746,1319,981,2115,11501,2583,4384,261,28588,622,467,15917,6174,280,2929,3854,71,1562,1234,1871,95,155,3870,292,90,1273,69,37254
ACSSF,2012e1,co,000,0009,0000083,,,,,,,,,,,,,,,,,,,,,,,,,,,,,,,,,,,,,,,,,,,,,,,,,,,,,,,,,,,,,,,,,,,,,,,,,,,,,,,,,,,,,,,,,,,,,,,,,,,,,,,,,,,,,162476,7624,559,662,995,1992,2670,17789,2649,4352,648,31269,464,337,21138,8311,460,3803,4548,447,1303,1769,2522,41,890,5503,735,105,2010,91,36790
ACSSF,2012e1,co,000,0009,0000084,,,,,,,,,,,,,,,,,,,,,,,,,,,,,,,,,,,,,,,,,,,,,,,,,,,,,,,,,,,,,,,,,,,,,,,,,,,,,,,,,,,,,,,,,,,,,,,,,,,,,,,,,,,,,139930,5634,1341,2057,646,2186,2116,16189,2209,3453,560,30495,461,425,16019,5150,224,3189,4325,360,731,1115,3075,320,0,2740,828,232,1322,77,32451
ACSSF,2012e1,co,000,0009,0000085,,,,,,,,,,,,,,,,,,,,,,,,,,,,,,,,,,,,,,,,,,,,,,,,,,,,,,,,,,,,,,,,,,,,,,,,,,,,,,,,,,,,,,,,,,,,,,,,,,,,,,,,,,,,,154012,5584,774,381,861,611,3955,18843,2838,3077,1025,34683,713,822,17897,7494,146,4393,3653,233,1220,1383,4244,186,171,5286,367,533,1085,0,31554
ACSSF,2012e1,co,000,0009,0000086,,,,,,,,,,,,,,,,,,,,,,,,,,,,,,,,,,,,,,,,,,,,,,,,,,,,,,,,,,,,,,,,,,,,,,,,,,,,,,,,,,,,,,,,,,,,,,,,,,,,,,,,,,,,,117636,9289,172,249,568,614,1075,8740,1374,1357,278,21268,462,236,12125,3034,342,2774,1887,107,1614,434,1831,187,639,2275,45,360,462,111,43727
ACSSF,2012e1,co,000,0009,0000087,,,,,,,,,,,,,,,,,,,,,,,,,,,,,,,,,,,,,,,,,,,,,,,,,,,,,,,,,,,,,,,,,,,,,,,,,,,,,,,,,,,,,,,,,,,,,,,,,,,,,,,,,,,,,142224,9752,221,1008,2056,959,2775,15155,2070,3741,866,26009,271,462,17867,3648,378,2491,1686,402,1188,2226,5401,26,324,1746,492,23,2963,130,35888
ACSSF,2012e1,co,000,0009,0000088,,,,,,,,,,,,,,,,,,,,,,,,,,,,,,,,,,,,,,,,,,,,,,,,,,,,,,,,,,,,,,,,,,,,,,,,,,,,,,,,,,,,,,,,,,,,,,,,,,,,,,,,,,,,,154832,9105,215,301,410,1345,3463,16433,1193,5693,764,26691,91,1144,14984,6938,878,3120,4067,63,238,4562,3677,258,66,2842,101,171,1892,554,43573
ACSSF,2012e1,co,000,0009,0000089,,,,,,,,,,,,,,,,,,,,,,,,,,,,,,,,,,,,,,,,,,,,,,,,,,,,,,,,,,,,,,,,,,,,,,,,,,,,,,,,,,,,,,,,,,,,,,,,,,,,,,,,,,,,,116953,7264,33,226,411,1463,1786,13978,863,3599,644,24992,244,231,11862,4255,72,1904,1775,166,913,2555,3261,0,30,2602,785,101,1192,65,29681
ACSSF,2012e1,co,000,0009,0000090,,,,,,,,,,,,,,,,,,,,,,,,,,,,,,,,,,,,,,,,,,,,,,,,,,,,,,,,,,,,,,,,,,,,,,,,,,,,,,,,,,,,,,,,,,,,,,,,,,,,,,,,,,,,,136086,6715,518,602,402,648,2774,11860,2517,3971,779,25880,183,520,15725,4791,423,4411,4789,359,213,1549,2438,160,406,3461,938,130,866,301,37757
ACSSF,2012e1,co,000,0009,0000091,,,,,,,,,,,,,,,,,,,,,,,,,,,,,,,,,,,,,,,,,,,,,,,,,,,,,,,,,,,,,,,,,,,,,,,,,,,,,,,,,,,,,,,,,,,,,,,,,,,,,,,,,,,,,156353,6005,1199,890,447,998,2623,13350,2434,3441,532,28821,556,751,17024,8241,263,2468,3788,237,1519,2552,5025,1027,154,2764,327,729,1309,2407,44472
ACSSF,2012e1,co,000,0009,0000092,,,,,,,,,,,,,,,,,,,,,,,,,,,,,,,,,,,,,,,,,,,,,,,,,,,,,,,,,,,,,,,,,,,,,,,,,,,,,,,,,,,,,,,,,,,,,,,,,,,,,,,,,,,,,124696,5992,908,193,983,980,2227,10238,1801,2650,262,24249,178,459,16960,6985,374,1658,2568,454,1323,1225,2641,40,365,2101,790,79,1366,321,34326
ACSSF,2012e1,co,000,0009,0000093,,,,,,,,,,,,,,,,,,,,,,,,,,,,,,,,,,,,,,,,,,,,,,,,,,,,,,,,,,,,,,,,,,,,,,,,,,,,,,,,,,,,,,,,,,,,,,,,,,,,,,,,,,,,,137440,6387,424,647,474,399,2641,11023,2920,3432,731,24945,582,1048,15822,7586,105,2397,3175,350,1287,967,3662,0,594,1467,314,624,721,333,42383
ACSSF,2012e1,co,000,0009,0000094,,,,,,,,,,,,,,,,,,,,,,,,,,,,,,,,,,,,,,,,,,,,,,,,,,,,,,,,,,,,,,,,,,,,,,,,,,,,,,,,,,,,,,,,,,,,,,,,,,,,,,,,,,,,,125579,4860,40,127,217,681,1643,8021,1213,2663,169,18871,55,133,10897,3776,41,1733,802,105,149,866,1748,45,143,1055,302,74,648,469,64033
ACSSF,2012e1,co,000,0009,0000095,,,,,,,,,,,,,,,,,,,,,,,,,,,,,,,,,,,,,,,,,,,,,,,,,,,,,,,,,,,,,,,,,,,,,,,,,,,,,,,,,,,,,,,,,,,,,,,,,,,,,,,,,,,,,145998,7420,840,971,376,2105,2801,13973,7055,4837,417,27072,448,781,15587,4516,284,2438,3067,806,1906,1824,4773,319,377,1646,398,94,1672,352,36843
ACSSF,2012e1,co,000,0009,0000096,,,,,,,,,,,,,,,,,,,,,,,,,,,,,,,,,,,,,,,,,,,,,,,,,,,,,,,,,,,,,,,,,,,,,,,,,,,,,,,,,,,,,,,,,,,,,,,,,,,,,,,,,,,,,131072,5710,840,745,441,1456,2178,12375,6254,3679,304,25388,333,381,12403,5394,360,1782,2811,753,875,2161,3593,99,301,1828,327,156,893,352,36900
ACSSF,2012e1,co,000,0009,0000097,,,,,,,,,,,,,,,,,,,,,,,,,,,,,,,,,,,,,,,,,,,,,,,,,,,,,,,,,,,,,,,,,,,,,,,,,,,,,,,,,,,,,,,,,,,,,,,,,,,,,,,,,,,,,246876,10869,796,347,267,867,1768,11522,2373,3751,640,27123,303,198,15826,5207,113,3457,2448,324,1250,1214,3003,284,8759,3245,305,1074,825,241,138477
ACSSF,2012e1,co,000,0009,0000098,,,,,,,,,,,,,,,,,,,,,,,,,,,,,,,,,,,,,,,,,,,,,,,,,,,,,,,,,,,,,,,,,,,,,,,,,,,,,,,,,,,,,,,,,,,,,,,,,,,,,,,,,,,,,291459,16692,918,3043,3255,2587,4907,30831,7446,9076,1456,49691,1119,1134,30441,13302,815,6406,8539,448,4994,3379,5611,685,788,6323,1474,762,2850,503,71984
ACSSF,2012e1,co,000,0009,0000099,,,,,,,,,,,,,,,,,,,,,,,,,,,,,,,,,,,,,,,,,,,,,,,,,,,,,,,,,,,,,,,,,,,,,,,,,,,,,,,,,,,,,,,,,,,,,,,,,,,,,,,,,,,,,88291,11900,0,39,379,584,1056,4803,1123,2447,142,13286,405,169,7038,3845,0,1618,1671,73,102,295,802,108,181,1315,39,0,544,0,34327
ACSSF,2012e1,co,000,0009,0000100,,,,,,,,,,,,,,,,,,,,,,,,,,,,,,,,,,,,,,,,,,,,,,,,,,,,,,,,,,,,,,,,,,,,,,,,,,,,,,,,,,,,,,,,,,,,,,,,,,,,,,,,,,,,,345061,15303,2858,2416,1893,1897,4154,27692,6706,6592,950,49698,2175,1170,33947,13816,722,5669,8120,859,8399,3808,5302,258,9664,5638,843,838,2753,318,120603
ACSSF,2012e1,co,000,0009,0000101,,,,,,,,,,,,,,,,,,,,,,,,,,,,,,,,,,,,,,,,,,,,,,,,,,,,,,,,,,,,,,,,,,,,,,,,,,,,,,,,,,,,,,,,,,,,,,,,,,,,,,,,,,,,,289582,13638,1178,984,1532,1883,5522,22518,4252,7505,999,55929,523,1033,35503,13413,569,4483,6516,731,2469,2436,7860,40,403,4628,976,1059,2981,446,87573
ACSSF,2012e1,co,000,0009,0000102,762579,0,0,0,21275,1823,227,35,60,422,76,0,450,199,354,193,0,574,1467,429,709,496,4193,197,432,2109,0,322,696,0,3833,607,3846,8921,2166,48244,0,12112,1340,16473,3498,95034,152,3042,0,1590,220,1515,62924,245,26188,396,1746,173,0,0,0,1202,11871,173,16459,936,448,8502,1702,5977,17439,513,531,1079,254,0,13973,0,3235,297,0,0,249,119,0,1207,190,115,0,0,8523,38,13281,3006,1477,2185,4007,1571,31,0,130,0,0,0,156,908,205,0,141,0,700,326113,762579,21275,1823,4193,3833,3846,8921,48244,12112,16473,3498,95034,3042,1590,62924,26188,1746,11871,16459,936,8502,5977,17439,1079,13973,13281,3006,2185,4007,1571,347551
ACSSF,2012e1,co,000,0009,0000103,,,,,,,,,,,,,,,,,,,,,,,,,,,,,,,,,,,,,,,,,,,,,,,,,,,,,,,,,,,,,,,,,,,,,,,,,,,,,,,,,,,,,,,,,,,,,,,,,,,,,,,,,,,,,397460,16261,2150,2985,2082,4401,7490,46199,6376,9501,1889,82203,1579,1456,49715,18485,723,10494,10980,960,2936,3514,8303,547,434,12535,1638,870,3517,168,87069
ACSSF,2012e1,co,000,0009,0000104,,,,,,,,,,,,,,,,,,,,,,,,,,,,,,,,,,,,,,,,,,,,,,,,,,,,,,,,,,,,,,,,,,,,,,,,,,,,,,,,,,,,,,,,,,,,,,,,,,,,,,,,,,,,,97747,5601,336,349,233,757,1352,7696,2753,2463,490,15881,420,897,11515,5840,80,2660,2054,223,1180,464,2749,164,556,1158,680,311,1109,333,27443
ACSSF,2012e1,co,000,0009,0000105,,,,,,,,,,,,,,,,,,,,,,,,,,,,,,,,,,,,,,,,,,,,,,,,,,,,,,,,,,,,,,,,,,,,,,,,,,,,,,,,,,,,,,,,,,,,,,,,,,,,,,,,,,,,,249098,9169,1019,2045,2036,2143,6140,21258,9090,7412,1122,54004,1092,734,26578,10756,548,6800,6301,401,1445,2131,6374,303,634,6020,740,336,2642,332,59493
ACSSF,2012e1,co,000,0009,0000106,,,,,,,,,,,,,,,,,,,,,,,,,,,,,,,,,,,,,,,,,,,,,,,,,,,,,,,,,,,,,,,,,,,,,,,,,,,,,,,,,,,,,,,,,,,,,,,,,,,,,,,,,,,,,170369,10604,215,301,410,1908,3962,17528,1193,6437,1071,29606,91,1144,16705,7692,878,3654,4309,63,311,5899,4193,258,66,3078,174,177,1892,554,45996
ACSSF,2012e1,co,000,0009,0000107,,,,,,,,,,,,,,,,,,,,,,,,,,,,,,,,,,,,,,,,,,,,,,,,,,,,,,,,,,,,,,,,,,,,,,,,,,,,,,,,,,,,,,,,,,,,,,,,,,,,,,,,,,,,,114562,4653,131,261,247,402,1207,7831,1251,1713,260,22380,239,160,9746,2875,127,2002,1417,203,706,920,1549,143,866,2188,314,132,985,0,49654
ACSSF,2012e1,co,000,0009,0000108,,,,,,,,,,,,,,,,,,,,,,,,,,,,,,,,,,,,,,,,,,,,,,,,,,,,,,,,,,,,,,,,,,,,,,,,,,,,,,,,,,,,,,,,,,,,,,,,,,,,,,,,,,,,,85273,1630,1068,243,80,395,1118,4872,194,1021,265,11809,0,41,7395,4487,55,987,765,80,103,490,894,68,243,485,188,74,245,1133,44845
ACSSF,2012e1,co,000,0009,0000109,,,,,,,,,,,,,,,,,,,,,,,,,,,,,,,,,,,,,,,,,,,,,,,,,,,,,,,,,,,,,,,,,,,,,,,,,,,,,,,,,,,,,,,,,,,,,,,,,,,,,,,,,,,,,682383,24740,1745,4464,4522,5172,9405,64860,12421,20066,3787,135387,2056,2852,78148,38461,641,13862,18423,1472,6790,7222,16164,666,1255,19092,2749,1355,4342,132,180132
ACSSF,2012e1,co,000,0009,0000110,,,,,,,,,,,,,,,,,,,,,,,,,,,,,,,,,,,,,,,,,,,,,,,,,,,,,,,,,,,,,,,,,,,,,,,,,,,,,,,,,,,,,,,,,,,,,,,,,,,,,,,,,,,,,120624,5830,633,618,1060,378,2451,11984,3429,3396,378,23471,599,421,16143,6854,248,2691,3492,37,1197,590,2346,172,9,2723,1026,126,869,0,27453
ACSSF,2012e1,co,000,0009,0000111,,,,,,,,,,,,,,,,,,,,,,,,,,,,,,,,,,,,,,,,,,,,,,,,,,,,,,,,,,,,,,,,,,,,,,,,,,,,,,,,,,,,,,,,,,,,,,,,,,,,,,,,,,,,,178113,9781,144,1257,551,1554,2222,18678,3543,4206,1623,30289,667,1093,17727,8612,246,3220,4177,65,1614,1719,4026,63,718,5329,589,285,1311,323,52481
ACSSF,2012e1,co,000,0009,0000112,,,,,,,,,,,,,,,,,,,,,,,,,,,,,,,,,,,,,,,,,,,,,,,,,,,,,,,,,,,,,,,,,,,,,,,,,,,,,,,,,,,,,,,,,,,,,,,,,,,,,,,,,,,,,139007,5557,111,762,2079,2210,2094,15563,4114,3997,481,35257,110,227,17204,5684,133,3324,3474,424,2451,2793,2264,0,616,3256,424,36,1027,322,23013
ACSSF,2012e1,co,000,0009,0000113,,,,,,,,,,,,,,,,,,,,,,,,,,,,,,,,,,,,,,,,,,,,,,,,,,,,,,,,,,,,,,,,,,,,,,,,,,,,,,,,,,,,,,,,,,,,,,,,,,,,,,,,,,,,,128971,3939,223,155,203,255,1110,7707,365,2206,281,14892,195,584,9008,5410,173,1430,1216,27,409,881,1936,138,174,1219,92,0,494,0,74249
ACSSF,2012e1,co,000,0009,0000114,,,,,,,,,,,,,,,,,,,,,,,,,,,,,,,,,,,,,,,,,,,,,,,,,,,,,,,,,,,,,,,,,,,,,,,,,,,,,,,,,,,,,,,,,,,,,,,,,,,,,,,,,,,,,284415,23954,1074,1745,1855,1089,4370,19814,4167,4277,1000,43913,535,70,24381,14509,247,5670,5375,356,2146,2837,5262,478,298,4132,1154,288,2597,454,106368
ACSSF,2012e1,co,000,0009,0000115,,,,,,,,,,,,,,,,,,,,,,,,,,,,,,,,,,,,,,,,,,,,,,,,,,,,,,,,,,,,,,,,,,,,,,,,,,,,,,,,,,,,,,,,,,,,,,,,,,,,,,,,,,,,,78372,3039,341,0,87,530,621,3516,1036,1184,167,8552,168,395,5929,3436,50,812,638,130,344,725,1216,0,276,1002,114,31,263,41,43729
