ACSSF,2012e1,co,000,0004,0000001,5187582,4376673,218292,47949,147082,5308,219565,172713,39720,132993,,,,,,,,,,,,,,,,,,,,,,,,,,,,,,,,,,,,,,,,,,,,,,,,,,,,,,,,,,,,,,,,,,,,,,,,4527141,264690,103105,200532,13755,262683,,,,,,,,,,,,,,,,,,,,,,,,,,,,,,,,,,,,,,,,,,,,,,,,,,,,,,,,147082,21720,366,0,3092,2437,29393,12753,3865,2710,12748,17831,4597,217,582,2897,0,2152,111,473,1471,22558,0,2570,2539,,,,,,,,,,,,,5187582,5014869,4376673,218292,47949,147082,5308,219565,172713,39720,132993,161622,28043,42317,37736,2896,50630,10571,520,47949,33359,4234,1433,8028,2973,16691,755,13835,147082,21720,29866,12753,12748,17831,22558,29606,5308,1534,1184,1419,1171
ACSSF,2012e1,co,000,0004,0000002,4480934,3721603,211282,38094,141958,4828,204064,159105,37534,121571,,,,,,,,,,,,,,,,,,,,,,,,,,,,,,,,,,,,,,,,,,,,,,,,,,,,,,,,,,,,,,,,,,,,,,,,3859244,255566,86522,192376,12883,244877,,,,,,,,,,,,,,,,,,,,,,,,,,,,,,,,,,,,,,,,,,,,,,,,,,,,,,,,,,,,,,,,,,,,,,,,,,,,,,,,,,,,,,,,,,,,,4480934,4321829,3721603,211282,38094,141958,4828,204064,159105,37534,121571,148196,26097,35933,35304,2878,47984,10389,520,38094,25842,3587,764,6410,2799,12282,442,11810,141958,21363,28869,11843,11656,17032,22396,28799,4828,1422,1184,1413,809
ACSSF,2012e1,co,000,0004,0000003,706648,655070,7010,9855,5124,480,15501,13608,2186,11422,,,,,,,,,,,,,,,,,,,,,,,,,,,,,,,,,,,,,,,,,,,,,,,,,,,,,,,,,,,,,,,,,,,,,,,,667897,9124,16583,8156,872,17806,,,,,,,,,,,,,,,,,,,,,,,,,,,,,,,,,,,,,,,,,,,,,,,,,,,,,,,,,,,,,,,,,,,,,,,,,,,,,,,,,,,,,,,,,,,,,706648,693040,655070,7010,9855,5124,480,15501,13608,2186,11422,13426,1946,6384,2432,18,2646,182,0,9855,7517,647,669,1618,174,4409,313,2025,5124,357,997,910,1092,799,162,807,,,,,
ACSSF,2012e1,co,000,0004,0000004,4780840,4012571,212262,40313,144041,5128,200866,165659,38139,127520,,,,,,,,,,,,,,,,,,,,,,,,,,,,,,,,,,,,,,,,,,,,,,,,,,,,,,,,,,,,,,,,,,,,,,,,4156515,258075,91442,196432,13243,242284,,,,,,,,,,,,,,,,,,,,,,,,,,,,,,,,,,,,,,,,,,,,,,,,,,,,,,,,,,,,,,,,,,,,,,,,,,,,,,,,,,,,,,,,,,,,,4780840,4615181,4012571,212262,40313,144041,5128,200866,165659,38139,127520,154687,27543,38509,37073,2878,48684,10452,520,40313,27550,3709,1433,5171,2861,14376,702,12061,144041,21607,28804,12265,12254,17401,22389,29321,5128,1473,1184,1311,1160
ACSSF,2012e1,co,000,0004,0000005,4501758,3763047,206461,34030,143243,4369,189673,160935,36475,124460,,,,,,,,,,,,,,,,,,,,,,,,,,,,,,,,,,,,,,,,,,,,,,,,,,,,,,,,,,,,,,,,,,,,,,,,3902965,251092,83083,194856,12465,229424,,,,,,,,,,,,,,,,,,,,,,,,,,,,,,,,,,,,,,,,,,,,,,,,,,,,,,,,,,,,,,,,,,,,,,,,,,,,,,,,,,,,,,,,,,,,,4501758,4340823,3763047,206461,34030,143243,4369,189673,160935,36475,124460,150260,26897,36889,36576,2878,47020,10158,517,34030,22886,3498,918,4276,2769,11425,532,10612,143243,21607,28646,12086,12254,17338,22273,29039,4369,1116,1115,1305,833
ACSSF,2012e1,co,000,0004,0000006,2046943,1590591,159456,16573,65744,2524,125568,86487,22557,63930,,,,,,,,,,,,,,,,,,,,,,,,,,,,,,,,,,,,,,,,,,,,,,,,,,,,,,,,,,,,,,,,,,,,,,,,1662431,186148,40559,92809,7410,149680,,,,,,,,,,,,,,,,,,,,,,,,,,,,,,,,,,,,,,,,,,,,,,,,,,,,,,,,,,,,,,,,,,,,,,,,,,,,,,,,,,,,,,,,,,,,,2046943,1960456,1590591,159456,16573,65744,2524,125568,86487,22557,63930,81083,15204,16256,18081,2160,29382,5201,203,16573,11379,1777,349,1715,555,6983,134,5060,65744,7761,13194,6174,5592,10337,8692,13994,2524,454,876,470,724
ACSSF,2012e1,co,000,0004,0000007,2454815,2172456,47005,17457,77499,1845,64105,74448,13918,60530,,,,,,,,,,,,,,,,,,,,,,,,,,,,,,,,,,,,,,,,,,,,,,,,,,,,,,,,,,,,,,,,,,,,,,,,2240534,64944,42524,102047,5055,79744,,,,,,,,,,,,,,,,,,,,,,,,,,,,,,,,,,,,,,,,,,,,,,,,,,,,,,,,,,,,,,,,,,,,,,,,,,,,,,,,,,,,,,,,,,,,,2454815,2380367,2172456,47005,17457,77499,1845,64105,74448,13918,60530,69177,11693,20633,18495,718,17638,4957,314,17457,11507,1721,569,2561,2214,4442,398,5552,77499,13846,15452,5912,6662,7001,13581,15045,,,,,
ACSSF,2012e1,co,000,0004,0000008,279082,249524,5801,6283,798,759,11193,4724,1664,3060,,,,,,,,,,,,,,,,,,,,,,,,,,,,,,,,,,,,,,,,,,,,,,,,,,,,,,,,,,,,,,,,,,,,,,,,253550,6983,8359,1576,778,12860,,,,,,,,,,,,,,,,,,,,,,,,,,,,,,,,,,,,,,,,,,,,,,,,,,,,,,,,,,,,,,,,,,,,,,,,,,,,,,,,,,,,,,,,,,,,,279082,274358,249524,5801,6283,798,759,11193,4724,1664,3060,4427,646,1620,497,0,1664,294,3,6283,4664,211,515,895,92,2951,170,1449,,,,,,,,,,,,,
ACSSF,2012e1,co,000,0004,0000009,91910,84204,2105,1784,221,403,1659,1534,540,994,,,,,,,,,,,,,,,,,,,,,,,,,,,,,,,,,,,,,,,,,,,,,,,,,,,,,,,,,,,,,,,,,,,,,,,,85738,2121,2552,447,,2202,,,,,,,,,,,,,,,,,,,,,,,,,,,,,,,,,,,,,,,,,,,,,,,,,,,,,,,,,,,,,,,,,,,,,,,,,,,,,,,,,,,,,,,,,,,,,,,,,,,,,,,,,,,,,,,,,,,,,,,,,,,,,,,,,,,,,
ACSSF,2012e1,co,000,0004,0000010,187172,165320,3696,4499,577,356,9534,3190,1124,2066,,,,,,,,,,,,,,,,,,,,,,,,,,,,,,,,,,,,,,,,,,,,,,,,,,,,,,,,,,,,,,,,,,,,,,,,167812,4862,5807,1129,,10658,,,,,,,,,,,,,,,,,,,,,,,,,,,,,,,,,,,,,,,,,,,,,,,,,,,,,,,,,,,,,,,,,,,,,,,,,,,,,,,,,,,,,,,,,,,,,187172,183982,165320,3696,4499,577,356,9534,3190,1124,2066,2909,646,868,271,0,1124,281,0,4499,3386,211,515,286,42,2332,0,1113,,,,,,,,,,,,,
ACSSF,2012e1,co,000,0004,0000011,406742,364102,6030,7636,3041,180,18699,7054,1581,5473,,,,,,,,,,,,,,,,,,,,,,,,,,,,,,,,,,,,,,,,,,,,,,,,,,,,,,,,,,,,,,,,,,,,,,,,370626,6615,11663,4100,512,20399,,,,,,,,,,,,,,,,,,,,,,,,,,,,,,,,,,,,,,,,,,,,,,,,,,,,,,,,,,,,,,,,,,,,,,,,,,,,,,,,,,,,,,,,,,,,,406742,399688,364102,6030,7636,3041,180,18699,7054,1581,5473,6935,500,3808,663,18,1946,119,0,7636,5809,525,0,2857,112,2315,53,1774,3041,113,1062,488,494,430,169,285,,,,,
ACSSF,2012e1,co,000,0004,0000012,685824,613626,11831,13919,3839,939,29892,11778,3245,8533,,,,,,,,,,,,,,,,,,,,,,,,,,,,,,,,,,,,,,,,,,,,,,,,,,,,,,,,,,,,,,,,,,,,,,,,624176,13598,20022,5676,1290,33259,,,,,,,,,,,,,,,,,,,,,,,,,,,,,,,,,,,,,,,,,,,,,,,,,,,,,,,,,,,,,,,,,,,,,,,,,,,,,,,,,,,,,,,,,,,,,685824,674046,613626,11831,13919,3839,939,29892,11778,3245,8533,11362,1146,5428,1160,18,3610,413,3,13919,10473,736,515,3752,204,5266,223,3223,3839,113,1220,667,494,493,285,567,,,,,
ACSSF,2012e1,co,000,0004,0000013,459598,380017,14776,3540,16944,406,27086,16829,3148,13681,,,,,,,,,,,,,,,,,,,,,,,,,,,,,,,,,,,,,,,,,,,,,,,,,,,,,,,,,,,,,,,,,,,,,,,,395693,18474,11446,20554,1145,30267,,,,,,,,,,,,,,,,,,,,,,,,,,,,,,,,,,,,,,,,,,,,,,,,,,,,,,,,,,,,,,,,,,,,,,,,,,,,,,,,,,,,,,,,,,,,,459598,442769,380017,14776,3540,16944,406,27086,16829,3148,13681,15677,2344,6575,2813,153,3792,1152,0,,,,,,,,,,16944,1717,2426,1323,1199,813,3726,5740,,,,,
ACSSF,2012e1,co,000,0004,0000014,595546,445459,61781,4689,31856,1177,23048,27536,10160,17376,,,,,,,,,,,,,,,,,,,,,,,,,,,,,,,,,,,,,,,,,,,,,,,,,,,,,,,,,,,,,,,,,,,,,,,,468219,72169,10866,38102,2110,34020,,,,,,,,,,,,,,,,,,,,,,,,,,,,,,,,,,,,,,,,,,,,,,,,,,,,,,,,,,,,,,,,,,,,,,,,,,,,,,,,,,,,,,,,,,,,,595546,568010,445459,61781,4689,31856,1177,23048,27536,10160,17376,25192,5529,3155,4148,911,11449,2284,60,4689,3877,264,131,141,278,3063,49,763,31856,7066,4344,2006,1755,4052,6083,6550,,,,,
ACSSF,2012e1,co,000,0004,0000015,305318,270200,3354,1174,14208,19,9585,6778,434,6344,,,,,,,,,,,,,,,,,,,,,,,,,,,,,,,,,,,,,,,,,,,,,,,,,,,,,,,,,,,,,,,,,,,,,,,,276935,5193,3366,16673,,10105,,,,,,,,,,,,,,,,,,,,,,,,,,,,,,,,,,,,,,,,,,,,,,,,,,,,,,,,,,,,,,,,,,,,,,,,,,,,,,,,,,,,,,,,,,,,,305318,298540,270200,3354,1174,14208,19,9585,6778,434,6344,6357,1424,2079,2157,0,697,384,37,,,,,,,,,,14208,2217,3449,892,1126,1212,2349,2963,,,,,
ACSSF,2012e1,co,000,0004,0000016,634265,479745,64566,5941,21689,464,39761,22099,6071,16028,,,,,,,,,,,,,,,,,,,,,,,,,,,,,,,,,,,,,,,,,,,,,,,,,,,,,,,,,,,,,,,,,,,,,,,,497617,70449,12173,30041,1139,46147,,,,,,,,,,,,,,,,,,,,,,,,,,,,,,,,,,,,,,,,,,,,,,,,,,,,,,,,,,,,,,,,,,,,,,,,,,,,,,,,,,,,,,,,,,,,,634265,612166,479745,64566,5941,21689,464,39761,22099,6071,16028,20897,3785,3993,5483,275,7361,1202,0,5941,3623,665,151,570,189,2048,0,2318,21689,2991,4146,1244,1851,2687,2871,5899,,,,,
ACSSF,2012e1,co,000,0004,0000017,298215,271346,3688,858,12212,153,3277,6681,1268,5413,,,,,,,,,,,,,,,,,,,,,,,,,,,,,,,,,,,,,,,,,,,,,,,,,,,,,,,,,,,,,,,,,,,,,,,,277064,5948,2187,15282,275,4616,,,,,,,,,,,,,,,,,,,,,,,,,,,,,,,,,,,,,,,,,,,,,,,,,,,,,,,,,,,,,,,,,,,,,,,,,,,,,,,,,,,,,,,,,,,,,298215,291534,271346,3688,858,12212,153,3277,6681,1268,5413,6205,1353,1249,1711,0,1892,476,0,,,,,,,,,,12212,2832,4116,134,825,863,2039,1403,,,,,
ACSSF,2012e1,co,000,0004,0000018,644964,527453,41251,3980,16719,1362,22170,32029,2920,29109,,,,,,,,,,,,,,,,,,,,,,,,,,,,,,,,,,,,,,,,,,,,,,,,,,,,,,,,,,,,,,,,,,,,,,,,555115,53278,12172,29657,3850,25567,,,,,,,,,,,,,,,,,,,,,,,,,,,,,,,,,,,,,,,,,,,,,,,,,,,,,,,,,,,,,,,,,,,,,,,,,,,,,,,,,,,,,,,,,,,,,644964,612935,527453,41251,3980,16719,1362,22170,32029,2920,29109,29738,7059,6287,8803,626,6963,1936,355,3980,2650,782,154,478,26,1210,14,1316,16719,1226,2995,4103,1324,5022,1126,923,,,,,
ACSSF,2012e1,co,000,0004,0000019,545358,495398,6650,5189,13596,69,9343,15113,2741,12372,,,,,,,,,,,,,,,,,,,,,,,,,,,,,,,,,,,,,,,,,,,,,,,,,,,,,,,,,,,,,,,,,,,,,,,,508395,9342,10064,19537,1690,12526,,,,,,,,,,,,,,,,,,,,,,,,,,,,,,,,,,,,,,,,,,,,,,,,,,,,,,,,,,,,,,,,,,,,,,,,,,,,,,,,,,,,,,,,,,,,,545358,530245,495398,6650,5189,13596,69,9343,15113,2741,12372,14086,1335,3778,4194,546,4233,971,56,,,,,,,,,,13596,1002,3417,924,2018,943,2431,2861,,,,,
ACSSF,2012e1,co,000,0004,0000020,310487,281231,2963,1278,5803,373,7906,10933,2040,8893,,,,,,,,,,,,,,,,,,,,,,,,,,,,,,,,,,,,,,,,,,,,,,,,,,,,,,,,,,,,,,,,,,,,,,,,291323,5693,5018,9339,,10084,,,,,,,,,,,,,,,,,,,,,,,,,,,,,,,,,,,,,,,,,,,,,,,,,,,,,,,,,,,,,,,,,,,,,,,,,,,,,,,,,,,,,,,,,,,,,310487,299554,281231,2963,1278,5803,373,7906,10933,2040,8893,10375,1920,3204,2686,128,2437,558,0,,,,,,,,,,5803,955,1994,427,937,703,359,428,,,,,
ACSSF,2012e1,co,000,0004,0000021,147848,136439,920,1598,766,196,3447,4482,735,3747,,,,,,,,,,,,,,,,,,,,,,,,,,,,,,,,,,,,,,,,,,,,,,,,,,,,,,,,,,,,,,,,,,,,,,,,140630,1752,3508,1999,479,4191,,,,,,,,,,,,,,,,,,,,,,,,,,,,,,,,,,,,,,,,,,,,,,,,,,,,,,,,,,,,,,,,,,,,,,,,,,,,,,,,,,,,,,,,,,,,,147848,143366,136439,920,1598,766,196,3447,4482,735,3747,4262,671,1715,850,112,914,211,9,,,,,,,,,,,,,,,,,,,,,,
ACSSF,2012e1,co,000,0004,0000022,160852,128522,3280,2869,744,95,17550,7792,4037,3755,,,,,,,,,,,,,,,,,,,,,,,,,,,,,,,,,,,,,,,,,,,,,,,,,,,,,,,,,,,,,,,,,,,,,,,,134569,4346,5195,2218,,22146,,,,,,,,,,,,,,,,,,,,,,,,,,,,,,,,,,,,,,,,,,,,,,,,,,,,,,,,,,,,,,,,,,,,,,,,,,,,,,,,,,,,,,,,,,,,,160852,153060,128522,3280,2869,744,95,17550,7792,4037,3755,7233,456,1358,1110,0,4309,559,0,2869,1470,300,25,682,45,418,0,1399,,,,,,,,,,,,,
ACSSF,2012e1,co,000,0004,0000023,263691,222649,2771,2589,3897,35,25031,6719,2257,4462,,,,,,,,,,,,,,,,,,,,,,,,,,,,,,,,,,,,,,,,,,,,,,,,,,,,,,,,,,,,,,,,,,,,,,,,228873,3838,5065,5205,,27622,,,,,,,,,,,,,,,,,,,,,,,,,,,,,,,,,,,,,,,,,,,,,,,,,,,,,,,,,,,,,,,,,,,,,,,,,,,,,,,,,,,,,,,,,,,,,263691,256972,222649,2771,2589,3897,35,25031,6719,2257,4462,6301,879,1805,1181,127,2309,418,0,,,,,,,,,,3897,949,584,314,588,174,420,868,,,,,
ACSSF,2012e1,co,000,0004,0000024,109315,98113,984,1058,1907,26,4207,3020,613,2407,,,,,,,,,,,,,,,,,,,,,,,,,,,,,,,,,,,,,,,,,,,,,,,,,,,,,,,,,,,,,,,,,,,,,,,,101047,1629,1673,2900,308,5074,,,,,,,,,,,,,,,,,,,,,,,,,,,,,,,,,,,,,,,,,,,,,,,,,,,,,,,,,,,,,,,,,,,,,,,,,,,,,,,,,,,,,,,,,,,,,109315,106295,98113,984,1058,1907,26,4207,3020,613,2407,2724,396,438,951,86,853,296,0,,,,,,,,,,,,,,,,,,,,,,
ACSSF,2012e1,co,000,0004,0000025,338835,223122,56817,3243,14916,808,20053,19876,6980,12896,,,,,,,,,,,,,,,,,,,,,,,,,,,,,,,,,,,,,,,,,,,,,,,,,,,,,,,,,,,,,,,,,,,,,,,,239370,65092,7937,18862,1831,27434,,,,,,,,,,,,,,,,,,,,,,,,,,,,,,,,,,,,,,,,,,,,,,,,,,,,,,,,,,,,,,,,,,,,,,,,,,,,,,,,,,,,,,,,,,,,,338835,318959,223122,56817,3243,14916,808,20053,19876,6980,12896,18121,4184,2367,2355,892,8323,1695,60,,,,,,,,,,14916,1331,2441,1083,572,1674,3168,4647,,,,,
ACSSF,2012e1,co,000,0004,0000026,101812,91562,1352,93,3726,19,2198,2862,287,2575,,,,,,,,,,,,,,,,,,,,,,,,,,,,,,,,,,,,,,,,,,,,,,,,,,,,,,,,,,,,,,,,,,,,,,,,94381,2020,1141,4429,,2485,,,,,,,,,,,,,,,,,,,,,,,,,,,,,,,,,,,,,,,,,,,,,,,,,,,,,,,,,,,,,,,,,,,,,,,,,,,,,,,,,,,,,,,,,,,,,101812,98950,91562,1352,93,3726,19,2198,2862,287,2575,2798,561,984,703,0,550,64,0,,,,,,,,,,3726,158,1485,140,633,497,23,790,,,,,
ACSSF,2012e1,co,000,0004,0000027,103735,88763,2561,817,4805,319,3487,2983,1015,1968,,,,,,,,,,,,,,,,,,,,,,,,,,,,,,,,,,,,,,,,,,,,,,,,,,,,,,,,,,,,,,,,,,,,,,,,91518,3255,1702,5606,,4835,,,,,,,,,,,,,,,,,,,,,,,,,,,,,,,,,,,,,,,,,,,,,,,,,,,,,,,,,,,,,,,,,,,,,,,,,,,,,,,,,,,,,,,,,,,,,103735,100752,88763,2561,817,4805,319,3487,2983,1015,1968,2466,511,486,407,0,1062,517,0,,,,,,,,,,4805,1119,521,373,695,958,25,1114,,,,,
ACSSF,2012e1,co,000,0004,0000028,431846,348013,28963,2172,13552,636,19189,19321,2311,17010,,,,,,,,,,,,,,,,,,,,,,,,,,,,,,,,,,,,,,,,,,,,,,,,,,,,,,,,,,,,,,,,,,,,,,,,363552,36440,6567,21632,2530,21633,,,,,,,,,,,,,,,,,,,,,,,,,,,,,,,,,,,,,,,,,,,,,,,,,,,,,,,,,,,,,,,,,,,,,,,,,,,,,,,,,,,,,,,,,,,,,431846,412525,348013,28963,2172,13552,636,19189,19321,2311,17010,18268,3908,3040,5153,626,5541,919,134,2172,1502,222,0,470,0,810,14,656,13552,1226,2135,2993,1226,4031,1126,815,,,,,
ACSSF,2012e1,co,000,0004,0000029,634265,479745,64566,5941,21689,464,39761,22099,6071,16028,,,,,,,,,,,,,,,,,,,,,,,,,,,,,,,,,,,,,,,,,,,,,,,,,,,,,,,,,,,,,,,,,,,,,,,,497617,70449,12173,30041,1139,46147,,,,,,,,,,,,,,,,,,,,,,,,,,,,,,,,,,,,,,,,,,,,,,,,,,,,,,,,,,,,,,,,,,,,,,,,,,,,,,,,,,,,,,,,,,,,,634265,612166,479745,64566,5941,21689,464,39761,22099,6071,16028,20897,3785,3993,5483,275,7361,1202,0,5941,3623,665,151,570,189,2048,0,2318,21689,2991,4146,1244,1851,2687,2871,5899,,,,,
ACSSF,2012e1,co,000,0004,0000030,148634,131686,2081,751,4415,373,2792,6536,1072,5464,,,,,,,,,,,,,,,,,,,,,,,,,,,,,,,,,,,,,,,,,,,,,,,,,,,,,,,,,,,,,,,,,,,,,,,,137593,3922,2922,6693,,4002,,,,,,,,,,,,,,,,,,,,,,,,,,,,,,,,,,,,,,,,,,,,,,,,,,,,,,,,,,,,,,,,,,,,,,,,,,,,,,,,,,,,,,,,,,,,,148634,142098,131686,2081,751,4415,373,2792,6536,1072,5464,6184,1121,1922,1634,38,1469,352,0,,,,,,,,,,4415,841,1548,187,705,578,239,317,,,,,
ACSSF,2012e1,co,000,0004,0000031,95365,69531,2114,1532,1776,35,17005,3372,1595,1777,,,,,,,,,,,,,,,,,,,,,,,,,,,,,,,,,,,,,,,,,,,,,,,,,,,,,,,,,,,,,,,,,,,,,,,,72582,2556,2778,2071,,18600,,,,,,,,,,,,,,,,,,,,,,,,,,,,,,,,,,,,,,,,,,,,,,,,,,,,,,,,,,,,,,,,,,,,,,,,,,,,,,,,,,,,,,,,,,,,,95365,91993,69531,2114,1532,1776,35,17005,3372,1595,1777,3372,315,1040,295,127,1595,0,0,,,,,,,,,,,,,,,,,,,,,,
ACSSF,2012e1,co,000,0004,0000032,101898,90853,508,207,7763,0,626,1941,777,1164,,,,,,,,,,,,,,,,,,,,,,,,,,,,,,,,,,,,,,,,,,,,,,,,,,,,,,,,,,,,,,,,,,,,,,,,92392,1014,406,8836,,1403,,,,,,,,,,,,,,,,,,,,,,,,,,,,,,,,,,,,,,,,,,,,,,,,,,,,,,,,,,,,,,,,,,,,,,,,,,,,,,,,,,,,,,,,,,,,,,,,,,,,,,,,,,,,,,,,,,,,,,,,,7763,2147,2285,58,186,394,1960,733,,,,,
ACSSF,2012e1,co,000,0004,0000033,145522,129486,2412,2336,4654,0,2042,4592,767,3825,,,,,,,,,,,,,,,,,,,,,,,,,,,,,,,,,,,,,,,,,,,,,,,,,,,,,,,,,,,,,,,,,,,,,,,,133009,3633,3870,6343,661,2849,,,,,,,,,,,,,,,,,,,,,,,,,,,,,,,,,,,,,,,,,,,,,,,,,,,,,,,,,,,,,,,,,,,,,,,,,,,,,,,,,,,,,,,,,,,,,145522,140930,129486,2412,2336,4654,0,2042,4592,767,3825,4341,457,863,1081,460,1480,251,0,,,,,,,,,,4654,402,1599,185,1075,245,870,278,,,,,
ACSSF,2012e1,co,000,0004,0000034,88636,76416,1832,464,3624,0,4497,1803,125,1678,,,,,,,,,,,,,,,,,,,,,,,,,,,,,,,,,,,,,,,,,,,,,,,,,,,,,,,,,,,,,,,,,,,,,,,,78219,2568,871,4376,,4622,,,,,,,,,,,,,,,,,,,,,,,,,,,,,,,,,,,,,,,,,,,,,,,,,,,,,,,,,,,,,,,,,,,,,,,,,,,,,,,,,,,,,,,,,,,,,88636,86833,76416,1832,464,3624,0,4497,1803,125,1678,1586,519,407,535,0,125,217,0,,,,,,,,,,,,,,,,,,,,,,
ACSSF,2012e1,co,000,0004,0000035,70214,61977,108,155,747,0,4606,2621,660,1961,,,,,,,,,,,,,,,,,,,,,,,,,,,,,,,,,,,,,,,,,,,,,,,,,,,,,,,,,,,,,,,,,,,,,,,,64508,,1291,1288,,5266,,,,,,,,,,,,,,,,,,,,,,,,,,,,,,,,,,,,,,,,,,,,,,,,,,,,,,,,,,,,,,,,,,,,,,,,,,,,,,,,,,,,,,,,,,,,,,,,,,,,,,,,,,,,,,,,,,,,,,,,,,,,,,,,,,,,,
ACSSF,2012e1,co,000,0004,0000036,107775,79933,2736,2134,430,0,16188,6354,3137,3217,,,,,,,,,,,,,,,,,,,,,,,,,,,,,,,,,,,,,,,,,,,,,,,,,,,,,,,,,,,,,,,,,,,,,,,,84651,3693,4232,1743,,19884,,,,,,,,,,,,,,,,,,,,,,,,,,,,,,,,,,,,,,,,,,,,,,,,,,,,,,,,,,,,,,,,,,,,,,,,,,,,,,,,,,,,,,,,,,,,,107775,101421,79933,2736,2134,430,0,16188,6354,3137,3217,5795,425,1161,949,0,3260,559,0,,,,,,,,,,,,,,,,,,,,,,
ACSSF,2012e1,co,000,0004,0000037,124131,107507,1158,632,7043,78,4512,3201,426,2775,,,,,,,,,,,,,,,,,,,,,,,,,,,,,,,,,,,,,,,,,,,,,,,,,,,,,,,,,,,,,,,,,,,,,,,,110517,2042,1790,7997,,4938,,,,,,,,,,,,,,,,,,,,,,,,,,,,,,,,,,,,,,,,,,,,,,,,,,,,,,,,,,,,,,,,,,,,,,,,,,,,,,,,,,,,,,,,,,,,,124131,120930,107507,1158,632,7043,78,4512,3201,426,2775,2864,488,813,771,91,701,337,0,,,,,,,,,,7043,1321,1187,978,423,85,1794,1255,,,,,
ACSSF,2012e1,co,000,0004,0000038,109181,91743,1367,582,6700,0,3349,5440,822,4618,,,,,,,,,,,,,,,,,,,,,,,,,,,,,,,,,,,,,,,,,,,,,,,,,,,,,,,,,,,,,,,,,,,,,,,,96327,2211,2720,8798,,4171,,,,,,,,,,,,,,,,,,,,,,,,,,,,,,,,,,,,,,,,,,,,,,,,,,,,,,,,,,,,,,,,,,,,,,,,,,,,,,,,,,,,,,,,,,,,,109181,103741,91743,1367,582,6700,0,3349,5440,822,4618,5248,548,1763,1428,62,1447,192,0,,,,,,,,,,6700,416,379,435,348,543,771,3808,,,,,
ACSSF,2012e1,co,000,0004,0000039,101812,91562,1352,93,3726,19,2198,2862,287,2575,,,,,,,,,,,,,,,,,,,,,,,,,,,,,,,,,,,,,,,,,,,,,,,,,,,,,,,,,,,,,,,,,,,,,,,,94381,2020,1141,4429,,2485,,,,,,,,,,,,,,,,,,,,,,,,,,,,,,,,,,,,,,,,,,,,,,,,,,,,,,,,,,,,,,,,,,,,,,,,,,,,,,,,,,,,,,,,,,,,,101812,98950,91562,1352,93,3726,19,2198,2862,287,2575,2798,561,984,703,0,550,64,0,,,,,,,,,,3726,158,1485,140,633,497,23,790,,,,,
ACSSF,2012e1,co,000,0004,0000040,431846,348013,28963,2172,13552,636,19189,19321,2311,17010,,,,,,,,,,,,,,,,,,,,,,,,,,,,,,,,,,,,,,,,,,,,,,,,,,,,,,,,,,,,,,,,,,,,,,,,363552,36440,6567,21632,2530,21633,,,,,,,,,,,,,,,,,,,,,,,,,,,,,,,,,,,,,,,,,,,,,,,,,,,,,,,,,,,,,,,,,,,,,,,,,,,,,,,,,,,,,,,,,,,,,431846,412525,348013,28963,2172,13552,636,19189,19321,2311,17010,18268,3908,3040,5153,626,5541,919,134,2172,1502,222,0,470,0,810,14,656,13552,1226,2135,2993,1226,4031,1126,815,,,,,
ACSSF,2012e1,co,000,0004,0000041,338835,223122,56817,3243,14916,808,20053,19876,6980,12896,,,,,,,,,,,,,,,,,,,,,,,,,,,,,,,,,,,,,,,,,,,,,,,,,,,,,,,,,,,,,,,,,,,,,,,,239370,65092,7937,18862,1831,27434,,,,,,,,,,,,,,,,,,,,,,,,,,,,,,,,,,,,,,,,,,,,,,,,,,,,,,,,,,,,,,,,,,,,,,,,,,,,,,,,,,,,,,,,,,,,,338835,318959,223122,56817,3243,14916,808,20053,19876,6980,12896,18121,4184,2367,2355,892,8323,1695,60,,,,,,,,,,14916,1331,2441,1083,572,1674,3168,4647,,,,,
ACSSF,2012e1,co,000,0004,0000042,634265,479745,64566,5941,21689,464,39761,22099,6071,16028,,,,,,,,,,,,,,,,,,,,,,,,,,,,,,,,,,,,,,,,,,,,,,,,,,,,,,,,,,,,,,,,,,,,,,,,497617,70449,12173,30041,1139,46147,,,,,,,,,,,,,,,,,,,,,,,,,,,,,,,,,,,,,,,,,,,,,,,,,,,,,,,,,,,,,,,,,,,,,,,,,,,,,,,,,,,,,,,,,,,,,634265,612166,479745,64566,5941,21689,464,39761,22099,6071,16028,20897,3785,3993,5483,275,7361,1202,0,5941,3623,665,151,570,189,2048,0,2318,21689,2991,4146,1244,1851,2687,2871,5899,,,,,
ACSSF,2012e1,co,000,0004,0000043,148634,131686,2081,751,4415,373,2792,6536,1072,5464,,,,,,,,,,,,,,,,,,,,,,,,,,,,,,,,,,,,,,,,,,,,,,,,,,,,,,,,,,,,,,,,,,,,,,,,137593,3922,2922,6693,,4002,,,,,,,,,,,,,,,,,,,,,,,,,,,,,,,,,,,,,,,,,,,,,,,,,,,,,,,,,,,,,,,,,,,,,,,,,,,,,,,,,,,,,,,,,,,,,148634,142098,131686,2081,751,4415,373,2792,6536,1072,5464,6184,1121,1922,1634,38,1469,352,0,,,,,,,,,,4415,841,1548,187,705,578,239,317,,,,,
ACSSF,2012e1,co,000,0004,0000044,70214,61977,108,155,747,0,4606,2621,660,1961,,,,,,,,,,,,,,,,,,,,,,,,,,,,,,,,,,,,,,,,,,,,,,,,,,,,,,,,,,,,,,,,,,,,,,,,64508,,1291,1288,,5266,,,,,,,,,,,,,,,,,,,,,,,,,,,,,,,,,,,,,,,,,,,,,,,,,,,,,,,,,,,,,,,,,,,,,,,,,,,,,,,,,,,,,,,,,,,,,,,,,,,,,,,,,,,,,,,,,,,,,,,,,,,,,,,,,,,,,
ACSSF,2012e1,co,000,0004,0000045,95365,69531,2114,1532,1776,35,17005,3372,1595,1777,,,,,,,,,,,,,,,,,,,,,,,,,,,,,,,,,,,,,,,,,,,,,,,,,,,,,,,,,,,,,,,,,,,,,,,,72582,2556,2778,2071,,18600,,,,,,,,,,,,,,,,,,,,,,,,,,,,,,,,,,,,,,,,,,,,,,,,,,,,,,,,,,,,,,,,,,,,,,,,,,,,,,,,,,,,,,,,,,,,,95365,91993,69531,2114,1532,1776,35,17005,3372,1595,1777,3372,315,1040,295,127,1595,0,0,,,,,,,,,,,,,,,,,,,,,,
ACSSF,2012e1,co,000,0004,0000046,107775,79933,2736,2134,430,0,16188,6354,3137,3217,,,,,,,,,,,,,,,,,,,,,,,,,,,,,,,,,,,,,,,,,,,,,,,,,,,,,,,,,,,,,,,,,,,,,,,,84651,3693,4232,1743,,19884,,,,,,,,,,,,,,,,,,,,,,,,,,,,,,,,,,,,,,,,,,,,,,,,,,,,,,,,,,,,,,,,,,,,,,,,,,,,,,,,,,,,,,,,,,,,,107775,101421,79933,2736,2134,430,0,16188,6354,3137,3217,5795,425,1161,949,0,3260,559,0,,,,,,,,,,,,,,,,,,,,,,
ACSSF,2012e1,co,000,0004,0000047,750153,581901,67616,6497,24849,464,42868,25958,7191,18767,,,,,,,,,,,,,,,,,,,,,,,,,,,,,,,,,,,,,,,,,,,,,,,,,,,,,,,,,,,,,,,,,,,,,,,,602767,74757,14314,34005,1158,50374,,,,,,,,,,,,,,,,,,,,,,,,,,,,,,,,,,,,,,,,,,,,,,,,,,,,,,,,,,,,,,,,,,,,,,,,,,,,,,,,,,,,,,,,,,,,,750153,724195,581901,67616,6497,24849,464,42868,25958,7191,18767,24694,4339,5312,6268,294,8481,1264,0,6497,3842,665,151,666,189,2171,0,2655,24849,2991,4711,1449,1953,3634,3924,6187,,,,,
ACSSF,2012e1,co,000,0004,0000048,743592,672359,5465,2414,21858,769,18730,21997,3726,18271,,,,,,,,,,,,,,,,,,,,,,,,,,,,,,,,,,,,,,,,,,,,,,,,,,,,,,,,,,,,,,,,,,,,,,,,692900,9996,10195,29444,1358,22680,,,,,,,,,,,,,,,,,,,,,,,,,,,,,,,,,,,,,,,,,,,,,,,,,,,,,,,,,,,,,,,,,,,,,,,,,,,,,,,,,,,,,,,,,,,,,743592,721595,672359,5465,2414,21858,769,18730,21997,3726,18271,21050,2996,7073,6467,128,4386,910,37,,,,,,,,,,21858,3149,6284,1280,2502,2094,1898,4651,,,,,
ACSSF,2012e1,co,000,0004,0000049,720338,630284,8121,15133,4475,774,43001,18550,5884,12666,,,,,,,,,,,,,,,,,,,,,,,,,,,,,,,,,,,,,,,,,,,,,,,,,,,,,,,,,,,,,,,,,,,,,,,,646525,10697,23129,8369,1787,49575,,,,,,,,,,,,,,,,,,,,,,,,,,,,,,,,,,,,,,,,,,,,,,,,,,,,,,,,,,,,,,,,,,,,,,,,,,,,,,,,,,,,,,,,,,,,,720338,701788,630284,8121,15133,4475,774,43001,18550,5884,12666,17368,1751,6367,2675,130,6445,1170,12,15133,10923,1063,144,4296,191,5229,186,4024,4475,205,1484,813,602,623,63,685,,,,,
ACSSF,2012e1,co,000,0004,0000050,738491,655012,11974,5840,12457,264,35185,17759,4001,13758,,,,,,,,,,,,,,,,,,,,,,,,,,,,,,,,,,,,,,,,,,,,,,,,,,,,,,,,,,,,,,,,,,,,,,,,671410,16192,11513,17612,831,39591,,,,,,,,,,,,,,,,,,,,,,,,,,,,,,,,,,,,,,,,,,,,,,,,,,,,,,,,,,,,,,,,,,,,,,,,,,,,,,,,,,,,,,,,,,,,,738491,720732,655012,11974,5840,12457,264,35185,17759,4001,13758,16860,3084,4856,3861,127,4932,899,0,5840,3370,457,140,480,515,1778,478,1992,12457,2151,2638,794,1414,1203,2619,1638,,,,,
ACSSF,2012e1,co,000,0004,0000051,740514,614930,44790,5288,17473,1385,23595,33053,3415,29638,,,,,,,,,,,,,,,,,,,,,,,,,,,,,,,,,,,,,,,,,,,,,,,,,,,,,,,,,,,,,,,,,,,,,,,,643538,56830,14087,30411,3873,27487,,,,,,,,,,,,,,,,,,,,,,,,,,,,,,,,,,,,,,,,,,,,,,,,,,,,,,,,,,,,,,,,,,,,,,,,,,,,,,,,,,,,,,,,,,,,,740514,707461,614930,44790,5288,17473,1385,23595,33053,3415,29638,30749,7059,6803,8803,626,7458,1949,355,5288,3386,895,550,558,26,1357,14,1888,17473,1463,3023,4420,1324,5022,1144,1077,,,,,
ACSSF,2012e1,co,000,0004,0000052,748467,570255,71290,5001,41644,1319,29088,29870,10662,19208,,,,,,,,,,,,,,,,,,,,,,,,,,,,,,,,,,,,,,,,,,,,,,,,,,,,,,,,,,,,,,,,,,,,,,,,595752,81889,11576,48922,2344,40595,,,,,,,,,,,,,,,,,,,,,,,,,,,,,,,,,,,,,,,,,,,,,,,,,,,,,,,,,,,,,,,,,,,,,,,,,,,,,,,,,,,,,,,,,,,,,748467,718597,570255,71290,5001,41644,1319,29088,29870,10662,19208,27189,6045,3605,4525,892,12122,2621,60,5001,4215,264,131,141,330,3349,49,737,41644,9655,6951,2204,1994,3590,8580,8670,,,,,
ACSSF,2012e1,co,000,0004,0000053,746027,651932,9036,7776,24326,333,27098,25526,4841,20685,,,,,,,,,,,,,,,,,,,,,,,,,,,,,,,,,,,,,,,,,,,,,,,,,,,,,,,,,,,,,,,,,,,,,,,,674249,14329,18291,31769,2404,32381,,,,,,,,,,,,,,,,,,,,,,,,,,,,,,,,,,,,,,,,,,,,,,,,,,,,,,,,,,,,,,,,,,,,,,,,,,,,,,,,,,,,,,,,,,,,,746027,720501,651932,9036,7776,24326,333,27098,25526,4841,20685,23712,2769,8301,5137,699,6806,1758,56,7776,5948,404,317,1590,1657,1980,0,1828,24326,2106,4775,1793,2959,1665,4330,6698,,,,,
ACSSF,2012e1,co,000,0004,0000054,108211,98653,3807,1276,380,73,1215,2807,675,2132,,,,,,,,,,,,,,,,,,,,,,,,,,,,,,,,,,,,,,,,,,,,,,,,,,,,,,,,,,,,,,,,,,,,,,,,101221,4282,2297,1000,328,1890,,,,,,,,,,,,,,,,,,,,,,,,,,,,,,,,,,,,,,,,,,,,,,,,,,,,,,,,,,,,,,,,,,,,,,,,,,,,,,,,,,,,,,,,,,,,,108211,105404,98653,3807,1276,380,73,1215,2807,675,2132,2807,441,1021,415,0,930,0,0,,,,,,,,,,,,,,,,,,,,,,
ACSSF,2012e1,co,000,0004,0000055,119938,109825,368,251,1023,0,4796,3675,756,2919,,,,,,,,,,,,,,,,,,,,,,,,,,,,,,,,,,,,,,,,,,,,,,,,,,,,,,,,,,,,,,,,,,,,,,,,113410,1396,1560,1770,,5552,,,,,,,,,,,,,,,,,,,,,,,,,,,,,,,,,,,,,,,,,,,,,,,,,,,,,,,,,,,,,,,,,,,,,,,,,,,,,,,,,,,,,,,,,,,,,119938,116263,109825,368,251,1023,0,4796,3675,756,2919,3469,938,1144,541,90,756,206,0,,,,,,,,,,,,,,,,,,,,,,
ACSSF,2012e1,co,000,0004,0000056,190549,171406,2595,1027,4780,373,3110,7258,1284,5974,,,,,,,,,,,,,,,,,,,,,,,,,,,,,,,,,,,,,,,,,,,,,,,,,,,,,,,,,,,,,,,,,,,,,,,,177913,4297,3458,7569,,4532,,,,,,,,,,,,,,,,,,,,,,,,,,,,,,,,,,,,,,,,,,,,,,,,,,,,,,,,,,,,,,,,,,,,,,,,,,,,,,,,,,,,,,,,,,,,,190549,183291,171406,2595,1027,4780,373,3110,7258,1284,5974,6906,982,2060,2145,38,1681,352,0,,,,,,,,,,4780,841,1548,341,741,604,359,346,,,,,
ACSSF,2012e1,co,000,0004,0000057,101913,88010,1485,706,1227,86,8792,1607,114,1493,,,,,,,,,,,,,,,,,,,,,,,,,,,,,,,,,,,,,,,,,,,,,,,,,,,,,,,,,,,,,,,,,,,,,,,,89617,1623,1787,1457,,8906,,,,,,,,,,,,,,,,,,,,,,,,,,,,,,,,,,,,,,,,,,,,,,,,,,,,,,,,,,,,,,,,,,,,,,,,,,,,,,,,,,,,,,,,,,,,,101913,100306,88010,1485,706,1227,86,8792,1607,114,1493,1607,138,1081,230,0,158,0,0,,,,,,,,,,,,,,,,,,,,,,
ACSSF,2012e1,co,000,0004,0000058,183379,149683,2274,2153,2106,35,21897,5231,1781,3450,,,,,,,,,,,,,,,,,,,,,,,,,,,,,,,,,,,,,,,,,,,,,,,,,,,,,,,,,,,,,,,,,,,,,,,,154593,3264,4030,2956,,23678,,,,,,,,,,,,,,,,,,,,,,,,,,,,,,,,,,,,,,,,,,,,,,,,,,,,,,,,,,,,,,,,,,,,,,,,,,,,,,,,,,,,,,,,,,,,,183379,178148,149683,2274,2153,2106,35,21897,5231,1781,3450,5170,802,1623,837,127,1781,61,0,,,,,,,,,,,,,,,,,,,,,,
ACSSF,2012e1,co,000,0004,0000059,110346,100423,603,605,583,368,6586,1178,659,519,,,,,,,,,,,,,,,,,,,,,,,,,,,,,,,,,,,,,,,,,,,,,,,,,,,,,,,,,,,,,,,,,,,,,,,,101029,1211,907,764,,7245,,,,,,,,,,,,,,,,,,,,,,,,,,,,,,,,,,,,,,,,,,,,,,,,,,,,,,,,,,,,,,,,,,,,,,,,,,,,,,,,,,,,,,,,,,,,,,,,,,,,,,,,,,,,,,,,,,,,,,,,,,,,,,,,,,,,,
ACSSF,2012e1,co,000,0004,0000060,104509,92487,3711,1739,477,49,3420,2626,460,2166,,,,,,,,,,,,,,,,,,,,,,,,,,,,,,,,,,,,,,,,,,,,,,,,,,,,,,,,,,,,,,,,,,,,,,,,95035,3762,3840,870,,3880,,,,,,,,,,,,,,,,,,,,,,,,,,,,,,,,,,,,,,,,,,,,,,,,,,,,,,,,,,,,,,,,,,,,,,,,,,,,,,,,,,,,,,,,,,,,,104509,101883,92487,3711,1739,477,49,3420,2626,460,2166,2325,31,1722,112,0,460,301,0,,,,,,,,,,,,,,,,,,,,,,
ACSSF,2012e1,co,000,0004,0000061,151982,120256,3251,2579,744,95,17550,7507,3858,3649,,,,,,,,,,,,,,,,,,,,,,,,,,,,,,,,,,,,,,,,,,,,,,,,,,,,,,,,,,,,,,,,,,,,,,,,126018,4286,4830,2218,,21967,,,,,,,,,,,,,,,,,,,,,,,,,,,,,,,,,,,,,,,,,,,,,,,,,,,,,,,,,,,,,,,,,,,,,,,,,,,,,,,,,,,,,,,,,,,,,151982,144475,120256,3251,2579,744,95,17550,7507,3858,3649,6948,425,1283,1110,0,4130,559,0,,,,,,,,,,,,,,,,,,,,,,
ACSSF,2012e1,co,000,0004,0000062,100662,89272,861,2057,366,46,5251,2809,1370,1439,,,,,,,,,,,,,,,,,,,,,,,,,,,,,,,,,,,,,,,,,,,,,,,,,,,,,,,,,,,,,,,,,,,,,,,,91874,942,3435,553,,6740,,,,,,,,,,,,,,,,,,,,,,,,,,,,,,,,,,,,,,,,,,,,,,,,,,,,,,,,,,,,,,,,,,,,,,,,,,,,,,,,,,,,,,,,,,,,,100662,97853,89272,861,2057,366,46,5251,2809,1370,1439,2690,81,1177,62,0,1370,119,0,,,,,,,,,,,,,,,,,,,,,,
ACSSF,2012e1,co,000,0004,0000063,108301,103986,131,195,1322,0,276,2391,592,1799,,,,,,,,,,,,,,,,,,,,,,,,,,,,,,,,,,,,,,,,,,,,,,,,,,,,,,,,,,,,,,,,,,,,,,,,106377,,568,2557,,868,,,,,,,,,,,,,,,,,,,,,,,,,,,,,,,,,,,,,,,,,,,,,,,,,,,,,,,,,,,,,,,,,,,,,,,,,,,,,,,,,,,,,,,,,,,,,,,,,,,,,,,,,,,,,,,,,,,,,,,,,,,,,,,,,,,,,
ACSSF,2012e1,co,000,0004,0000064,158080,140360,2248,585,5672,0,6218,2997,306,2691,,,,,,,,,,,,,,,,,,,,,,,,,,,,,,,,,,,,,,,,,,,,,,,,,,,,,,,,,,,,,,,,,,,,,,,,143306,2984,1508,6972,,6858,,,,,,,,,,,,,,,,,,,,,,,,,,,,,,,,,,,,,,,,,,,,,,,,,,,,,,,,,,,,,,,,,,,,,,,,,,,,,,,,,,,,,,,,,,,,,158080,155083,140360,2248,585,5672,0,6218,2997,306,2691,2423,519,538,1060,0,306,574,0,,,,,,,,,,5672,761,1036,503,147,574,2013,638,,,,,
ACSSF,2012e1,co,000,0004,0000065,118811,107988,1326,93,3808,19,2395,3182,287,2895,,,,,,,,,,,,,,,,,,,,,,,,,,,,,,,,,,,,,,,,,,,,,,,,,,,,,,,,,,,,,,,,,,,,,,,,111127,1932,1372,4662,,2682,,,,,,,,,,,,,,,,,,,,,,,,,,,,,,,,,,,,,,,,,,,,,,,,,,,,,,,,,,,,,,,,,,,,,,,,,,,,,,,,,,,,,,,,,,,,,118811,115629,107988,1326,93,3808,19,2395,3182,287,2895,3118,499,1215,854,0,550,64,0,,,,,,,,,,3808,158,1478,140,653,605,23,751,,,,,
ACSSF,2012e1,co,000,0004,0000066,148899,127328,617,751,11601,0,4077,4525,398,4127,,,,,,,,,,,,,,,,,,,,,,,,,,,,,,,,,,,,,,,,,,,,,,,,,,,,,,,,,,,,,,,,,,,,,,,,131353,1619,1812,13734,,4724,,,,,,,,,,,,,,,,,,,,,,,,,,,,,,,,,,,,,,,,,,,,,,,,,,,,,,,,,,,,,,,,,,,,,,,,,,,,,,,,,,,,,,,,,,,,,148899,144374,127328,617,751,11601,0,4077,4525,398,4127,4171,697,961,1542,0,971,317,37,,,,,,,,,,11601,2026,2108,713,729,777,1584,3664,,,,,
ACSSF,2012e1,co,000,0004,0000067,120321,104084,1522,274,6303,117,3514,4507,1194,3313,,,,,,,,,,,,,,,,,,,,,,,,,,,,,,,,,,,,,,,,,,,,,,,,,,,,,,,,,,,,,,,,,,,,,,,,108321,2131,2031,7661,,4708,,,,,,,,,,,,,,,,,,,,,,,,,,,,,,,,,,,,,,,,,,,,,,,,,,,,,,,,,,,,,,,,,,,,,,,,,,,,,,,,,,,,,,,,,,,,,120321,115814,104084,1522,274,6303,117,3514,4507,1194,3313,4366,364,1433,1274,62,1233,141,0,,,,,,,,,,6303,255,703,273,592,267,856,3357,,,,,
ACSSF,2012e1,co,000,0004,0000068,142417,121967,1416,1016,7030,78,6751,4159,511,3648,,,,,,,,,,,,,,,,,,,,,,,,,,,,,,,,,,,,,,,,,,,,,,,,,,,,,,,,,,,,,,,,,,,,,,,,125764,2428,2897,8089,497,7262,,,,,,,,,,,,,,,,,,,,,,,,,,,,,,,,,,,,,,,,,,,,,,,,,,,,,,,,,,,,,,,,,,,,,,,,,,,,,,,,,,,,,,,,,,,,,142417,138258,121967,1416,1016,7030,78,6751,4159,511,3648,3798,592,1512,705,91,898,361,0,,,,,,,,,,7030,1111,991,1067,533,126,1621,1581,,,,,
ACSSF,2012e1,co,000,0004,0000069,158566,133582,2990,1954,3188,69,9873,6910,1325,5585,,,,,,,,,,,,,,,,,,,,,,,,,,,,,,,,,,,,,,,,,,,,,,,,,,,,,,,,,,,,,,,,,,,,,,,,139950,4465,5599,4521,,11198,,,,,,,,,,,,,,,,,,,,,,,,,,,,,,,,,,,,,,,,,,,,,,,,,,,,,,,,,,,,,,,,,,,,,,,,,,,,,,,,,,,,,,,,,,,,,158566,151656,133582,2990,1954,3188,69,9873,6910,1325,5585,6373,857,3108,995,0,1413,537,0,,,,,,,,,,,,,,,,,,,,,,
ACSSF,2012e1,co,000,0004,0000070,107303,77018,10359,629,9038,246,3053,6960,3063,3897,,,,,,,,,,,,,,,,,,,,,,,,,,,,,,,,,,,,,,,,,,,,,,,,,,,,,,,,,,,,,,,,,,,,,,,,83273,12298,1451,10763,400,6613,,,,,,,,,,,,,,,,,,,,,,,,,,,,,,,,,,,,,,,,,,,,,,,,,,,,,,,,,,,,,,,,,,,,,,,,,,,,,,,,,,,,,,,,,,,,,107303,100343,77018,10359,629,9038,246,3053,6960,3063,3897,6425,1433,576,1089,0,3327,535,0,,,,,,,,,,9038,2119,1488,528,330,1015,2064,1494,,,,,
ACSSF,2012e1,co,000,0004,0000071,117678,78987,21760,857,4056,16,5290,6712,1888,4824,,,,,,,,,,,,,,,,,,,,,,,,,,,,,,,,,,,,,,,,,,,,,,,,,,,,,,,,,,,,,,,,,,,,,,,,84035,25821,2749,5388,244,7219,,,,,,,,,,,,,,,,,,,,,,,,,,,,,,,,,,,,,,,,,,,,,,,,,,,,,,,,,,,,,,,,,,,,,,,,,,,,,,,,,,,,,,,,,,,,,117678,110966,78987,21760,857,4056,16,5290,6712,1888,4824,5646,1628,559,660,363,2436,1066,0,,,,,,,,,,4056,663,445,103,437,311,1754,343,,,,,
ACSSF,2012e1,co,000,0004,0000072,121761,72791,23425,1948,5857,110,10553,7077,2999,4078,,,,,,,,,,,,,,,,,,,,,,,,,,,,,,,,,,,,,,,,,,,,,,,,,,,,,,,,,,,,,,,,,,,,,,,,78987,25686,3505,7012,,13708,,,,,,,,,,,,,,,,,,,,,,,,,,,,,,,,,,,,,,,,,,,,,,,,,,,,,,,,,,,,,,,,,,,,,,,,,,,,,,,,,,,,,,,,,,,,,121761,114684,72791,23425,1948,5857,110,10553,7077,2999,4078,6630,1222,809,844,529,3226,387,60,,,,,,,,,,5857,263,200,383,100,1033,569,3309,,,,,
ACSSF,2012e1,co,000,0004,0000073,112210,100094,1263,474,5385,265,2617,2112,346,1766,,,,,,,,,,,,,,,,,,,,,,,,,,,,,,,,,,,,,,,,,,,,,,,,,,,,,,,,,,,,,,,,,,,,,,,,101954,1928,1255,6141,,3047,,,,,,,,,,,,,,,,,,,,,,,,,,,,,,,,,,,,,,,,,,,,,,,,,,,,,,,,,,,,,,,,,,,,,,,,,,,,,,,,,,,,,,,,,,,,,112210,110098,100094,1263,474,5385,265,2617,2112,346,1766,1844,458,382,587,0,417,268,0,,,,,,,,,,5385,1242,896,656,501,1266,0,824,,,,,
ACSSF,2012e1,co,000,0004,0000074,165112,109334,37499,1115,4712,194,7294,4964,888,4076,,,,,,,,,,,,,,,,,,,,,,,,,,,,,,,,,,,,,,,,,,,,,,,,,,,,,,,,,,,,,,,,,,,,,,,,113420,39579,2234,6346,,8255,,,,,,,,,,,,,,,,,,,,,,,,,,,,,,,,,,,,,,,,,,,,,,,,,,,,,,,,,,,,,,,,,,,,,,,,,,,,,,,,,,,,,,,,,,,,,165112,160148,109334,37499,1115,4712,194,7294,4964,888,4076,4627,1368,770,754,129,1606,337,0,,,,,,,,,,4712,220,1553,440,348,357,843,951,,,,,
ACSSF,2012e1,co,000,0004,0000075,101956,80510,6584,2234,2092,176,7369,2991,1478,1513,,,,,,,,,,,,,,,,,,,,,,,,,,,,,,,,,,,,,,,,,,,,,,,,,,,,,,,,,,,,,,,,,,,,,,,,83185,7096,2917,2716,236,8918,,,,,,,,,,,,,,,,,,,,,,,,,,,,,,,,,,,,,,,,,,,,,,,,,,,,,,,,,,,,,,,,,,,,,,,,,,,,,,,,,,,,,,,,,,,,,101956,98965,80510,6584,2234,2092,176,7369,2991,1478,1513,2870,206,607,544,0,1513,121,0,,,,,,,,,,,,,,,,,,,,,,
ACSSF,2012e1,co,000,0004,0000076,109200,97559,2634,579,2934,35,2221,3238,106,3132,,,,,,,,,,,,,,,,,,,,,,,,,,,,,,,,,,,,,,,,,,,,,,,,,,,,,,,,,,,,,,,,,,,,,,,,100579,3310,1474,4639,,2327,,,,,,,,,,,,,,,,,,,,,,,,,,,,,,,,,,,,,,,,,,,,,,,,,,,,,,,,,,,,,,,,,,,,,,,,,,,,,,,,,,,,,,,,,,,,,109200,105962,97559,2634,579,2934,35,2221,3238,106,3132,3141,417,652,1577,146,349,97,0,,,,,,,,,,2934,329,981,114,635,697,0,178,,,,,
ACSSF,2012e1,co,000,0004,0000077,164409,115277,22712,527,12051,59,7797,5986,1200,4786,,,,,,,,,,,,,,,,,,,,,,,,,,,,,,,,,,,,,,,,,,,,,,,,,,,,,,,,,,,,,,,,,,,,,,,,120248,24757,2513,14238,,9064,,,,,,,,,,,,,,,,,,,,,,,,,,,,,,,,,,,,,,,,,,,,,,,,,,,,,,,,,,,,,,,,,,,,,,,,,,,,,,,,,,,,,,,,,,,,,164409,158423,115277,22712,527,12051,59,7797,5986,1200,4786,5443,1265,1136,1548,0,1494,543,0,,,,,,,,,,12051,4295,822,317,961,893,386,4377,,,,,
ACSSF,2012e1,co,000,0004,0000078,124559,97273,1303,1486,3488,0,15899,5110,2471,2639,,,,,,,,,,,,,,,,,,,,,,,,,,,,,,,,,,,,,,,,,,,,,,,,,,,,,,,,,,,,,,,,,,,,,,,,100583,1892,3102,5722,,18541,,,,,,,,,,,,,,,,,,,,,,,,,,,,,,,,,,,,,,,,,,,,,,,,,,,,,,,,,,,,,,,,,,,,,,,,,,,,,,,,,,,,,,,,,,,,,124559,119449,97273,1303,1486,3488,0,15899,5110,2471,2639,4939,548,828,1092,0,2471,171,0,,,,,,,,,,3488,233,402,41,93,415,1497,807,,,,,
ACSSF,2012e1,co,000,0004,0000079,113001,100149,984,1507,1726,26,5531,3078,730,2348,,,,,,,,,,,,,,,,,,,,,,,,,,,,,,,,,,,,,,,,,,,,,,,,,,,,,,,,,,,,,,,,,,,,,,,,103141,1457,2308,2719,,6352,,,,,,,,,,,,,,,,,,,,,,,,,,,,,,,,,,,,,,,,,,,,,,,,,,,,,,,,,,,,,,,,,,,,,,,,,,,,,,,,,,,,,,,,,,,,,113001,109923,100149,984,1507,1726,26,5531,3078,730,2348,2945,387,624,951,86,897,133,0,,,,,,,,,,,,,,,,,,,,,,
ACSSF,2012e1,co,000,0004,0000080,120287,108655,843,2169,3231,43,1890,3456,821,2635,,,,,,,,,,,,,,,,,,,,,,,,,,,,,,,,,,,,,,,,,,,,,,,,,,,,,,,,,,,,,,,,,,,,,,,,110903,1626,3896,4407,,2767,,,,,,,,,,,,,,,,,,,,,,,,,,,,,,,,,,,,,,,,,,,,,,,,,,,,,,,,,,,,,,,,,,,,,,,,,,,,,,,,,,,,,,,,,,,,,120287,116831,108655,843,2169,3231,43,1890,3456,821,2635,3249,23,1060,469,460,1237,151,56,,,,,,,,,,,,,,,,,,,,,,
ACSSF,2012e1,co,000,0004,0000081,136248,123386,2440,1168,3643,0,2024,3587,501,3086,,,,,,,,,,,,,,,,,,,,,,,,,,,,,,,,,,,,,,,,,,,,,,,,,,,,,,,,,,,,,,,,,,,,,,,,126732,3200,2210,4960,475,2657,,,,,,,,,,,,,,,,,,,,,,,,,,,,,,,,,,,,,,,,,,,,,,,,,,,,,,,,,,,,,,,,,,,,,,,,,,,,,,,,,,,,,,,,,,,,,136248,132661,123386,2440,1168,3643,0,2024,3587,501,3086,3188,579,953,858,0,798,399,0,,,,,,,,,,3643,402,722,275,803,121,1042,278,,,,,
ACSSF,2012e1,co,000,0004,0000082,107332,95130,2459,727,1843,0,2921,4252,1297,2955,,,,,,,,,,,,,,,,,,,,,,,,,,,,,,,,,,,,,,,,,,,,,,,,,,,,,,,,,,,,,,,,,,,,,,,,98426,3530,2419,3120,,4218,,,,,,,,,,,,,,,,,,,,,,,,,,,,,,,,,,,,,,,,,,,,,,,,,,,,,,,,,,,,,,,,,,,,,,,,,,,,,,,,,,,,,,,,,,,,,107332,103080,95130,2459,727,1843,0,2921,4252,1297,2955,4104,367,1249,1128,19,1341,148,0,,,,,,,,,,,,,,,,,,,,,,
ACSSF,2012e1,co,000,0004,0000083,125240,114776,2253,292,5024,0,981,1914,491,1423,,,,,,,,,,,,,,,,,,,,,,,,,,,,,,,,,,,,,,,,,,,,,,,,,,,,,,,,,,,,,,,,,,,,,,,,116664,2594,744,5809,,1472,,,,,,,,,,,,,,,,,,,,,,,,,,,,,,,,,,,,,,,,,,,,,,,,,,,,,,,,,,,,,,,,,,,,,,,,,,,,,,,,,,,,,,,,,,,,,,,,,,,,,,,,,,,,,,,,,,,,,,,,,5024,1434,1916,58,69,242,866,439,,,,,
ACSSF,2012e1,co,000,0004,0000084,106574,95472,1002,482,5636,64,1350,2568,459,2109,,,,,,,,,,,,,,,,,,,,,,,,,,,,,,,,,,,,,,,,,,,,,,,,,,,,,,,,,,,,,,,,,,,,,,,,97513,1831,1039,7162,,1809,,,,,,,,,,,,,,,,,,,,,,,,,,,,,,,,,,,,,,,,,,,,,,,,,,,,,,,,,,,,,,,,,,,,,,,,,,,,,,,,,,,,,,,,,,,,,106574,104006,95472,1002,482,5636,64,1350,2568,459,2109,2292,402,477,803,0,610,276,0,,,,,,,,,,5636,1162,1520,34,493,466,1319,642,,,,,
ACSSF,2012e1,co,000,0004,0000085,115161,108058,1165,154,1812,89,1025,2858,345,2513,,,,,,,,,,,,,,,,,,,,,,,,,,,,,,,,,,,,,,,,,,,,,,,,,,,,,,,,,,,,,,,,,,,,,,,,110506,2290,727,2915,211,1441,,,,,,,,,,,,,,,,,,,,,,,,,,,,,,,,,,,,,,,,,,,,,,,,,,,,,,,,,,,,,,,,,,,,,,,,,,,,,,,,,,,,,,,,,,,,,115161,112303,108058,1165,154,1812,89,1025,2858,345,2513,2787,774,573,622,0,818,71,0,,,,,,,,,,,,,,,,,,,,,,
ACSSF,2012e1,co,000,0004,0000086,104242,81857,6674,766,5047,682,5756,3460,1200,2260,,,,,,,,,,,,,,,,,,,,,,,,,,,,,,,,,,,,,,,,,,,,,,,,,,,,,,,,,,,,,,,,,,,,,,,,84816,7812,1356,5724,1038,6956,,,,,,,,,,,,,,,,,,,,,,,,,,,,,,,,,,,,,,,,,,,,,,,,,,,,,,,,,,,,,,,,,,,,,,,,,,,,,,,,,,,,,,,,,,,,,104242,100782,81857,6674,766,5047,682,5756,3460,1200,2260,3460,981,558,365,0,1556,0,0,,,,,,,,,,,,,,,,,,,,,,
ACSSF,2012e1,co,000,0004,0000087,110515,97826,690,7098,597,10,2757,1537,177,1360,,,,,,,,,,,,,,,,,,,,,,,,,,,,,,,,,,,,,,,,,,,,,,,,,,,,,,,,,,,,,,,,,,,,,,,,99297,952,8088,755,,2937,,,,,,,,,,,,,,,,,,,,,,,,,,,,,,,,,,,,,,,,,,,,,,,,,,,,,,,,,,,,,,,,,,,,,,,,,,,,,,,,,,,,,,,,,,,,,,,,,,,,,,,,,,,,,,,,,,,,,,,,,,,,,,,,,,,,,
ACSSF,2012e1,co,000,0004,0000088,129445,119064,920,1386,732,196,3077,4070,735,3335,,,,,,,,,,,,,,,,,,,,,,,,,,,,,,,,,,,,,,,,,,,,,,,,,,,,,,,,,,,,,,,,,,,,,,,,122843,1711,2918,1965,479,3821,,,,,,,,,,,,,,,,,,,,,,,,,,,,,,,,,,,,,,,,,,,,,,,,,,,,,,,,,,,,,,,,,,,,,,,,,,,,,,,,,,,,,,,,,,,,,129445,125375,119064,920,1386,732,196,3077,4070,735,3335,3857,637,1344,850,112,914,204,9,,,,,,,,,,,,,,,,,,,,,,
ACSSF,2012e1,co,000,0004,0000089,100112,93712,797,1085,572,327,2269,1350,0,1350,,,,,,,,,,,,,,,,,,,,,,,,,,,,,,,,,,,,,,,,,,,,,,,,,,,,,,,,,,,,,,,,,,,,,,,,94996,1028,2072,744,,2269,,,,,,,,,,,,,,,,,,,,,,,,,,,,,,,,,,,,,,,,,,,,,,,,,,,,,,,,,,,,,,,,,,,,,,,,,,,,,,,,,,,,,,,,,,,,,,,,,,,,,,,,,,,,,,,,,,,,,,,,,,,,,,,,,,,,,
ACSSF,2012e1,co,000,0004,0000090,119346,103077,8677,1321,1338,361,936,3636,297,3339,,,,,,,,,,,,,,,,,,,,,,,,,,,,,,,,,,,,,,,,,,,,,,,,,,,,,,,,,,,,,,,,,,,,,,,,106680,9526,2288,3124,,1233,,,,,,,,,,,,,,,,,,,,,,,,,,,,,,,,,,,,,,,,,,,,,,,,,,,,,,,,,,,,,,,,,,,,,,,,,,,,,,,,,,,,,,,,,,,,,119346,115710,103077,8677,1321,1338,361,936,3636,297,3339,3373,586,740,1717,0,330,263,0,,,,,,,,,,,,,,,,,,,,,,
ACSSF,2012e1,co,000,0004,0000091,124221,104631,7025,939,3132,155,2516,5823,278,5545,,,,,,,,,,,,,,,,,,,,,,,,,,,,,,,,,,,,,,,,,,,,,,,,,,,,,,,,,,,,,,,,,,,,,,,,109899,8846,2404,5657,690,2927,,,,,,,,,,,,,,,,,,,,,,,,,,,,,,,,,,,,,,,,,,,,,,,,,,,,,,,,,,,,,,,,,,,,,,,,,,,,,,,,,,,,,,,,,,,,,124221,118398,104631,7025,939,3132,155,2516,5823,278,5545,5444,1431,1184,1981,0,848,379,0,,,,,,,,,,3132,421,217,487,525,1338,0,144,,,,,
ACSSF,2012e1,co,000,0004,0000092,97697,83298,4373,466,2095,284,2418,4763,681,4082,,,,,,,,,,,,,,,,,,,,,,,,,,,,,,,,,,,,,,,,,,,,,,,,,,,,,,,,,,,,,,,,,,,,,,,,86478,6787,1278,4300,787,3099,,,,,,,,,,,,,,,,,,,,,,,,,,,,,,,,,,,,,,,,,,,,,,,,,,,,,,,,,,,,,,,,,,,,,,,,,,,,,,,,,,,,,,,,,,,,,97697,92934,83298,4373,466,2095,284,2418,4763,681,4082,4494,831,747,558,65,2293,269,0,,,,,,,,,,,,,,,,,,,,,,
ACSSF,2012e1,co,000,0004,0000093,106389,87965,5309,240,3481,339,3217,5838,252,5586,,,,,,,,,,,,,,,,,,,,,,,,,,,,,,,,,,,,,,,,,,,,,,,,,,,,,,,,,,,,,,,,,,,,,,,,93356,8038,1257,6009,626,3469,,,,,,,,,,,,,,,,,,,,,,,,,,,,,,,,,,,,,,,,,,,,,,,,,,,,,,,,,,,,,,,,,,,,,,,,,,,,,,,,,,,,,,,,,,,,,106389,100551,87965,5309,240,3481,339,3217,5838,252,5586,5310,1984,727,1951,62,586,528,0,,,,,,,,,,3481,0,510,888,334,824,435,490,,,,,
ACSSF,2012e1,co,000,0004,0000094,110959,75597,13585,600,2480,199,11692,6806,1223,5583,,,,,,,,,,,,,,,,,,,,,,,,,,,,,,,,,,,,,,,,,,,,,,,,,,,,,,,,,,,,,,,,,,,,,,,,81278,16798,2488,4109,982,13259,,,,,,,,,,,,,,,,,,,,,,,,,,,,,,,,,,,,,,,,,,,,,,,,,,,,,,,,,,,,,,,,,,,,,,,,,,,,,,,,,,,,,,,,,,,,,110959,104153,75597,13585,600,2480,199,11692,6806,1223,5583,6012,1644,1016,843,329,2180,439,355,,,,,,,,,,,,,,,,,,,,,,
ACSSF,2012e1,co,000,0004,0000095,109741,95867,2352,439,4470,24,1391,5198,224,4974,,,,,,,,,,,,,,,,,,,,,,,,,,,,,,,,,,,,,,,,,,,,,,,,,,,,,,,,,,,,,,,,,,,,,,,,100441,3353,2482,6735,371,1615,,,,,,,,,,,,,,,,,,,,,,,,,,,,,,,,,,,,,,,,,,,,,,,,,,,,,,,,,,,,,,,,,,,,,,,,,,,,,,,,,,,,,,,,,,,,,109741,104543,95867,2352,439,4470,24,1391,5198,224,4974,5140,583,1873,1753,170,761,58,0,,,,,,,,,,,,,,,,,,,,,,
ACSSF,2012e1,co,000,0004,0000096,101900,87450,2924,458,5146,93,1146,4683,334,4349,,,,,,,,,,,,,,,,,,,,,,,,,,,,,,,,,,,,,,,,,,,,,,,,,,,,,,,,,,,,,,,,,,,,,,,,91422,3821,1931,7401,586,1480,,,,,,,,,,,,,,,,,,,,,,,,,,,,,,,,,,,,,,,,,,,,,,,,,,,,,,,,,,,,,,,,,,,,,,,,,,,,,,,,,,,,,,,,,,,,,101900,97217,87450,2924,458,5146,93,1146,4683,334,4349,4625,556,1303,1656,170,940,58,0,,,,,,,,,,5146,864,1783,1327,156,433,399,184,,,,,
ACSSF,2012e1,co,000,0004,0000097,216839,134077,41723,2692,8000,224,16821,13302,4505,8797,,,,,,,,,,,,,,,,,,,,,,,,,,,,,,,,,,,,,,,,,,,,,,,,,,,,,,,,,,,,,,,,,,,,,,,,144766,47972,6352,10232,746,21400,,,,,,,,,,,,,,,,,,,,,,,,,,,,,,,,,,,,,,,,,,,,,,,,,,,,,,,,,,,,,,,,,,,,,,,,,,,,,,,,,,,,,,,,,,,,,216839,203537,134077,41723,2692,8000,224,16821,13302,4505,8797,12035,2911,1678,1362,892,5192,1207,60,,,,,,,,,,8000,639,880,209,481,443,2863,2485,,,,,
ACSSF,2012e1,co,000,0004,0000098,219264,193977,1476,663,11518,19,5899,5712,743,4969,,,,,,,,,,,,,,,,,,,,,,,,,,,,,,,,,,,,,,,,,,,,,,,,,,,,,,,,,,,,,,,,,,,,,,,,199646,2592,2766,13203,,6728,,,,,,,,,,,,,,,,,,,,,,,,,,,,,,,,,,,,,,,,,,,,,,,,,,,,,,,,,,,,,,,,,,,,,,,,,,,,,,,,,,,,,,,,,,,,,219264,213552,193977,1476,663,11518,19,5899,5712,743,4969,5508,918,1990,1594,0,1006,167,37,,,,,,,,,,11518,1700,3298,545,1056,638,665,3616,,,,,
ACSSF,2012e1,co,000,0004,0000099,76362,65897,1552,219,1507,0,2823,4364,550,3814,,,,,,,,,,,,,,,,,,,,,,,,,,,,,,,,,,,,,,,,,,,,,,,,,,,,,,,,,,,,,,,,,,,,,,,,70224,2122,2569,2436,,3373,,,,,,,,,,,,,,,,,,,,,,,,,,,,,,,,,,,,,,,,,,,,,,,,,,,,,,,,,,,,,,,,,,,,,,,,,,,,,,,,,,,,,,,,,,,,,76362,71998,65897,1552,219,1507,0,2823,4364,550,3814,4364,533,2350,929,0,552,0,0,,,,,,,,,,,,,,,,,,,,,,
ACSSF,2012e1,co,000,0004,0000100,285562,212572,27319,1373,23183,1095,8522,11498,4495,7003,,,,,,,,,,,,,,,,,,,,,,,,,,,,,,,,,,,,,,,,,,,,,,,,,,,,,,,,,,,,,,,,,,,,,,,,223031,30647,2809,26170,1596,13704,,,,,,,,,,,,,,,,,,,,,,,,,,,,,,,,,,,,,,,,,,,,,,,,,,,,,,,,,,,,,,,,,,,,,,,,,,,,,,,,,,,,,,,,,,,,,285562,274064,212572,27319,1373,23183,1095,8522,11498,4495,7003,10601,2458,975,1993,0,5175,897,0,,,,,,,,,,23183,6169,3375,1587,890,3284,3349,4529,,,,,
ACSSF,2012e1,co,000,0004,0000101,233348,193208,12036,1382,4451,346,11486,10439,1171,9268,,,,,,,,,,,,,,,,,,,,,,,,,,,,,,,,,,,,,,,,,,,,,,,,,,,,,,,,,,,,,,,,,,,,,,,,201610,15949,4283,8418,1330,12657,,,,,,,,,,,,,,,,,,,,,,,,,,,,,,,,,,,,,,,,,,,,,,,,,,,,,,,,,,,,,,,,,,,,,,,,,,,,,,,,,,,,,,,,,,,,,233348,222909,193208,12036,1382,4451,346,11486,10439,1171,9268,9979,1753,2281,2238,394,3313,460,0,,,,,,,,,,4451,0,558,612,604,1876,353,448,,,,,
ACSSF,2012e1,co,000,0004,0000102,634265,479745,64566,5941,21689,464,39761,22099,6071,16028,,,,,,,,,,,,,,,,,,,,,,,,,,,,,,,,,,,,,,,,,,,,,,,,,,,,,,,,,,,,,,,,,,,,,,,,497617,70449,12173,30041,1139,46147,,,,,,,,,,,,,,,,,,,,,,,,,,,,,,,,,,,,,,,,,,,,,,,,,,,,,,,,,,,,,,,,,,,,,,,,,,,,,,,,,,,,,,,,,,,,,634265,612166,479745,64566,5941,21689,464,39761,22099,6071,16028,20897,3785,3993,5483,275,7361,1202,0,5941,3623,665,151,570,189,2048,0,2318,21689,2991,4146,1244,1851,2687,2871,5899,,,,,
ACSSF,2012e1,co,000,0004,0000103,300596,273727,3688,858,12212,153,3277,6681,1268,5413,,,,,,,,,,,,,,,,,,,,,,,,,,,,,,,,,,,,,,,,,,,,,,,,,,,,,,,,,,,,,,,,,,,,,,,,279445,5948,2187,15282,275,4616,,,,,,,,,,,,,,,,,,,,,,,,,,,,,,,,,,,,,,,,,,,,,,,,,,,,,,,,,,,,,,,,,,,,,,,,,,,,,,,,,,,,,,,,,,,,,300596,293915,273727,3688,858,12212,153,3277,6681,1268,5413,6205,1353,1249,1711,0,1892,476,0,,,,,,,,,,12212,2832,4116,134,825,863,2039,1403,,,,,
ACSSF,2012e1,co,000,0004,0000104,72955,62172,3049,613,1990,301,895,3935,101,3834,,,,,,,,,,,,,,,,,,,,,,,,,,,,,,,,,,,,,,,,,,,,,,,,,,,,,,,,,,,,,,,,,,,,,,,,65798,4936,1048,4019,494,996,,,,,,,,,,,,,,,,,,,,,,,,,,,,,,,,,,,,,,,,,,,,,,,,,,,,,,,,,,,,,,,,,,,,,,,,,,,,,,,,,,,,,,,,,,,,,72955,69020,62172,3049,613,1990,301,895,3935,101,3834,3534,1374,334,1485,0,341,401,0,,,,,,,,,,,,,,,,,,,,,,
ACSSF,2012e1,co,000,0004,0000105,192313,173177,2724,1027,4644,373,3110,7258,1284,5974,,,,,,,,,,,,,,,,,,,,,,,,,,,,,,,,,,,,,,,,,,,,,,,,,,,,,,,,,,,,,,,,,,,,,,,,179684,4426,3458,7433,,4532,,,,,,,,,,,,,,,,,,,,,,,,,,,,,,,,,,,,,,,,,,,,,,,,,,,,,,,,,,,,,,,,,,,,,,,,,,,,,,,,,,,,,,,,,,,,,192313,185055,173177,2724,1027,4644,373,3110,7258,1284,5974,6906,982,2060,2145,38,1681,352,0,,,,,,,,,,4644,841,1470,341,741,604,359,288,,,,,
ACSSF,2012e1,co,000,0004,0000106,144721,133533,920,1534,766,196,3407,4365,735,3630,,,,,,,,,,,,,,,,,,,,,,,,,,,,,,,,,,,,,,,,,,,,,,,,,,,,,,,,,,,,,,,,,,,,,,,,137607,1752,3327,1999,479,4151,,,,,,,,,,,,,,,,,,,,,,,,,,,,,,,,,,,,,,,,,,,,,,,,,,,,,,,,,,,,,,,,,,,,,,,,,,,,,,,,,,,,,,,,,,,,,144721,140356,133533,920,1534,766,196,3407,4365,735,3630,4145,671,1598,850,112,914,211,9,,,,,,,,,,,,,,,,,,,,,,
ACSSF,2012e1,co,000,0004,0000107,123033,93002,1953,1618,1900,35,20617,3908,1651,2257,,,,,,,,,,,,,,,,,,,,,,,,,,,,,,,,,,,,,,,,,,,,,,,,,,,,,,,,,,,,,,,,,,,,,,,,96589,2680,2907,2347,,22268,,,,,,,,,,,,,,,,,,,,,,,,,,,,,,,,,,,,,,,,,,,,,,,,,,,,,,,,,,,,,,,,,,,,,,,,,,,,,,,,,,,,,,,,,,,,,123033,119125,93002,1953,1618,1900,35,20617,3908,1651,2257,3908,600,1083,447,127,1651,0,0,,,,,,,,,,,,,,,,,,,,,,
ACSSF,2012e1,co,000,0004,0000108,72746,47848,10052,694,1805,168,6825,5354,875,4479,,,,,,,,,,,,,,,,,,,,,,,,,,,,,,,,,,,,,,,,,,,,,,,,,,,,,,,,,,,,,,,,,,,,,,,,52269,13373,1287,3307,,7833,,,,,,,,,,,,,,,,,,,,,,,,,,,,,,,,,,,,,,,,,,,,,,,,,,,,,,,,,,,,,,,,,,,,,,,,,,,,,,,,,,,,,,,,,,,,,72746,67392,47848,10052,694,1805,168,6825,5354,875,4479,5031,2253,341,1115,62,1260,189,134,,,,,,,,,,,,,,,,,,,,,,
ACSSF,2012e1,co,000,0004,0000109,549160,499170,6650,5189,13596,69,9373,15113,2741,12372,,,,,,,,,,,,,,,,,,,,,,,,,,,,,,,,,,,,,,,,,,,,,,,,,,,,,,,,,,,,,,,,,,,,,,,,512167,9342,10064,19537,1690,12556,,,,,,,,,,,,,,,,,,,,,,,,,,,,,,,,,,,,,,,,,,,,,,,,,,,,,,,,,,,,,,,,,,,,,,,,,,,,,,,,,,,,,,,,,,,,,549160,534047,499170,6650,5189,13596,69,9373,15113,2741,12372,14086,1335,3778,4194,546,4233,971,56,,,,,,,,,,13596,1002,3417,924,2018,943,2431,2861,,,,,
ACSSF,2012e1,co,000,0004,0000110,94047,86871,930,708,1899,0,1485,2154,432,1722,,,,,,,,,,,,,,,,,,,,,,,,,,,,,,,,,,,,,,,,,,,,,,,,,,,,,,,,,,,,,,,,,,,,,,,,88706,1373,1717,2709,,2001,,,,,,,,,,,,,,,,,,,,,,,,,,,,,,,,,,,,,,,,,,,,,,,,,,,,,,,,,,,,,,,,,,,,,,,,,,,,,,,,,,,,,,,,,,,,,94047,91893,86871,930,708,1899,0,1485,2154,432,1722,1849,309,482,535,0,523,305,0,,,,,,,,,,,,,,,,,,,,,,
ACSSF,2012e1,co,000,0004,0000111,156792,139440,2415,585,5138,0,6097,3117,306,2811,,,,,,,,,,,,,,,,,,,,,,,,,,,,,,,,,,,,,,,,,,,,,,,,,,,,,,,,,,,,,,,,,,,,,,,,142506,3271,1508,6438,,6737,,,,,,,,,,,,,,,,,,,,,,,,,,,,,,,,,,,,,,,,,,,,,,,,,,,,,,,,,,,,,,,,,,,,,,,,,,,,,,,,,,,,,,,,,,,,,156792,153675,139440,2415,585,5138,0,6097,3117,306,2811,2543,639,538,1060,0,306,574,0,,,,,,,,,,5138,761,670,503,147,574,2013,470,,,,,
ACSSF,2012e1,co,000,0004,0000112,106924,96954,239,223,1217,0,4725,3566,756,2810,,,,,,,,,,,,,,,,,,,,,,,,,,,,,,,,,,,,,,,,,,,,,,,,,,,,,,,,,,,,,,,,,,,,,,,,100430,1267,1532,1855,,5481,,,,,,,,,,,,,,,,,,,,,,,,,,,,,,,,,,,,,,,,,,,,,,,,,,,,,,,,,,,,,,,,,,,,,,,,,,,,,,,,,,,,,,,,,,,,,106924,103358,96954,239,223,1217,0,4725,3566,756,2810,3360,938,1144,432,90,756,206,0,,,,,,,,,,,,,,,,,,,,,,
ACSSF,2012e1,co,000,0004,0000113,110027,82119,2736,2134,430,0,16223,6385,3168,3217,,,,,,,,,,,,,,,,,,,,,,,,,,,,,,,,,,,,,,,,,,,,,,,,,,,,,,,,,,,,,,,,,,,,,,,,86837,3693,4263,1743,,19950,,,,,,,,,,,,,,,,,,,,,,,,,,,,,,,,,,,,,,,,,,,,,,,,,,,,,,,,,,,,,,,,,,,,,,,,,,,,,,,,,,,,,,,,,,,,,110027,103642,82119,2736,2134,430,0,16223,6385,3168,3217,5826,425,1161,949,0,3291,559,0,,,,,,,,,,,,,,,,,,,,,,
ACSSF,2012e1,co,000,0004,0000114,226448,196891,2580,1040,11886,117,6096,7838,1358,6480,,,,,,,,,,,,,,,,,,,,,,,,,,,,,,,,,,,,,,,,,,,,,,,,,,,,,,,,,,,,,,,,,,,,,,,,204385,4432,4236,14365,312,7454,,,,,,,,,,,,,,,,,,,,,,,,,,,,,,,,,,,,,,,,,,,,,,,,,,,,,,,,,,,,,,,,,,,,,,,,,,,,,,,,,,,,,,,,,,,,,226448,218610,196891,2580,1040,11886,117,6096,7838,1358,6480,6940,946,2208,2225,91,1470,898,0,,,,,,,,,,11886,1598,2463,1276,1316,982,2376,1875,,,,,
ACSSF,2012e1,co,000,0004,0000115,69944,54641,575,1308,3414,69,7956,1981,783,1198,,,,,,,,,,,,,,,,,,,,,,,,,,,,,,,,,,,,,,,,,,,,,,,,,,,,,,,,,,,,,,,,,,,,,,,,56306,1123,1997,3592,,8739,,,,,,,,,,,,,,,,,,,,,,,,,,,,,,,,,,,,,,,,,,,,,,,,,,,,,,,,,,,,,,,,,,,,,,,,,,,,,,,,,,,,,,,,,,,,,69944,67963,54641,575,1308,3414,69,7956,1981,783,1198,1871,376,517,47,62,869,110,0,,,,,,,,,,,,,,,,,,,,,,
