ACSSF,2012e1,co,000,0006,0000001,5187582,4098840,1088742,816095,33176,9053,2639,29970,1046,9369,3186,2158,2464,11696,51,20497,1599,551,1577,5619,1111,0,5740,143,3980,177,177312,49615,55137,4955,67605,5187582,4098840,3599838,204851,29779,144241,4730,7364,108037,2650,105387,1088742,776835,13441,18170,2841,578,212201,64676,37070,27606,5187582,4098840,1088742,5187582,4098840,1088742,816095,33176,9053,2639,29970,20497,177312,5187582,4098840,3599838,204851,29779,144241,4730,7364,108037,2650,105387,1088742
ACSSF,2012e1,co,000,0006,0000002,4480934,3478478,1002456,759822,30925,8321,2566,27867,1006,8403,3030,1808,2438,11131,51,19926,1504,551,1515,5600,1111,0,5375,143,3950,177,153029,45271,48763,4776,54219,4480934,3478478,3010840,197968,21701,139117,4250,6824,97778,2550,95228,1002456,710763,13314,16393,2841,578,197240,61327,34984,26343,4480934,3478478,1002456,4480934,3478478,1002456,759822,30925,8321,2566,27867,19926,153029,4480934,3478478,3010840,197968,21701,139117,4250,6824,97778,2550,95228,1002456
ACSSF,2012e1,co,000,0006,0000003,,,,,,,,,,,,,,,,,,,,,,,,,,,,,,,,706648,620362,588998,6883,8078,5124,480,540,10259,100,10159,86286,66072,127,1777,0,0,14961,3349,2086,1263,706648,620362,86286,706648,620362,86286,56273,2251,732,73,2103,571,24283,706648,620362,588998,6883,8078,5124,480,540,10259,100,10159,86286
ACSSF,2012e1,co,000,0006,0000004,4780840,3782179,998661,757523,32778,8712,2607,28694,1046,8721,3010,1900,2464,11522,31,19803,1552,551,1577,5051,1111,0,5661,143,3980,177,148544,45338,47039,4148,52019,4780840,3782179,3300899,200219,24182,141200,4550,7191,103938,2547,101391,998661,711672,12043,16131,2841,578,193675,61721,35592,26129,4780840,3782179,998661,4780840,3782179,998661,757523,32778,8712,2607,28694,19803,148544,4780840,3782179,3300899,200219,24182,141200,4550,7191,103938,2547,101391,998661
ACSSF,2012e1,co,000,0006,0000005,4501758,3559777,941981,718238,30704,8712,2517,26296,1013,8082,2910,1499,2280,10481,31,18553,1379,551,1577,4777,1111,0,4858,143,3980,177,136961,43076,41493,4111,48281,4501758,3559777,3093599,194527,19315,140402,3791,6676,101467,2524,98943,941981,669448,11934,14715,2841,578,182997,59468,33951,25517,4501758,3559777,941981,4501758,3559777,941981,718238,30704,8712,2517,26296,18553,136961,4501758,3559777,3093599,194527,19315,140402,3791,6676,101467,2524,98943,941981
ACSSF,2012e1,co,000,0006,0000006,2046943,1538075,508868,390499,17090,4664,964,14132,743,4027,1941,292,1153,5976,0,8525,639,400,785,2678,321,0,2391,29,1105,177,72994,19731,22380,2397,28486,2046943,1538075,1256339,150547,8765,63623,2440,4354,52007,918,51089,508868,334252,8909,7808,2121,84,121214,34480,21639,12841,2046943,1538075,508868,2046943,1538075,508868,390499,17090,4664,964,14132,8525,72994,2046943,1538075,1256339,150547,8765,63623,2440,4354,52007,918,51089,508868
ACSSF,2012e1,co,000,0006,0000007,2454815,2021702,433113,327739,13614,4048,1553,12164,270,4055,969,1207,1127,4505,31,10028,740,151,792,2099,790,0,2467,114,2875,0,63967,23345,19113,1714,19795,2454815,2021702,1837260,43980,10550,76779,1351,2322,49460,1606,47854,433113,335196,3025,6907,720,494,61783,24988,12312,12676,2454815,2021702,433113,2454815,2021702,433113,327739,13614,4048,1553,12164,10028,63967,2454815,2021702,1837260,43980,10550,76779,1351,2322,49460,1606,47854,433113
ACSSF,2012e1,co,000,0006,0000008,,,,,,,,,,,,,,,,,,,,,,,,,,,,,,,,279082,222402,207300,5692,4867,798,759,515,2471,23,2448,56680,42224,109,1416,0,0,10678,2253,1641,612,279082,222402,56680,279082,222402,56680,39285,2074,0,90,2398,1250,11583,279082,222402,207300,5692,4867,798,759,515,2471,23,2448,56680
ACSSF,2012e1,co,000,0006,0000009,,,,,,,,,,,,,,,,,,,,,,,,,,,,,,,,,,,,,,,,,,,,,,,,,,,,,91910,71855,20055,91910,71855,20055,14656,1359,0,90,1072,72,2806,91910,71855,66893,2105,1610,221,403,0,623,0,623,20055
ACSSF,2012e1,co,000,0006,0000010,,,,,,,,,,,,,,,,,,,,,,,,,,,,,,,,187172,150547,140407,3587,3257,577,356,515,1848,23,1825,36625,24913,109,1242,0,0,9019,1342,1101,241,187172,150547,36625,187172,150547,36625,24629,715,0,0,1326,1178,8777,187172,150547,140407,3587,3257,577,356,515,1848,23,1825,36625
ACSSF,2012e1,co,000,0006,0000011,,,,,,,,,,,,,,,,,,,,,,,,,,,,,,,,406742,316661,298939,4632,5597,3041,180,173,4099,103,3996,90081,65163,1398,2039,0,0,18526,2955,1478,1477,406742,316661,90081,406742,316661,90081,58572,398,341,32,1276,694,28768,406742,316661,298939,4632,5597,3041,180,173,4099,103,3996,90081
ACSSF,2012e1,co,000,0006,0000012,685824,539063,146761,97857,2472,341,122,3674,33,1287,276,659,184,1215,20,1944,220,0,0,842,0,0,882,0,0,0,40351,6539,13644,844,19324,685824,539063,506239,10324,10464,3839,939,688,6570,126,6444,146761,107387,1507,3455,0,0,29204,5208,3119,2089,685824,539063,146761,685824,539063,146761,97857,2472,341,122,3674,1944,40351,685824,539063,506239,10324,10464,3839,939,688,6570,126,6444,146761
ACSSF,2012e1,co,000,0006,0000013,,,,,,,,,,,,,,,,,,,,,,,,,,,,,,,,459598,283102,241721,13424,1941,16879,289,495,8353,145,8208,176496,138296,1352,1599,65,117,26591,8476,3003,5473,459598,283102,176496,459598,283102,176496,146890,3792,377,285,3081,995,21076,459598,283102,241721,13424,1941,16879,289,495,8353,145,8208,176496
ACSSF,2012e1,co,000,0006,0000014,595546,484846,110700,81548,4972,1014,488,6155,0,1242,541,89,222,4061,0,3963,386,145,357,632,72,0,1260,0,1111,0,12560,4826,3336,179,4219,595546,484846,374299,59070,2227,31409,1177,1423,15241,640,14601,110700,71160,2711,2462,447,0,21625,12295,9520,2775,595546,484846,110700,595546,484846,110700,81548,4972,1014,488,6155,3963,12560,595546,484846,374299,59070,2227,31409,1177,1423,15241,640,14601,110700
ACSSF,2012e1,co,000,0006,0000015,,,,,,,,,,,,,,,,,,,,,,,,,,,,,,,,305318,263957,240847,2749,566,14208,19,248,5320,43,5277,41361,29353,605,608,0,0,9337,1458,391,1067,305318,263957,41361,305318,263957,41361,33068,1042,858,230,983,1103,4077,305318,263957,240847,2749,566,14208,19,248,5320,43,5277,41361
ACSSF,2012e1,co,000,0006,0000016,,,,,,,,,,,,,,,,,,,,,,,,,,,,,,,,634265,434399,333741,62460,3354,20201,464,1093,13086,598,12488,199866,146004,2106,2587,1488,0,38668,9013,5473,3540,634265,434399,199866,634265,434399,199866,169674,4962,1144,0,3159,2614,18313,634265,434399,333741,62460,3354,20201,464,1093,13086,598,12488,199866
ACSSF,2012e1,co,000,0006,0000017,,,,,,,,,,,,,,,,,,,,,,,,,,,,,,,,298215,274494,252421,3539,808,12212,153,180,5181,376,4805,23721,18925,149,50,0,0,3097,1500,892,608,298215,274494,23721,298215,274494,23721,12362,1241,441,175,2076,3012,4414,298215,274494,252421,3539,808,12212,153,180,5181,376,4805,23721
ACSSF,2012e1,co,000,0006,0000018,644964,544273,100691,66717,7190,2554,420,3688,240,658,324,367,983,1116,0,2626,99,0,183,460,417,0,656,7,804,0,17496,4881,7174,480,4961,644964,544273,458512,38019,2719,16616,1080,1286,26041,236,25805,100691,68941,3232,1261,103,282,20884,5988,2684,3304,644964,544273,100691,644964,544273,100691,66717,7190,2554,420,3688,2626,17496,644964,544273,458512,38019,2719,16616,1080,1286,26041,236,25805,100691
ACSSF,2012e1,co,000,0006,0000019,545358,464079,81279,58840,1799,479,760,3640,23,2386,42,109,133,916,31,1976,87,56,0,517,345,0,688,107,176,0,13785,5041,5424,458,2862,545358,464079,431527,6060,3156,13188,69,308,9771,232,9539,81279,63871,590,2033,408,0,9035,5342,2509,2833,545358,464079,81279,545358,464079,81279,58840,1799,479,760,3640,1976,13785,545358,464079,431527,6060,3156,13188,69,308,9771,232,9539,81279
ACSSF,2012e1,co,000,0006,0000020,,,,,,,,,,,,,,,,,,,,,,,,,,,,,,,,310487,276890,259764,2520,881,5803,373,1236,6313,54,6259,33597,21467,443,397,0,0,6670,4620,1986,2634,310487,276890,33597,310487,276890,33597,22097,3043,476,159,1333,955,5534,310487,276890,259764,2520,881,5803,373,1236,6313,54,6259,33597
ACSSF,2012e1,co,000,0006,0000021,,,,,,,,,,,,,,,,,,,,,,,,,,,,,,,,147848,127623,121963,804,552,663,112,43,3486,55,3431,20225,14476,116,1046,103,84,3404,996,680,316,147848,127623,20225,147848,127623,20225,13260,389,238,0,491,779,5068,147848,127623,121963,804,552,663,112,43,3486,55,3431,20225
ACSSF,2012e1,co,000,0006,0000022,,,,,,,,,,,,,,,,,,,,,,,,,,,,,,,,160852,93274,86078,3013,1238,649,0,0,2296,78,2218,67578,42444,267,1631,95,95,17550,5496,3959,1537,160852,93274,67578,160852,93274,67578,46049,987,358,0,124,50,20010,160852,93274,86078,3013,1238,649,0,0,2296,78,2218,67578
ACSSF,2012e1,co,000,0006,0000023,,,,,,,,,,,,,,,,,,,,,,,,,,,,,,,,263691,188723,177242,2408,1619,3817,35,338,3264,40,3224,74968,45407,363,970,80,0,24693,3455,2217,1238,263691,188723,74968,263691,188723,74968,60752,816,773,0,1214,141,11272,263691,188723,177242,2408,1619,3817,35,338,3264,40,3224,74968
ACSSF,2012e1,co,000,0006,0000024,,,,,,,,,,,,,,,,,,,,,,,,,,,,,,,,109315,93596,88198,846,763,1907,26,127,1729,0,1729,15719,9915,138,295,0,0,4080,1291,613,678,109315,93596,15719,109315,93596,15719,10088,116,132,0,188,261,4934,109315,93596,88198,846,763,1907,26,127,1729,0,1729,15719
ACSSF,2012e1,co,000,0006,0000025,,,,,,,,,,,,,,,,,,,,,,,,,,,,,,,,338835,243919,162482,53493,1257,14716,808,307,10856,124,10732,94916,60640,3324,1986,200,0,19746,9020,6856,2164,338835,243919,94916,338835,243919,94916,72537,3181,335,553,6121,2087,10102,338835,243919,162482,53493,1257,14716,808,307,10856,124,10732,94916
ACSSF,2012e1,co,000,0006,0000026,,,,,,,,,,,,,,,,,,,,,,,,,,,,,,,,,,,,,,,,,,,,,,,,,,,,,101812,92889,8923,101812,92889,8923,6083,583,436,171,171,623,856,101812,92889,85298,1204,0,3726,19,159,2483,43,2440,8923
ACSSF,2012e1,co,000,0006,0000027,,,,,,,,,,,,,,,,,,,,,,,,,,,,,,,,103735,95842,85279,2463,778,4805,319,687,1511,92,1419,7893,3484,98,39,0,0,2800,1472,923,549,103735,95842,7893,103735,95842,7893,4098,162,149,177,444,1457,1406,103735,95842,85279,2463,778,4805,319,687,1511,92,1419,7893
ACSSF,2012e1,co,000,0006,0000028,431846,357287,74559,52440,3357,1594,81,2166,0,454,66,85,818,743,0,1759,99,0,183,423,44,0,460,0,550,0,13162,3234,5836,429,3663,431846,357287,299727,26422,1406,13449,636,1247,14400,73,14327,74559,48286,2541,766,103,0,17942,4921,2238,2683,431846,357287,74559,431846,357287,74559,52440,3357,1594,81,2166,1759,13162,431846,357287,299727,26422,1406,13449,636,1247,14400,73,14327,74559
ACSSF,2012e1,co,000,0006,0000029,,,,,,,,,,,,,,,,,,,,,,,,,,,,,,,,634265,434399,333741,62460,3354,20201,464,1093,13086,598,12488,199866,146004,2106,2587,1488,0,38668,9013,5473,3540,634265,434399,199866,634265,434399,199866,169674,4962,1144,0,3159,2614,18313,634265,434399,333741,62460,3354,20201,464,1093,13086,598,12488,199866
ACSSF,2012e1,co,000,0006,0000030,,,,,,,,,,,,,,,,,,,,,,,,,,,,,,,,148634,131815,120093,1767,476,4415,373,573,4118,25,4093,16819,11593,314,275,0,0,2219,2418,1047,1371,148634,131815,16819,148634,131815,16819,10376,2403,317,159,467,353,2744,148634,131815,120093,1767,476,4415,373,573,4118,25,4093,16819
ACSSF,2012e1,co,000,0006,0000031,,,,,,,,,,,,,,,,,,,,,,,,,,,,,,,,95365,62990,56841,1958,907,1696,35,286,1267,0,1267,32375,12690,156,625,80,0,16719,2105,1595,510,95365,62990,32375,,,,,,,,,,,95365,62990,56841,1958,907,1696,35,286,1267,0,1267,32375
ACSSF,2012e1,co,000,0006,0000032,,,,,,,,,,,,,,,,,,,,,,,,,,,,,,,,,,,,,,,,,,,,,,,,,,,,,101898,94597,7301,101898,94597,7301,3928,245,0,0,113,1185,1830,101898,94597,84607,435,157,7763,0,133,1502,376,1126,7301
ACSSF,2012e1,co,000,0006,0000033,,,,,,,,,,,,,,,,,,,,,,,,,,,,,,,,145522,112972,101348,2155,1494,4526,0,40,3409,58,3351,32550,28138,257,842,128,0,2002,1183,709,474,145522,112972,32550,145522,112972,32550,25004,839,226,132,2675,671,3003,145522,112972,101348,2155,1494,4526,0,40,3409,58,3351,32550
ACSSF,2012e1,co,000,0006,0000034,,,,,,,,,,,,,,,,,,,,,,,,,,,,,,,,88636,64521,58207,1375,403,3624,0,0,912,0,912,24115,18209,457,61,0,0,4497,891,125,766,88636,64521,24115,,,,,,,,,,,88636,64521,58207,1375,403,3624,0,0,912,0,912,24115
ACSSF,2012e1,co,000,0006,0000035,,,,,,,,,,,,,,,,,,,,,,,,,,,,,,,,,,,,,,,,,,,,,,,,,,,,,70214,61351,8863,,,,,,,,,,,,,,,,,,,,,,
ACSSF,2012e1,co,000,0006,0000036,,,,,,,,,,,,,,,,,,,,,,,,,,,,,,,,107775,51247,45515,2469,898,335,0,0,2030,0,2030,56528,34418,267,1236,95,0,16188,4324,3137,1187,107775,51247,56528,,,,,,,,,,,107775,51247,45515,2469,898,335,0,0,2030,0,2030,56528
ACSSF,2012e1,co,000,0006,0000037,,,,,,,,,,,,,,,,,,,,,,,,,,,,,,,,124131,86484,76083,1158,89,6978,78,122,1976,0,1976,37647,31424,0,543,65,0,4390,1225,426,799,124131,86484,37647,,,,,,,,,,,124131,86484,76083,1158,89,6978,78,122,1976,0,1976,37647
ACSSF,2012e1,co,000,0006,0000038,,,,,,,,,,,,,,,,,,,,,,,,,,,,,,,,,,,,,,,,,,,,,,,,,,,,,109181,87429,21752,109181,87429,21752,15982,776,70,0,68,182,4674,109181,87429,76328,1274,223,6700,0,0,2904,87,2817,21752
ACSSF,2012e1,co,000,0006,0000039,,,,,,,,,,,,,,,,,,,,,,,,,,,,,,,,,,,,,,,,,,,,,,,,,,,,,101812,92889,8923,101812,92889,8923,6083,583,436,171,171,623,856,101812,92889,85298,1204,0,3726,19,159,2483,43,2440,8923
ACSSF,2012e1,co,000,0006,0000040,431846,357287,74559,52440,3357,1594,81,2166,0,454,66,85,818,743,0,1759,99,0,183,423,44,0,460,0,550,0,13162,3234,5836,429,3663,431846,357287,299727,26422,1406,13449,636,1247,14400,73,14327,74559,48286,2541,766,103,0,17942,4921,2238,2683,431846,357287,74559,431846,357287,74559,52440,3357,1594,81,2166,1759,13162,431846,357287,299727,26422,1406,13449,636,1247,14400,73,14327,74559
ACSSF,2012e1,co,000,0006,0000041,,,,,,,,,,,,,,,,,,,,,,,,,,,,,,,,338835,243919,162482,53493,1257,14716,808,307,10856,124,10732,94916,60640,3324,1986,200,0,19746,9020,6856,2164,338835,243919,94916,338835,243919,94916,72537,3181,335,553,6121,2087,10102,338835,243919,162482,53493,1257,14716,808,307,10856,124,10732,94916
ACSSF,2012e1,co,000,0006,0000042,,,,,,,,,,,,,,,,,,,,,,,,,,,,,,,,634265,434399,333741,62460,3354,20201,464,1093,13086,598,12488,199866,146004,2106,2587,1488,0,38668,9013,5473,3540,634265,434399,199866,634265,434399,199866,169674,4962,1144,0,3159,2614,18313,634265,434399,333741,62460,3354,20201,464,1093,13086,598,12488,199866
ACSSF,2012e1,co,000,0006,0000043,,,,,,,,,,,,,,,,,,,,,,,,,,,,,,,,148634,131815,120093,1767,476,4415,373,573,4118,25,4093,16819,11593,314,275,0,0,2219,2418,1047,1371,148634,131815,16819,148634,131815,16819,10376,2403,317,159,467,353,2744,148634,131815,120093,1767,476,4415,373,573,4118,25,4093,16819
ACSSF,2012e1,co,000,0006,0000044,,,,,,,,,,,,,,,,,,,,,,,,,,,,,,,,,,,,,,,,,,,,,,,,,,,,,70214,61351,8863,,,,,,,,,,,,,,,,,,,,,,
ACSSF,2012e1,co,000,0006,0000045,,,,,,,,,,,,,,,,,,,,,,,,,,,,,,,,95365,62990,56841,1958,907,1696,35,286,1267,0,1267,32375,12690,156,625,80,0,16719,2105,1595,510,95365,62990,32375,,,,,,,,,,,95365,62990,56841,1958,907,1696,35,286,1267,0,1267,32375
ACSSF,2012e1,co,000,0006,0000046,,,,,,,,,,,,,,,,,,,,,,,,,,,,,,,,107775,51247,45515,2469,898,335,0,0,2030,0,2030,56528,34418,267,1236,95,0,16188,4324,3137,1187,107775,51247,56528,,,,,,,,,,,107775,51247,45515,2469,898,335,0,0,2030,0,2030,56528
ACSSF,2012e1,co,000,0006,0000047,750153,537643,212510,179668,5165,1144,0,3247,372,1410,577,133,286,469,0,3046,170,255,178,1369,133,0,520,0,244,177,20240,4626,8070,1002,6542,750153,537643,428022,65227,3659,23321,464,1272,15678,1022,14656,212510,153879,2389,2838,1528,0,41596,10280,6169,4111,750153,537643,212510,750153,537643,212510,179668,5165,1144,0,3247,3046,20240,750153,537643,428022,65227,3659,23321,464,1272,15678,1022,14656,212510
ACSSF,2012e1,co,000,0006,0000048,743592,670539,73053,48085,5340,1294,958,2302,350,180,626,256,229,630,31,2812,80,95,482,732,293,0,989,29,112,0,12262,3081,4002,0,5179,743592,670539,624782,4874,1399,21660,769,1994,15061,187,14874,73053,47577,591,1015,198,0,16736,6936,3539,3397,743592,670539,73053,743592,670539,73053,48085,5340,1294,958,2302,2812,12262,743592,670539,624782,4874,1399,21660,769,1994,15061,187,14874,73053
ACSSF,2012e1,co,000,0006,0000049,,,,,,,,,,,,,,,,,,,,,,,,,,,,,,,,720338,544589,513240,6360,9989,4277,595,247,9881,159,9722,175749,117044,1761,5144,198,179,42754,8669,5725,2944,720338,544589,175749,720338,544589,175749,114777,2655,920,90,2837,2317,52153,720338,544589,513240,6360,9989,4277,595,247,9881,159,9722,175749
ACSSF,2012e1,co,000,0006,0000050,738491,577657,160834,124660,2620,1322,266,4669,28,1738,158,945,537,1263,0,2212,97,0,203,229,0,0,902,0,781,0,25085,9115,5059,288,10623,738491,577657,538517,11001,4371,12377,264,662,10465,114,10351,160834,116495,973,1469,80,0,34523,7294,3887,3407,738491,577657,160834,738491,577657,160834,124660,2620,1322,266,4669,2212,25085,738491,577657,538517,11001,4371,12377,264,662,10465,114,10351,160834
ACSSF,2012e1,co,000,0006,0000051,740514,630525,109989,71880,7368,2554,420,4045,273,793,324,367,1070,1218,0,2639,99,0,183,460,417,0,669,7,804,0,21083,5215,7765,493,7610,740514,630525,539263,41506,3450,17370,1103,1286,26547,289,26258,109989,75667,3284,1838,103,282,22309,6506,3126,3380,740514,630525,109989,740514,630525,109989,71880,7368,2554,420,4045,2639,21083,740514,630525,539263,41506,3450,17370,1103,1286,26547,289,26258,109989
ACSSF,2012e1,co,000,0006,0000052,748467,597927,150540,110295,6671,1367,773,7702,0,1791,976,89,222,4624,0,5342,620,145,454,1341,36,0,1159,0,1587,0,18390,6158,4111,295,7826,748467,597927,467488,67441,2299,41237,1319,1503,16640,628,16012,150540,102767,3849,2702,407,0,27585,13230,10034,3196,748467,597927,150540,748467,597927,150540,110295,6671,1367,773,7702,5342,18390,748467,597927,467488,67441,2299,41237,1319,1503,16640,628,16012,150540
ACSSF,2012e1,co,000,0006,0000053,,,,,,,,,,,,,,,,,,,,,,,,,,,,,,,,746027,539960,488526,8442,4612,23999,216,400,13765,251,13514,206067,163406,594,3164,327,117,26698,11761,4590,7171,746027,539960,206067,746027,539960,206067,166730,3357,452,132,5168,2129,28099,746027,539960,488526,8442,4612,23999,216,400,13765,251,13514,206067
ACSSF,2012e1,co,000,0006,0000054,,,,,,,,,,,,,,,,,,,,,,,,,,,,,,,,108211,83793,76703,3807,1219,380,73,0,1611,32,1579,24418,21950,0,57,0,0,1215,1196,643,553,108211,83793,24418,108211,83793,24418,19602,648,32,0,1026,71,3039,108211,83793,76703,3807,1219,380,73,0,1611,32,1579,24418
ACSSF,2012e1,co,000,0006,0000055,,,,,,,,,,,,,,,,,,,,,,,,,,,,,,,,119938,109252,105199,239,251,1023,0,663,1877,0,1877,10686,4626,129,0,0,0,4133,1798,756,1042,119938,109252,10686,,,,,,,,,,,119938,109252,105199,239,251,1023,0,663,1877,0,1877,10686
ACSSF,2012e1,co,000,0006,0000056,,,,,,,,,,,,,,,,,,,,,,,,,,,,,,,,190549,167638,154565,2281,630,4780,373,573,4436,54,4382,22911,16841,314,397,0,0,2537,2822,1230,1592,190549,167638,22911,190549,167638,22911,15515,2403,398,159,467,745,3224,190549,167638,154565,2281,630,4780,373,573,4436,54,4382,22911
ACSSF,2012e1,co,000,0006,0000057,,,,,,,,,,,,,,,,,,,,,,,,,,,,,,,,101913,81961,78436,439,649,1227,86,0,1124,0,1124,19952,9574,1046,57,0,0,8792,483,114,369,101913,81961,19952,101913,81961,19952,18091,32,58,0,102,648,1021,101913,81961,78436,439,649,1227,86,0,1124,0,1124,19952
ACSSF,2012e1,co,000,0006,0000058,,,,,,,,,,,,,,,,,,,,,,,,,,,,,,,,183379,126179,117738,2118,1248,2026,35,286,2728,0,2728,57200,31945,156,905,80,0,21611,2503,1781,722,183379,126179,57200,183379,126179,57200,46563,514,633,0,1214,25,8251,183379,126179,117738,2118,1248,2026,35,286,2728,0,2728,57200
ACSSF,2012e1,co,000,0006,0000059,,,,,,,,,,,,,,,,,,,,,,,,,,,,,,,,,,,,,,,,,,,,,,,,,,,,,110346,89185,21161,110346,89185,21161,15269,359,0,0,1310,1110,3113,110346,89185,86433,579,246,583,368,587,389,16,373,21161
ACSSF,2012e1,co,000,0006,0000060,,,,,,,,,,,,,,,,,,,,,,,,,,,,,,,,104509,87818,80514,3637,998,477,49,0,2143,53,2090,16691,11973,74,741,0,0,3420,483,407,76,104509,87818,16691,,,,,,,,,,,104509,87818,80514,3637,998,477,49,0,2143,53,2090,16691
ACSSF,2012e1,co,000,0006,0000061,,,,,,,,,,,,,,,,,,,,,,,,,,,,,,,,151982,85608,78837,2984,948,649,0,0,2190,78,2112,66374,41419,267,1631,95,95,17550,5317,3780,1537,151982,85608,66374,151982,85608,66374,44845,987,358,0,124,50,20010,151982,85608,78837,2984,948,649,0,0,2190,78,2112,66374
ACSSF,2012e1,co,000,0006,0000062,,,,,,,,,,,,,,,,,,,,,,,,,,,,,,,,100662,59532,56418,784,1047,366,46,28,843,25,818,41130,32854,77,1010,0,0,5223,1966,1345,621,100662,59532,41130,,,,,,,,,,,100662,59532,56418,784,1047,366,46,28,843,25,818,41130
ACSSF,2012e1,co,000,0006,0000063,,,,,,,,,,,,,,,,,,,,,,,,,,,,,,,,,,,,,,,,,,,,,,,,,,,,,108301,104834,3467,108301,104834,3467,2030,358,51,482,84,152,310,,,,,,,,,,,,
ACSSF,2012e1,co,000,0006,0000064,,,,,,,,,,,,,,,,,,,,,,,,,,,,,,,,158080,127280,117919,1584,484,5672,0,60,1561,40,1521,30800,22441,664,101,0,0,6158,1436,266,1170,158080,127280,30800,158080,127280,30800,25384,322,216,59,461,243,4115,158080,127280,117919,1584,484,5672,0,60,1561,40,1521,30800
ACSSF,2012e1,co,000,0006,0000065,,,,,,,,,,,,,,,,,,,,,,,,,,,,,,,,,,,,,,,,,,,,,,,,,,,,,118811,108745,10066,118811,108745,10066,7060,454,436,171,353,736,856,118811,108745,100778,1245,0,3808,19,159,2736,43,2693,10066
ACSSF,2012e1,co,000,0006,0000066,,,,,,,,,,,,,,,,,,,,,,,,,,,,,,,,148899,131244,115379,617,134,11549,0,203,3362,0,3362,17655,11949,0,617,52,0,3874,1163,398,765,148899,131244,17655,148899,131244,17655,11903,836,331,0,462,575,3548,148899,131244,115379,617,134,11549,0,203,3362,0,3362,17655
ACSSF,2012e1,co,000,0006,0000067,,,,,,,,,,,,,,,,,,,,,,,,,,,,,,,,120321,91427,81205,1429,274,6303,0,0,2216,87,2129,28894,22879,93,0,0,117,3514,2291,1107,1184,120321,91427,28894,120321,91427,28894,23579,749,94,0,304,224,3944,120321,91427,81205,1429,274,6303,0,0,2216,87,2129,28894
ACSSF,2012e1,co,000,0006,0000068,,,,,,,,,,,,,,,,,,,,,,,,,,,,,,,,142417,93693,82577,1393,294,6965,78,197,2189,0,2189,48724,39390,23,722,65,0,6554,1970,511,1459,142417,93693,48724,142417,93693,48724,39827,664,0,0,1257,97,6879,142417,93693,82577,1393,294,6965,78,197,2189,0,2189,48724
ACSSF,2012e1,co,000,0006,0000069,,,,,,,,,,,,,,,,,,,,,,,,,,,,,,,,158566,80919,70417,2872,1255,3188,69,0,3118,100,3018,77647,63165,118,699,0,0,9873,3792,1225,2567,158566,80919,77647,158566,80919,77647,65948,2394,353,0,219,822,7911,158566,80919,70417,2872,1255,3188,69,0,3118,100,3018,77647
ACSSF,2012e1,co,000,0006,0000070,,,,,,,,,,,,,,,,,,,,,,,,,,,,,,,,107303,92690,69543,10037,486,9038,246,75,3265,0,3265,14613,7475,322,143,0,0,2978,3695,3063,632,107303,92690,14613,107303,92690,14613,8767,1440,0,141,0,1589,2676,107303,92690,69543,10037,486,9038,246,75,3265,0,3265,14613
ACSSF,2012e1,co,000,0006,0000071,,,,,,,,,,,,,,,,,,,,,,,,,,,,,,,,117678,88767,59170,20914,240,4005,16,175,4247,0,4247,28911,19817,846,617,51,0,5115,2465,1888,577,117678,88767,28911,117678,88767,28911,20899,1505,23,268,2982,722,2512,117678,88767,59170,20914,240,4005,16,175,4247,0,4247,28911
ACSSF,2012e1,co,000,0006,0000072,,,,,,,,,,,,,,,,,,,,,,,,,,,,,,,,121761,73737,41610,22469,722,5708,110,132,2986,124,2862,48024,31181,956,1226,149,0,10421,4091,2875,1216,121761,73737,48024,121761,73737,48024,38816,527,312,0,2321,577,5471,121761,73737,41610,22469,722,5708,110,132,2986,124,2862,48024
ACSSF,2012e1,co,000,0006,0000073,,,,,,,,,,,,,,,,,,,,,,,,,,,,,,,,112210,105285,95596,1206,349,5385,265,926,1558,92,1466,6925,4498,57,125,0,0,1691,554,254,300,112210,105285,6925,112210,105285,6925,4319,219,362,79,600,542,804,112210,105285,95596,1206,349,5385,265,926,1558,92,1466,6925
ACSSF,2012e1,co,000,0006,0000074,,,,,,,,,,,,,,,,,,,,,,,,,,,,,,,,165112,108117,62366,36790,994,4084,194,296,3393,31,3362,56995,46968,709,121,628,0,6998,1571,857,714,165112,108117,56995,165112,108117,56995,50049,3027,105,0,511,57,3246,165112,108117,62366,36790,994,4084,194,296,3393,31,3362,56995
ACSSF,2012e1,co,000,0006,0000075,,,,,,,,,,,,,,,,,,,,,,,,,,,,,,,,101956,63532,53156,6491,579,1804,176,61,1265,48,1217,38424,27354,93,1655,288,0,7308,1726,1430,296,101956,63532,38424,101956,63532,38424,31954,587,217,0,666,326,4674,101956,63532,53156,6491,579,1804,176,61,1265,48,1217,38424
ACSSF,2012e1,co,000,0006,0000076,,,,,,,,,,,,,,,,,,,,,,,,,,,,,,,,,,,,,,,,,,,,,,,,,,,,,109200,100752,8448,109200,100752,8448,5460,165,415,0,392,691,1325,109200,100752,91889,2536,387,2871,35,401,2633,0,2633,8448
ACSSF,2012e1,co,000,0006,0000077,,,,,,,,,,,,,,,,,,,,,,,,,,,,,,,,164409,140457,102367,21421,527,11702,59,335,4046,246,3800,23952,12910,1291,0,349,0,7462,1940,954,986,164409,140457,23952,164409,140457,23952,15774,1945,581,0,870,1020,3762,164409,140457,102367,21421,527,11702,59,335,4046,246,3800,23952
ACSSF,2012e1,co,000,0006,0000078,,,,,,,,,,,,,,,,,,,,,,,,,,,,,,,,124559,46452,39380,1303,867,3121,0,0,1781,273,1508,78107,57893,0,619,367,0,15899,3329,2198,1131,124559,46452,78107,124559,46452,78107,70610,303,114,0,789,703,5588,124559,46452,39380,1303,867,3121,0,0,1781,273,1508,78107
ACSSF,2012e1,co,000,0006,0000079,,,,,,,,,,,,,,,,,,,,,,,,,,,,,,,,113001,95361,90140,846,952,1726,26,26,1645,0,1645,17640,10009,138,555,0,0,5505,1433,730,703,113001,95361,17640,113001,95361,17640,12213,73,132,0,148,223,4851,113001,95361,90140,846,952,1726,26,26,1645,0,1645,17640
ACSSF,2012e1,co,000,0006,0000080,,,,,,,,,,,,,,,,,,,,,,,,,,,,,,,,120287,92116,84422,760,1426,3029,43,10,2426,100,2326,28171,24233,83,743,202,0,1880,1030,721,309,120287,92116,28171,120287,92116,28171,24064,167,0,0,610,402,2928,120287,92116,84422,760,1426,3029,43,10,2426,100,2326,28171
ACSSF,2012e1,co,000,0006,0000081,,,,,,,,,,,,,,,,,,,,,,,,,,,,,,,,136248,110485,101849,2107,567,3583,0,40,2339,90,2249,25763,21537,333,601,60,0,1984,1248,411,837,136248,110485,25763,136248,110485,25763,17596,1183,226,0,2636,760,3362,136248,110485,101849,2107,567,3583,0,40,2339,90,2249,25763
ACSSF,2012e1,co,000,0006,0000082,,,,,,,,,,,,,,,,,,,,,,,,,,,,,,,,107332,91744,84334,2282,190,1803,0,220,2915,424,2491,15588,10796,177,537,40,0,2701,1337,873,464,107332,91744,15588,107332,91744,15588,13357,170,29,132,285,312,1303,107332,91744,84334,2282,190,1803,0,220,2915,424,2491,15588
ACSSF,2012e1,co,000,0006,0000083,,,,,,,,,,,,,,,,,,,,,,,,,,,,,,,,,,,,,,,,,,,,,,,,,,,,,125240,115754,9486,125240,115754,9486,4145,882,0,146,167,1281,2865,125240,115754,107187,2144,242,4878,0,133,1170,0,1170,9486
ACSSF,2012e1,co,000,0006,0000084,,,,,,,,,,,,,,,,,,,,,,,,,,,,,,,,,,,,,,,,,,,,,,,,,,,,,106574,96508,10066,106574,96508,10066,6185,206,441,0,1109,511,1614,106574,96508,87064,926,482,5636,64,47,2289,376,1913,10066
ACSSF,2012e1,co,000,0006,0000085,,,,,,,,,,,,,,,,,,,,,,,,,,,,,,,,,,,,,,,,,,,,,,,,,,,,,115161,107664,7497,115161,107664,7497,4059,209,0,175,859,1304,891,115161,107664,102278,1165,154,1812,89,0,2166,27,2139,7497
ACSSF,2012e1,co,000,0006,0000086,,,,,,,,,,,,,,,,,,,,,,,,,,,,,,,,104242,80324,66139,5288,714,5047,682,329,2125,0,2125,23918,15718,1386,52,0,0,5427,1335,1200,135,104242,80324,23918,,,,,,,,,,,104242,80324,66139,5288,714,5047,682,329,2125,0,2125,23918
ACSSF,2012e1,co,000,0006,0000087,,,,,,,,,,,,,,,,,,,,,,,,,,,,,,,,110515,97034,88010,461,6596,597,10,31,1329,0,1329,13481,9816,229,502,0,0,2726,208,177,31,110515,97034,13481,110515,97034,13481,6041,1174,266,90,155,0,5755,110515,97034,88010,461,6596,597,10,31,1329,0,1329,13481
ACSSF,2012e1,co,000,0006,0000088,,,,,,,,,,,,,,,,,,,,,,,,,,,,,,,,129445,110231,105236,804,340,629,112,36,3074,55,3019,19214,13828,116,1046,103,84,3041,996,680,316,129445,110231,19214,129445,110231,19214,12672,389,238,0,491,779,4645,129445,110231,105236,804,340,629,112,36,3074,55,3019,19214
ACSSF,2012e1,co,000,0006,0000089,,,,,,,,,,,,,,,,,,,,,,,,,,,,,,,,,,,,,,,,,,,,,,,,,,,,,100112,85961,14151,,,,,,,,,,,100112,85961,82902,740,349,572,327,49,1022,0,1022,14151
ACSSF,2012e1,co,000,0006,0000090,,,,,,,,,,,,,,,,,,,,,,,,,,,,,,,,,,,,,,,,,,,,,,,,,,,,,119346,107427,11919,119346,107427,11919,6315,2338,0,339,758,585,1584,119346,107427,93820,8477,872,1338,79,0,2841,0,2841,11919
ACSSF,2012e1,co,000,0006,0000091,,,,,,,,,,,,,,,,,,,,,,,,,,,,,,,,124221,106462,91416,6254,575,3132,155,440,4490,0,4490,17759,13215,771,364,0,0,2076,1333,278,1055,124221,106462,17759,124221,106462,17759,9698,907,349,0,731,455,5619,124221,106462,91416,6254,575,3132,155,440,4490,0,4490,17759
ACSSF,2012e1,co,000,0006,0000092,,,,,,,,,,,,,,,,,,,,,,,,,,,,,,,,97697,85378,75210,3592,403,2095,284,282,3512,0,3512,12319,8088,781,63,0,0,2136,1251,681,570,97697,85378,12319,97697,85378,12319,8515,105,28,0,248,657,2766,97697,85378,75210,3592,403,2095,284,282,3512,0,3512,12319
ACSSF,2012e1,co,000,0006,0000093,,,,,,,,,,,,,,,,,,,,,,,,,,,,,,,,,,,,,,,,,,,,,,,,,,,,,106389,92170,14219,106389,92170,14219,10438,873,124,0,48,329,2407,106389,92170,78227,4840,42,3481,339,81,5160,73,5087,14219
ACSSF,2012e1,co,000,0006,0000094,,,,,,,,,,,,,,,,,,,,,,,,,,,,,,,,110959,74970,54026,12574,459,2377,199,306,5029,57,4972,35989,21571,1011,141,103,0,11386,1777,1166,611,110959,74970,35989,110959,74970,35989,28141,2324,608,0,682,456,3778,110959,74970,54026,12574,459,2377,199,306,5029,57,4972,35989
ACSSF,2012e1,co,000,0006,0000095,,,,,,,,,,,,,,,,,,,,,,,,,,,,,,,,,,,,,,,,,,,,,,,,,,,,,109741,100354,9387,109741,100354,9387,4128,643,1445,81,1221,144,1725,109741,100354,87929,2352,393,4470,24,177,5009,106,4903,9387
ACSSF,2012e1,co,000,0006,0000096,,,,,,,,,,,,,,,,,,,,,,,,,,,,,,,,,,,,,,,,,,,,,,,,,,,,,101900,93664,8236,101900,93664,8236,3723,226,1301,81,1060,227,1618,101900,93664,80956,2924,390,5146,93,177,3978,106,3872,8236
ACSSF,2012e1,co,000,0006,0000097,,,,,,,,,,,,,,,,,,,,,,,,,,,,,,,,216839,139216,83287,39279,889,7972,224,307,7258,124,7134,77623,50790,2444,1803,28,0,16514,6044,4381,1663,216839,139216,77623,216839,139216,77623,59654,2043,312,445,5665,1374,8130,216839,139216,83287,39279,889,7972,224,307,7258,124,7134,77623
ACSSF,2012e1,co,000,0006,0000098,,,,,,,,,,,,,,,,,,,,,,,,,,,,,,,,219264,199450,181640,1328,116,11466,19,274,4607,43,4564,19814,12337,148,547,52,0,5625,1105,700,405,219264,199450,19814,219264,199450,19814,13478,1083,767,171,734,1225,2356,219264,199450,181640,1328,116,11466,19,274,4607,43,4564,19814
ACSSF,2012e1,co,000,0006,0000099,,,,,,,,,,,,,,,,,,,,,,,,,,,,,,,,,,,,,,,,,,,,,,,,,,,,,76362,50927,25435,76362,50927,25435,19934,1927,353,0,188,668,2365,76362,50927,45477,1434,180,1507,0,0,2329,36,2293,25435
ACSSF,2012e1,co,000,0006,0000100,,,,,,,,,,,,,,,,,,,,,,,,,,,,,,,,285562,249237,191364,26111,1104,22804,1095,878,5881,0,5881,36325,21208,1208,269,379,0,7644,5617,4495,1122,285562,249237,36325,285562,249237,36325,23556,2798,673,249,1374,2289,5386,285562,249237,191364,26111,1104,22804,1095,878,5881,0,5881,36325
ACSSF,2012e1,co,000,0006,0000101,,,,,,,,,,,,,,,,,,,,,,,,,,,,,,,,233348,194839,169761,10759,865,4451,346,803,7854,73,7781,38509,23447,1277,517,0,0,10683,2585,1098,1487,233348,194839,38509,233348,194839,38509,28118,669,152,0,763,915,7892,233348,194839,169761,10759,865,4451,346,803,7854,73,7781,38509
ACSSF,2012e1,co,000,0006,0000102,,,,,,,,,,,,,,,,,,,,,,,,,,,,,,,,634265,434399,333741,62460,3354,20201,464,1093,13086,598,12488,199866,146004,2106,2587,1488,0,38668,9013,5473,3540,634265,434399,199866,634265,434399,199866,169674,4962,1144,0,3159,2614,18313,634265,434399,333741,62460,3354,20201,464,1093,13086,598,12488,199866
ACSSF,2012e1,co,000,0006,0000103,,,,,,,,,,,,,,,,,,,,,,,,,,,,,,,,300596,276262,254189,3539,808,12212,153,180,5181,376,4805,24334,19538,149,50,0,0,3097,1500,892,608,300596,276262,24334,300596,276262,24334,12975,1241,441,175,2076,3012,4414,300596,276262,254189,3539,808,12212,153,180,5181,376,4805,24334
ACSSF,2012e1,co,000,0006,0000104,,,,,,,,,,,,,,,,,,,,,,,,,,,,,,,,,,,,,,,,,,,,,,,,,,,,,72955,63547,9408,72955,63547,9408,5590,817,0,0,464,292,2245,72955,63547,54444,2879,186,1990,301,0,3747,0,3747,9408
ACSSF,2012e1,co,000,0006,0000105,,,,,,,,,,,,,,,,,,,,,,,,,,,,,,,,192313,169185,156248,2281,630,4644,373,573,4436,54,4382,23128,16929,443,397,0,0,2537,2822,1230,1592,192313,169185,23128,192313,169185,23128,15482,2403,398,159,467,745,3474,192313,169185,156248,2281,630,4644,373,573,4436,54,4382,23128
ACSSF,2012e1,co,000,0006,0000106,,,,,,,,,,,,,,,,,,,,,,,,,,,,,,,,144721,124942,119470,804,488,663,112,36,3369,55,3314,19779,14063,116,1046,103,84,3371,996,680,316,144721,124942,19779,144721,124942,19779,12942,389,238,0,491,779,4940,144721,124942,119470,804,488,663,112,36,3369,55,3314,19779
ACSSF,2012e1,co,000,0006,0000107,,,,,,,,,,,,,,,,,,,,,,,,,,,,,,,,123033,77635,70990,1797,1045,1820,35,286,1662,0,1662,45398,22012,156,573,80,0,20331,2246,1651,595,123033,77635,45398,123033,77635,45398,36957,514,633,0,1080,0,6214,123033,77635,70990,1797,1045,1820,35,286,1662,0,1662,45398
ACSSF,2012e1,co,000,0006,0000108,,,,,,,,,,,,,,,,,,,,,,,,,,,,,,,,72746,48214,32697,8958,445,1702,168,267,3977,0,3977,24532,15151,1094,249,103,0,6558,1377,875,502,72746,48214,24532,72746,48214,24532,17627,2018,117,0,587,541,3642,72746,48214,32697,8958,445,1702,168,267,3977,0,3977,24532
ACSSF,2012e1,co,000,0006,0000109,549160,467057,82103,59615,1799,479,760,3640,23,2386,42,109,133,916,31,1976,87,56,0,517,345,0,688,107,176,0,13834,5090,5424,458,2862,549160,467057,434505,6060,3156,13188,69,308,9771,232,9539,82103,64665,590,2033,408,0,9065,5342,2509,2833,549160,467057,82103,549160,467057,82103,59615,1799,479,760,3640,1976,13834,549160,467057,434505,6060,3156,13188,69,308,9771,232,9539,82103
ACSSF,2012e1,co,000,0006,0000110,,,,,,,,,,,,,,,,,,,,,,,,,,,,,,,,94047,83899,79167,924,167,1899,0,238,1504,92,1412,10148,7704,6,541,0,0,1247,650,340,310,94047,83899,10148,94047,83899,10148,8361,197,29,79,417,304,761,94047,83899,79167,924,167,1899,0,238,1504,92,1412,10148
ACSSF,2012e1,co,000,0006,0000111,,,,,,,,,,,,,,,,,,,,,,,,,,,,,,,,156792,125946,116892,1751,484,5138,0,0,1681,40,1641,30846,22548,664,101,0,0,6097,1436,266,1170,156792,125946,30846,156792,125946,30846,25492,322,216,59,461,204,4092,156792,125946,116892,1751,484,5138,0,0,1681,40,1641,30846
ACSSF,2012e1,co,000,0006,0000112,,,,,,,,,,,,,,,,,,,,,,,,,,,,,,,,106924,97039,92929,239,223,1217,0,663,1768,0,1768,9885,4025,0,0,0,0,4062,1798,756,1042,106924,97039,9885,,,,,,,,,,,106924,97039,92929,239,223,1217,0,663,1768,0,1768,9885
ACSSF,2012e1,co,000,0006,0000113,,,,,,,,,,,,,,,,,,,,,,,,,,,,,,,,110027,52550,46818,2469,898,335,0,0,2030,0,2030,57477,35301,267,1236,95,0,16223,4355,3168,1187,110027,52550,57477,110027,52550,57477,38964,850,313,0,124,50,17176,110027,52550,46818,2469,898,335,0,0,2030,0,2030,57477
ACSSF,2012e1,co,000,0006,0000114,,,,,,,,,,,,,,,,,,,,,,,,,,,,,,,,226448,164073,144973,2557,522,11821,0,176,4024,0,4024,62375,51918,23,518,65,117,5920,3814,1358,2456,226448,164073,62375,226448,164073,62375,51507,1003,0,0,1516,187,8162,226448,164073,144973,2557,522,11821,0,176,4024,0,4024,62375
ACSSF,2012e1,co,000,0006,0000115,,,,,,,,,,,,,,,,,,,,,,,,,,,,,,,,69944,37347,31681,482,1029,3414,69,0,672,109,563,32597,22960,93,279,0,0,7956,1309,674,635,69944,37347,32597,69944,37347,32597,27331,940,24,0,76,77,4149,69944,37347,31681,482,1029,3414,69,0,672,109,563,32597
