ACSSF,2012m1,co,000,0008,0000001,0,189,222,177,5469,1130,307,82,114,717,115,131,685,427,276,536,189,655,1331,362,819,562,1922,412,578,1097,189,368,828,189,2326,655,3219,4110,747,7745,260,2317,1145,5719,1554,11234,116,1252,189,1699,179,233,10526,228,6441,342,1773,235,132,189,195,630,4082,313,4169,1009,628,2324,1785,2724,4287,576,523,842,510,189,1338,189,227,539,189,189,80,189,189,71,52,189,59,189,1179,68,4152,1838,418,1319,2954,1752,471,189,215,52,189,987,169,1035,393,189,442,189,1185,11480,22449,0,5469,1130,1922,2326,3219,4110,7745,2317,5719,1554,11234,1252,1699,10526,6441,1773,4082,4169,1009,2324,2724,4287,842,1338,4152,1838,1319,2954,1752,12410,22449
ACSSF,2012m1,co,000,0008,0000002,13863,189,222,189,5435,903,307,82,189,594,115,131,451,427,270,481,189,585,1294,362,614,562,1895,59,419,1067,189,304,706,189,2159,587,3035,3642,707,7936,260,2169,1121,5602,1553,10485,116,1152,189,1611,176,225,9737,228,6082,342,1683,235,132,189,195,624,3471,274,3826,1001,639,2273,1715,2497,4165,545,446,751,463,189,1338,189,227,539,189,189,80,189,189,71,52,189,59,189,1179,68,3784,1715,174,1292,2701,1723,471,189,215,52,189,952,169,1035,360,189,442,189,1168,10540,23321,13863,5435,903,1895,2159,3035,3642,7936,2169,5602,1553,10485,1152,1611,9737,6082,1683,3471,3826,1001,2273,2497,4165,751,1338,3784,1715,1292,2701,1723,11479,23321
ACSSF,2012m1,co,000,0008,0000003,,,,,,,,,,,,,,,,,,,,,,,,,,,,,,,,,,,,,,,,,,,,,,,,,,,,,,,,,,,,,,,,,,,,,,,,,,,,,,,,,,,,,,,,,,,,,,,,,,,,,,,,,,,,,,13863,1055,632,415,584,950,1506,2950,936,1525,446,4023,399,731,3909,1789,376,1793,1464,317,649,1053,1400,303,189,1143,902,128,1111,243,3586,12776
ACSSF,2012m1,co,000,0008,0000004,1672,189,222,177,5360,994,307,82,189,528,115,131,677,427,276,495,189,655,1407,362,797,562,1899,412,557,1032,189,359,795,189,1995,639,3191,3808,758,7841,260,2226,1171,5680,1553,11121,116,1254,189,1672,176,225,10671,228,6576,342,1681,235,132,189,195,563,3975,297,4064,1009,613,2333,1785,2496,4134,576,506,842,499,189,1338,189,227,539,189,189,80,189,189,71,52,189,59,189,1179,68,4001,1816,418,1319,2902,1723,471,189,215,52,189,952,169,1035,360,189,442,189,1183,10382,21573,1672,5360,994,1899,1995,3191,3808,7841,2226,5680,1553,11121,1254,1672,10671,6576,1681,3975,4064,1009,2333,2496,4134,842,1338,4001,1816,1319,2902,1723,11222,21573
ACSSF,2012m1,co,000,0008,0000005,0,189,222,177,5322,994,307,82,189,528,115,131,677,427,276,489,189,655,1413,354,649,562,1892,412,554,1032,189,359,788,189,1885,633,3034,3720,717,7608,260,2190,1157,5306,1582,11345,116,1252,189,1348,176,225,10177,228,6451,342,1681,235,132,189,195,563,3994,297,4011,993,613,2319,1648,2508,4019,576,478,852,465,189,1201,189,227,539,189,189,80,189,189,71,52,189,59,189,1040,68,3876,1824,418,1315,2497,1723,471,189,215,52,189,952,169,1035,360,189,442,189,1181,9945,21518,0,5322,994,1892,1885,3034,3720,7608,2190,5306,1582,11345,1252,1348,10177,6451,1681,3994,4011,993,2319,2508,4019,852,1201,3876,1824,1315,2497,1723,10846,21518
ACSSF,2012m1,co,000,0008,0000006,,,,,,,,,,,,,,,,,,,,,,,,,,,,,,,,,,,,,,,,,,,,,,,,,,,,,,,,,,,,,,,,,,,,,,,,,,,,,,,,,,,,,,,,,,,,,,,,,,,,,,,,,,,,,,95,3438,555,872,1316,2501,2104,4868,1337,4130,745,6093,830,494,6373,3710,962,1796,2611,707,1405,1432,2834,446,1036,2294,915,1060,1784,719,7692,15757
ACSSF,2012m1,co,000,0008,0000007,,,,,,,,,,,,,,,,,,,,,,,,,,,,,,,,,,,,,,,,,,,,,,,,,,,,,,,,,,,,,,,,,,,,,,,,,,,,,,,,,,,,,,,,,,,,,,,,,,,,,,,,,,,,,,95,3772,857,1713,1346,1908,3433,5614,1888,4084,1327,8657,1006,1259,7340,5257,1369,3322,3253,706,1716,1918,2763,668,562,2837,1617,670,1705,1475,8122,16614
ACSSF,2012m1,co,000,0008,0000008,,,,,,,,,,,,,,,,,,,,,,,,,,,,,,,,,,,,,,,,,,,,,,,,,,,,,,,,,,,,,,,,,,,,,,,,,,,,,,,,,,,,,,,,,,,,,,,,,,,,,,,,,,,,,,1672,529,31,347,711,898,657,1903,235,1738,221,2545,44,803,2643,922,14,897,741,92,706,478,1019,103,474,652,341,71,1011,189,2584,5212
ACSSF,2012m1,co,000,0008,0000009,,,,,,,,,,,,,,,,,,,,,,,,,,,,,,,,,,,,,,,,,,,,,,,,,,,,,,,,,,,,,,,,,,,,,,,,,,,,,,,,,,,,,,,,,,,,,,,,,,,,,,,,,,,,,,5941,411,189,141,345,173,502,1151,142,840,189,1328,189,712,1304,493,14,535,383,92,468,283,752,103,189,387,270,51,273,189,1174,5509
ACSSF,2012m1,co,000,0008,0000010,,,,,,,,,,,,,,,,,,,,,,,,,,,,,,,,,,,,,,,,,,,,,,,,,,,,,,,,,,,,,,,,,,,,,,,,,,,,,,,,,,,,,,,,,,,,,,,,,,,,,,,,,,,,,,6463,358,31,319,613,863,522,1559,191,1391,221,2090,44,384,2283,793,189,651,586,189,490,361,610,189,474,526,244,51,1000,189,2200,6496
ACSSF,2012m1,co,000,0008,0000011,,,,,,,,,,,,,,,,,,,,,,,,,,,,,,,,,,,,,,,,,,,,,,,,,,,,,,,,,,,,,,,,,,,,,,,,,,,,,,,,,,,,,,,,,,,,,,,,,,,,,,,,,,,,,,1672,826,440,334,911,447,1065,1741,562,873,278,2536,183,333,1908,1088,432,714,895,134,591,1061,1023,189,189,1001,396,189,1094,243,2899,5592
ACSSF,2012m1,co,000,0008,0000012,,,,,,,,,,,,,,,,,,,,,,,,,,,,,,,,,,,,,,,,,,,,,,,,,,,,,,,,,,,,,,,,,,,,,,,,,,,,,,,,,,,,,,,,,,,,,,,,,,,,,,,,,,,,,,0,986,442,502,1193,973,1291,2486,641,1920,341,3781,197,861,3459,1459,431,1109,1177,168,965,1246,1556,103,474,1136,509,71,1511,243,3935,7357
ACSSF,2012m1,co,000,0008,0000013,,,,,,,,,,,,,,,,,,,,,,,,,,,,,,,,,,,,,,,,,,,,,,,,,,,,,,,,,,,,,,,,,,,,,,,,,,,,,,,,,,,,,,,,,,,,,,,,,,,,,,,,,,,,,,0,2761,487,338,676,360,1095,1915,576,1990,349,2963,196,283,2418,2256,168,1363,851,275,472,745,1298,254,72,896,798,219,753,331,3511,7406
ACSSF,2012m1,co,000,0008,0000014,,,,,,,,,,,,,,,,,,,,,,,,,,,,,,,,,,,,,,,,,,,,,,,,,,,,,,,,,,,,,,,,,,,,,,,,,,,,,,,,,,,,,,,,,,,,,,,,,,,,,,,,,,,,,,0,1288,349,517,708,512,1325,2580,417,1430,509,2703,584,442,3570,1298,356,1186,1167,549,986,764,903,220,545,1034,1042,675,574,170,4417,7978
ACSSF,2012m1,co,000,0008,0000015,,,,,,,,,,,,,,,,,,,,,,,,,,,,,,,,,,,,,,,,,,,,,,,,,,,,,,,,,,,,,,,,,,,,,,,,,,,,,,,,,,,,,,,,,,,,,,,,,,,,,,,,,,,,,,0,1136,157,705,585,600,1106,1886,520,1105,518,2248,237,340,1935,1273,207,753,1083,203,516,528,1124,282,370,979,521,170,801,393,2720,4125
ACSSF,2012m1,co,000,0008,0000016,,,,,,,,,,,,,,,,,,,,,,,,,,,,,,,,,,,,,,,,,,,,,,,,,,,,,,,,,,,,,,,,,,,,,,,,,,,,,,,,,,,,,,,,,,,,,,,,,,,,,,,,,,,,,,0,1907,491,452,657,677,1538,2270,450,1910,606,3020,303,323,2368,1688,857,1084,1649,144,743,660,1969,275,501,1284,624,357,787,154,3867,7213
ACSSF,2012m1,co,000,0008,0000017,,,,,,,,,,,,,,,,,,,,,,,,,,,,,,,,,,,,,,,,,,,,,,,,,,,,,,,,,,,,,,,,,,,,,,,,,,,,,,,,,,,,,,,,,,,,,,,,,,,,,,,,,,,,,,0,557,318,1196,400,1002,1012,2718,523,1715,480,3549,445,421,2966,1502,226,1452,1695,256,880,951,1387,100,80,1985,420,441,495,189,2433,5746
ACSSF,2012m1,co,000,0008,0000018,,,,,,,,,,,,,,,,,,,,,,,,,,,,,,,,,,,,,,,,,,,,,,,,,,,,,,,,,,,,,,,,,,,,,,,,,,,,,,,,,,,,,,,,,,,,,,,,,,,,,,,,,,,,,,0,1320,265,258,556,1131,1191,3719,1167,2437,447,3441,696,405,4574,2619,531,1593,1571,467,739,1350,1669,324,148,1279,982,746,1123,1197,5692,8016
ACSSF,2012m1,co,000,0008,0000019,,,,,,,,,,,,,,,,,,,,,,,,,,,,,,,,,,,,,,,,,,,,,,,,,,,,,,,,,,,,,,,,,,,,,,,,,,,,,,,,,,,,,,,,,,,,,,,,,,,,,,,,,,,,,,0,1031,322,497,728,798,1359,2583,721,1809,650,4164,412,582,3184,2923,160,1143,1410,280,759,560,1446,273,130,1247,538,276,825,189,3288,7776
ACSSF,2012m1,co,000,0008,0000020,,,,,,,,,,,,,,,,,,,,,,,,,,,,,,,,,,,,,,,,,,,,,,,,,,,,,,,,,,,,,,,,,,,,,,,,,,,,,,,,,,,,,,,,,,,,,,,,,,,,,,,,,,,,,,0,980,158,496,707,2313,1334,2109,1243,1591,234,3805,241,231,2754,1233,351,917,1141,99,657,400,824,256,722,993,357,172,510,501,2342,5805
ACSSF,2012m1,co,000,0008,0000021,,,,,,,,,,,,,,,,,,,,,,,,,,,,,,,,,,,,,,,,,,,,,,,,,,,,,,,,,,,,,,,,,,,,,,,,,,,,,,,,,,,,,,,,,,,,,,,,,,,,,,,,,,,,,,0,400,348,77,48,589,1150,1617,102,1232,181,1589,63,1044,2191,1104,1106,1416,587,189,111,743,840,235,189,584,125,189,174,759,2225,4518
ACSSF,2012m1,co,000,0008,0000022,,,,,,,,,,,,,,,,,,,,,,,,,,,,,,,,,,,,,,,,,,,,,,,,,,,,,,,,,,,,,,,,,,,,,,,,,,,,,,,,,,,,,,,,,,,,,,,,,,,,,,,,,,,,,,0,517,186,106,149,267,388,1214,90,540,81,1755,189,84,1201,1127,113,405,566,47,171,247,373,123,63,528,89,134,323,189,2182,3461
ACSSF,2012m1,co,000,0008,0000023,,,,,,,,,,,,,,,,,,,,,,,,,,,,,,,,,,,,,,,,,,,,,,,,,,,,,,,,,,,,,,,,,,,,,,,,,,,,,,,,,,,,,,,,,,,,,,,,,,,,,,,,,,,,,,0,929,189,333,224,544,441,1362,135,1009,165,1924,167,88,2039,654,33,929,505,77,565,288,421,137,189,820,170,44,236,189,1749,4226
ACSSF,2012m1,co,000,0008,0000024,,,,,,,,,,,,,,,,,,,,,,,,,,,,,,,,,,,,,,,,,,,,,,,,,,,,,,,,,,,,,,,,,,,,,,,,,,,,,,,,,,,,,,,,,,,,,,,,,,,,,,,,,,,,,,1194,385,288,119,256,536,932,1059,202,527,283,1879,103,431,1938,796,59,784,1259,175,237,248,578,189,49,487,209,189,420,189,1762,3402
ACSSF,2012m1,co,000,0008,0000025,,,,,,,,,,,,,,,,,,,,,,,,,,,,,,,,,,,,,,,,,,,,,,,,,,,,,,,,,,,,,,,,,,,,,,,,,,,,,,,,,,,,,,,,,,,,,,,,,,,,,,,,,,,,,,95,1088,189,310,370,385,687,1896,273,841,375,2456,454,118,2595,886,336,962,699,405,777,502,676,158,180,610,175,663,364,129,3148,6267
ACSSF,2012m1,co,000,0008,0000026,,,,,,,,,,,,,,,,,,,,,,,,,,,,,,,,,,,,,,,,,,,,,,,,,,,,,,,,,,,,,,,,,,,,,,,,,,,,,,,,,,,,,,,,,,,,,,,,,,,,,,,,,,,,,,31,1033,157,458,260,232,404,1124,449,815,234,1271,172,208,934,780,122,304,923,203,364,289,601,89,370,578,263,170,516,115,1288,2862
ACSSF,2012m1,co,000,0008,0000027,,,,,,,,,,,,,,,,,,,,,,,,,,,,,,,,,,,,,,,,,,,,,,,,,,,,,,,,,,,,,,,,,,,,,,,,,,,,,,,,,,,,,,,,,,,,,,,,,,,,,,,,,,,,,,49,724,339,107,174,123,973,1423,216,624,124,1406,156,90,1543,630,64,478,659,189,347,233,422,86,68,262,1005,87,220,89,1277,3567
ACSSF,2012m1,co,000,0008,0000028,,,,,,,,,,,,,,,,,,,,,,,,,,,,,,,,,,,,,,,,,,,,,,,,,,,,,,,,,,,,,,,,,,,,,,,,,,,,,,,,,,,,,,,,,,,,,,,,,,,,,,,,,,,,,,59,1068,189,256,549,582,864,2918,689,2015,245,2903,410,274,3825,2537,369,883,1374,424,604,867,1346,163,135,1189,574,746,951,650,4024,7198
ACSSF,2012m1,co,000,0008,0000029,,,,,,,,,,,,,,,,,,,,,,,,,,,,,,,,,,,,,,,,,,,,,,,,,,,,,,,,,,,,,,,,,,,,,,,,,,,,,,,,,,,,,,,,,,,,,,,,,,,,,,,,,,,,,,0,1907,491,452,657,677,1538,2270,450,1910,606,3020,303,323,2368,1688,857,1084,1649,144,743,660,1969,275,501,1284,624,357,787,154,3867,7213
ACSSF,2012m1,co,000,0008,0000030,,,,,,,,,,,,,,,,,,,,,,,,,,,,,,,,,,,,,,,,,,,,,,,,,,,,,,,,,,,,,,,,,,,,,,,,,,,,,,,,,,,,,,,,,,,,,,,,,,,,,,,,,,,,,,73,484,189,169,409,517,667,1096,707,921,137,2305,110,109,1869,789,222,657,652,99,592,183,573,231,431,893,172,87,412,189,1824,4104
ACSSF,2012m1,co,000,0008,0000031,,,,,,,,,,,,,,,,,,,,,,,,,,,,,,,,,,,,,,,,,,,,,,,,,,,,,,,,,,,,,,,,,,,,,,,,,,,,,,,,,,,,,,,,,,,,,,,,,,,,,,,,,,,,,,35,788,189,200,52,338,327,548,150,378,189,892,103,49,914,389,189,504,253,189,113,240,308,189,189,208,106,189,185,189,995,1939
ACSSF,2012m1,co,000,0008,0000032,,,,,,,,,,,,,,,,,,,,,,,,,,,,,,,,,,,,,,,,,,,,,,,,,,,,,,,,,,,,,,,,,,,,,,,,,,,,,,,,,,,,,,,,,,,,,,,,,,,,,,,,,,,,,,4745,404,201,126,118,854,718,1543,379,786,352,1703,84,37,1598,1029,148,380,1059,189,456,212,466,189,189,814,300,189,507,189,1075,4199
ACSSF,2012m1,co,000,0008,0000033,,,,,,,,,,,,,,,,,,,,,,,,,,,,,,,,,,,,,,,,,,,,,,,,,,,,,,,,,,,,,,,,,,,,,,,,,,,,,,,,,,,,,,,,,,,,,,,,,,,,,,,,,,,,,,38,561,87,293,232,261,328,1352,214,903,105,1903,152,139,1371,1271,150,427,393,200,268,281,800,63,189,477,85,152,355,189,1949,3256
ACSSF,2012m1,co,000,0008,0000034,,,,,,,,,,,,,,,,,,,,,,,,,,,,,,,,,,,,,,,,,,,,,,,,,,,,,,,,,,,,,,,,,,,,,,,,,,,,,,,,,,,,,,,,,,,,,,,,,,,,,,,,,,,,,,45,349,189,300,104,329,424,765,197,472,355,1049,113,184,1321,560,115,443,353,189,58,117,368,189,189,354,252,189,169,360,1371,3015
ACSSF,2012m1,co,000,0008,0000035,,,,,,,,,,,,,,,,,,,,,,,,,,,,,,,,,,,,,,,,,,,,,,,,,,,,,,,,,,,,,,,,,,,,,,,,,,,,,,,,,,,,,,,,,,,,,,,,,,,,,,,,,,,,,,34,829,189,246,553,2253,388,1187,697,1284,105,2177,189,77,1622,535,141,377,381,189,176,121,173,189,591,278,190,189,241,189,1116,3589
ACSSF,2012m1,co,000,0008,0000036,,,,,,,,,,,,,,,,,,,,,,,,,,,,,,,,,,,,,,,,,,,,,,,,,,,,,,,,,,,,,,,,,,,,,,,,,,,,,,,,,,,,,,,,,,,,,,,,,,,,,,,,,,,,,,26,261,186,80,70,185,379,954,90,502,81,1312,189,189,856,752,64,265,386,47,189,185,318,50,189,481,79,189,233,189,2210,3075
ACSSF,2012m1,co,000,0008,0000037,,,,,,,,,,,,,,,,,,,,,,,,,,,,,,,,,,,,,,,,,,,,,,,,,,,,,,,,,,,,,,,,,,,,,,,,,,,,,,,,,,,,,,,,,,,,,,,,,,,,,,,,,,,,,,54,1999,63,200,588,176,587,1197,517,450,147,2069,189,66,1468,1930,112,1076,533,189,274,215,978,189,189,618,757,109,556,189,1221,4400
ACSSF,2012m1,co,000,0008,0000038,,,,,,,,,,,,,,,,,,,,,,,,,,,,,,,,,,,,,,,,,,,,,,,,,,,,,,,,,,,,,,,,,,,,,,,,,,,,,,,,,,,,,,,,,,,,,,,,,,,,,,,,,,,,,,58,463,72,281,701,442,823,1222,166,610,317,1258,189,253,2005,480,189,493,536,281,418,687,358,139,189,340,207,184,407,324,1714,3468
ACSSF,2012m1,co,000,0008,0000039,,,,,,,,,,,,,,,,,,,,,,,,,,,,,,,,,,,,,,,,,,,,,,,,,,,,,,,,,,,,,,,,,,,,,,,,,,,,,,,,,,,,,,,,,,,,,,,,,,,,,,,,,,,,,,31,1033,157,458,260,232,404,1124,449,815,234,1271,172,208,934,780,122,304,923,203,364,289,601,89,370,578,263,170,516,115,1288,2862
ACSSF,2012m1,co,000,0008,0000040,,,,,,,,,,,,,,,,,,,,,,,,,,,,,,,,,,,,,,,,,,,,,,,,,,,,,,,,,,,,,,,,,,,,,,,,,,,,,,,,,,,,,,,,,,,,,,,,,,,,,,,,,,,,,,59,1068,189,256,549,582,864,2918,689,2015,245,2903,410,274,3825,2537,369,883,1374,424,604,867,1346,163,135,1189,574,746,951,650,4024,7198
ACSSF,2012m1,co,000,0008,0000041,,,,,,,,,,,,,,,,,,,,,,,,,,,,,,,,,,,,,,,,,,,,,,,,,,,,,,,,,,,,,,,,,,,,,,,,,,,,,,,,,,,,,,,,,,,,,,,,,,,,,,,,,,,,,,95,1088,189,310,370,385,687,1896,273,841,375,2456,454,118,2595,886,336,962,699,405,777,502,676,158,180,610,175,663,364,129,3148,6267
ACSSF,2012m1,co,000,0008,0000042,,,,,,,,,,,,,,,,,,,,,,,,,,,,,,,,,,,,,,,,,,,,,,,,,,,,,,,,,,,,,,,,,,,,,,,,,,,,,,,,,,,,,,,,,,,,,,,,,,,,,,,,,,,,,,0,1907,491,452,657,677,1538,2270,450,1910,606,3020,303,323,2368,1688,857,1084,1649,144,743,660,1969,275,501,1284,624,357,787,154,3867,7213
ACSSF,2012m1,co,000,0008,0000043,,,,,,,,,,,,,,,,,,,,,,,,,,,,,,,,,,,,,,,,,,,,,,,,,,,,,,,,,,,,,,,,,,,,,,,,,,,,,,,,,,,,,,,,,,,,,,,,,,,,,,,,,,,,,,73,484,189,169,409,517,667,1096,707,921,137,2305,110,109,1869,789,222,657,652,99,592,183,573,231,431,893,172,87,412,189,1824,4104
ACSSF,2012m1,co,000,0008,0000044,,,,,,,,,,,,,,,,,,,,,,,,,,,,,,,,,,,,,,,,,,,,,,,,,,,,,,,,,,,,,,,,,,,,,,,,,,,,,,,,,,,,,,,,,,,,,,,,,,,,,,,,,,,,,,34,829,189,246,553,2253,388,1187,697,1284,105,2177,189,77,1622,535,141,377,381,189,176,121,173,189,591,278,190,189,241,189,1116,3589
ACSSF,2012m1,co,000,0008,0000045,,,,,,,,,,,,,,,,,,,,,,,,,,,,,,,,,,,,,,,,,,,,,,,,,,,,,,,,,,,,,,,,,,,,,,,,,,,,,,,,,,,,,,,,,,,,,,,,,,,,,,,,,,,,,,35,788,189,200,52,338,327,548,150,378,189,892,103,49,914,389,189,504,253,189,113,240,308,189,189,208,106,189,185,189,995,1939
ACSSF,2012m1,co,000,0008,0000046,,,,,,,,,,,,,,,,,,,,,,,,,,,,,,,,,,,,,,,,,,,,,,,,,,,,,,,,,,,,,,,,,,,,,,,,,,,,,,,,,,,,,,,,,,,,,,,,,,,,,,,,,,,,,,26,261,186,80,70,185,379,954,90,502,81,1312,189,189,856,752,64,265,386,47,189,185,318,50,189,481,79,189,233,189,2210,3075
ACSSF,2012m1,co,000,0008,0000047,,,,,,,,,,,,,,,,,,,,,,,,,,,,,,,,,,,,,,,,,,,,,,,,,,,,,,,,,,,,,,,,,,,,,,,,,,,,,,,,,,,,,,,,,,,,,,,,,,,,,,,,,,,,,,5487,1977,492,484,775,731,1552,2533,595,1990,617,3499,316,557,2613,1778,859,1320,1816,252,783,819,2010,282,515,1301,644,357,974,189,4074,8728
ACSSF,2012m1,co,000,0008,0000048,,,,,,,,,,,,,,,,,,,,,,,,,,,,,,,,,,,,,,,,,,,,,,,,,,,,,,,,,,,,,,,,,,,,,,,,,,,,,,,,,,,,,,,,,,,,,,,,,,,,,,,,,,,,,,5379,1831,236,718,1082,2153,1785,3484,1237,2592,568,4308,415,561,3665,2133,553,1272,1920,223,934,695,1588,373,992,1651,658,278,1419,498,4010,9324
ACSSF,2012m1,co,000,0008,0000049,,,,,,,,,,,,,,,,,,,,,,,,,,,,,,,,,,,,,,,,,,,,,,,,,,,,,,,,,,,,,,,,,,,,,,,,,,,,,,,,,,,,,,,,,,,,,,,,,,,,,,,,,,,,,,3579,966,670,485,1036,1052,1665,3202,581,2002,262,3856,222,1147,3177,1985,1160,1724,1293,181,781,1503,1700,275,63,1336,518,143,1374,808,4100,9372
ACSSF,2012m1,co,000,0008,0000050,,,,,,,,,,,,,,,,,,,,,,,,,,,,,,,,,,,,,,,,,,,,,,,,,,,,,,,,,,,,,,,,,,,,,,,,,,,,,,,,,,,,,,,,,,,,,,,,,,,,,,,,,,,,,,5898,1076,553,1376,629,786,1062,2932,475,2129,558,4009,461,816,3912,1425,232,1932,1528,284,1192,1147,1215,172,80,2139,453,461,613,360,3905,7724
ACSSF,2012m1,co,000,0008,0000051,,,,,,,,,,,,,,,,,,,,,,,,,,,,,,,,,,,,,,,,,,,,,,,,,,,,,,,,,,,,,,,,,,,,,,,,,,,,,,,,,,,,,,,,,,,,,,,,,,,,,,,,,,,,,,1509,1354,265,337,601,1129,1272,3789,1184,2336,624,3475,737,578,4743,2602,591,1766,1648,467,747,1355,1726,346,148,1345,999,746,1350,1197,5911,8211
ACSSF,2012m1,co,000,0008,0000052,,,,,,,,,,,,,,,,,,,,,,,,,,,,,,,,,,,,,,,,,,,,,,,,,,,,,,,,,,,,,,,,,,,,,,,,,,,,,,,,,,,,,,,,,,,,,,,,,,,,,,,,,,,,,,6342,1387,382,476,631,958,1522,2826,542,1495,608,3441,568,455,3844,1694,371,1315,1613,474,1121,743,1496,210,554,1308,1133,675,693,156,4107,9701
ACSSF,2012m1,co,000,0008,0000053,,,,,,,,,,,,,,,,,,,,,,,,,,,,,,,,,,,,,,,,,,,,,,,,,,,,,,,,,,,,,,,,,,,,,,,,,,,,,,,,,,,,,,,,,,,,,,,,,,,,,,,,,,,,,,5008,2870,574,590,944,754,1716,2860,838,2549,636,4741,444,531,3668,3522,211,1536,1553,438,752,839,1681,368,49,1249,790,335,924,324,4021,9168
ACSSF,2012m1,co,000,0008,0000054,,,,,,,,,,,,,,,,,,,,,,,,,,,,,,,,,,,,,,,,,,,,,,,,,,,,,,,,,,,,,,,,,,,,,,,,,,,,,,,,,,,,,,,,,,,,,,,,,,,,,,,,,,,,,,2101,402,189,21,249,346,399,682,208,574,118,1240,189,649,1321,554,72,263,113,189,372,183,283,189,189,534,26,189,153,189,1328,2854
ACSSF,2012m1,co,000,0008,0000055,,,,,,,,,,,,,,,,,,,,,,,,,,,,,,,,,,,,,,,,,,,,,,,,,,,,,,,,,,,,,,,,,,,,,,,,,,,,,,,,,,,,,,,,,,,,,,,,,,,,,,,,,,,,,,4506,779,189,458,665,2274,528,1463,920,1314,109,2752,189,107,2052,825,141,481,1023,189,470,363,428,155,701,377,263,129,319,501,1495,5152
ACSSF,2012m1,co,000,0008,0000056,,,,,,,,,,,,,,,,,,,,,,,,,,,,,,,,,,,,,,,,,,,,,,,,,,,,,,,,,,,,,,,,,,,,,,,,,,,,,,,,,,,,,,,,,,,,,,,,,,,,,,,,,,,,,,4506,608,158,197,413,468,1383,1483,723,1033,215,2354,241,242,1590,1025,315,879,669,99,481,191,714,231,197,921,212,116,398,189,2014,5295
ACSSF,2012m1,co,000,0008,0000057,,,,,,,,,,,,,,,,,,,,,,,,,,,,,,,,,,,,,,,,,,,,,,,,,,,,,,,,,,,,,,,,,,,,,,,,,,,,,,,,,,,,,,,,,,,,,,,,,,,,,,,,,,,,,,2060,492,114,151,70,66,355,1161,356,404,189,1358,17,189,1094,791,124,339,454,92,529,916,621,189,189,356,62,189,349,63,1018,2996
ACSSF,2012m1,co,000,0008,0000058,,,,,,,,,,,,,,,,,,,,,,,,,,,,,,,,,,,,,,,,,,,,,,,,,,,,,,,,,,,,,,,,,,,,,,,,,,,,,,,,,,,,,,,,,,,,,,,,,,,,,,,,,,,,,,4690,799,189,302,180,424,324,951,135,863,71,1442,144,78,1741,486,189,892,394,77,465,286,383,137,189,481,139,189,192,189,1401,5213
ACSSF,2012m1,co,000,0008,0000059,,,,,,,,,,,,,,,,,,,,,,,,,,,,,,,,,,,,,,,,,,,,,,,,,,,,,,,,,,,,,,,,,,,,,,,,,,,,,,,,,,,,,,,,,,,,,,,,,,,,,,,,,,,,,,2784,267,329,6,499,707,550,1237,166,1489,189,1816,189,416,1240,692,328,741,550,189,331,306,777,189,474,690,302,51,863,189,1337,4182
ACSSF,2012m1,co,000,0008,0000060,,,,,,,,,,,,,,,,,,,,,,,,,,,,,,,,,,,,,,,,,,,,,,,,,,,,,,,,,,,,,,,,,,,,,,,,,,,,,,,,,,,,,,,,,,,,,,,,,,,,,,,,,,,,,,3145,382,189,263,184,155,314,835,131,496,269,1437,193,189,1415,774,162,614,329,189,31,271,451,103,189,378,105,189,620,189,1409,3750
ACSSF,2012m1,co,000,0008,0000061,,,,,,,,,,,,,,,,,,,,,,,,,,,,,,,,,,,,,,,,,,,,,,,,,,,,,,,,,,,,,,,,,,,,,,,,,,,,,,,,,,,,,,,,,,,,,,,,,,,,,,,,,,,,,,1963,385,186,80,149,267,369,1199,90,542,81,1726,189,64,1111,873,113,405,557,47,171,247,360,123,63,528,89,134,317,189,2201,3531
ACSSF,2012m1,co,000,0008,0000062,,,,,,,,,,,,,,,,,,,,,,,,,,,,,,,,,,,,,,,,,,,,,,,,,,,,,,,,,,,,,,,,,,,,,,,,,,,,,,,,,,,,,,,,,,,,,,,,,,,,,,,,,,,,,,3334,356,101,137,132,150,347,533,209,400,61,819,185,58,958,391,189,284,622,23,134,251,356,189,189,334,35,189,254,189,1835,3313
ACSSF,2012m1,co,000,0008,0000063,,,,,,,,,,,,,,,,,,,,,,,,,,,,,,,,,,,,,,,,,,,,,,,,,,,,,,,,,,,,,,,,,,,,,,,,,,,,,,,,,,,,,,,,,,,,,,,,,,,,,,,,,,,,,,4787,435,64,153,273,223,596,1448,335,572,303,1603,363,200,1345,1446,24,588,464,66,405,299,668,189,118,754,462,119,432,189,1576,4703
ACSSF,2012m1,co,000,0008,0000064,,,,,,,,,,,,,,,,,,,,,,,,,,,,,,,,,,,,,,,,,,,,,,,,,,,,,,,,,,,,,,,,,,,,,,,,,,,,,,,,,,,,,,,,,,,,,,,,,,,,,,,,,,,,,,4808,487,189,337,112,359,653,1853,197,836,465,1543,137,191,1673,652,120,548,520,189,283,142,398,250,189,799,264,44,343,360,1805,4781
ACSSF,2012m1,co,000,0008,0000065,,,,,,,,,,,,,,,,,,,,,,,,,,,,,,,,,,,,,,,,,,,,,,,,,,,,,,,,,,,,,,,,,,,,,,,,,,,,,,,,,,,,,,,,,,,,,,,,,,,,,,,,,,,,,,2871,1048,157,446,287,420,593,1167,433,835,234,1478,185,212,1127,814,175,313,921,203,450,348,745,89,370,575,263,170,656,115,1269,3485
ACSSF,2012m1,co,000,0008,0000066,,,,,,,,,,,,,,,,,,,,,,,,,,,,,,,,,,,,,,,,,,,,,,,,,,,,,,,,,,,,,,,,,,,,,,,,,,,,,,,,,,,,,,,,,,,,,,,,,,,,,,,,,,,,,,4338,1003,297,447,738,517,858,1471,259,601,256,1405,335,274,1809,1230,133,774,952,66,209,279,881,271,49,600,174,102,623,52,1492,4645
ACSSF,2012m1,co,000,0008,0000067,,,,,,,,,,,,,,,,,,,,,,,,,,,,,,,,,,,,,,,,,,,,,,,,,,,,,,,,,,,,,,,,,,,,,,,,,,,,,,,,,,,,,,,,,,,,,,,,,,,,,,,,,,,,,,5208,446,189,281,432,277,680,1192,166,575,317,1578,189,258,2033,1229,65,554,439,281,537,699,390,248,189,386,259,184,495,324,1641,5660
ACSSF,2012m1,co,000,0008,0000068,,,,,,,,,,,,,,,,,,,,,,,,,,,,,,,,,,,,,,,,,,,,,,,,,,,,,,,,,,,,,,,,,,,,,,,,,,,,,,,,,,,,,,,,,,,,,,,,,,,,,,,,,,,,,,5977,2291,63,200,618,176,608,1265,528,538,147,2048,189,189,1515,1809,112,1086,477,189,349,187,1044,189,189,685,757,109,542,189,1790,5945
ACSSF,2012m1,co,000,0008,0000069,,,,,,,,,,,,,,,,,,,,,,,,,,,,,,,,,,,,,,,,,,,,,,,,,,,,,,,,,,,,,,,,,,,,,,,,,,,,,,,,,,,,,,,,,,,,,,,,,,,,,,,,,,,,,,5058,906,484,189,200,118,432,931,61,1818,55,1491,158,66,944,431,189,548,434,189,119,277,255,189,189,377,66,48,248,189,2142,5745
ACSSF,2012m1,co,000,0008,0000070,,,,,,,,,,,,,,,,,,,,,,,,,,,,,,,,,,,,,,,,,,,,,,,,,,,,,,,,,,,,,,,,,,,,,,,,,,,,,,,,,,,,,,,,,,,,,,,,,,,,,,,,,,,,,,5156,508,124,163,312,300,545,1041,153,686,243,1445,342,92,1435,328,189,636,377,38,368,401,336,86,537,512,88,189,286,89,2334,4203
ACSSF,2012m1,co,000,0008,0000071,,,,,,,,,,,,,,,,,,,,,,,,,,,,,,,,,,,,,,,,,,,,,,,,,,,,,,,,,,,,,,,,,,,,,,,,,,,,,,,,,,,,,,,,,,,,,,,,,,,,,,,,,,,,,,6211,468,189,273,51,201,597,949,66,683,326,1480,142,189,2111,667,189,522,587,189,188,203,514,139,174,373,48,663,255,189,2044,6340
ACSSF,2012m1,co,000,0008,0000072,,,,,,,,,,,,,,,,,,,,,,,,,,,,,,,,,,,,,,,,,,,,,,,,,,,,,,,,,,,,,,,,,,,,,,,,,,,,,,,,,,,,,,,,,,,,,,,,,,,,,,,,,,,,,,5779,928,189,188,85,153,298,662,243,371,161,1009,364,42,838,223,117,173,422,403,228,103,231,189,45,282,147,189,130,81,1823,5440
ACSSF,2012m1,co,000,0008,0000073,,,,,,,,,,,,,,,,,,,,,,,,,,,,,,,,,,,,,,,,,,,,,,,,,,,,,,,,,,,,,,,,,,,,,,,,,,,,,,,,,,,,,,,,,,,,,,,,,,,,,,,,,,,,,,4711,725,321,131,313,123,935,1417,242,460,117,1331,45,376,1749,711,76,380,628,62,510,107,451,189,189,279,1006,118,185,81,1325,4905
ACSSF,2012m1,co,000,0008,0000074,,,,,,,,,,,,,,,,,,,,,,,,,,,,,,,,,,,,,,,,,,,,,,,,,,,,,,,,,,,,,,,,,,,,,,,,,,,,,,,,,,,,,,,,,,,,,,,,,,,,,,,,,,,,,,10481,252,172,227,252,81,411,1133,89,1234,92,1229,57,135,1197,800,60,365,431,189,155,232,1233,117,131,373,179,62,211,89,2339,9876
ACSSF,2012m1,co,000,0008,0000075,,,,,,,,,,,,,,,,,,,,,,,,,,,,,,,,,,,,,,,,,,,,,,,,,,,,,,,,,,,,,,,,,,,,,,,,,,,,,,,,,,,,,,,,,,,,,,,,,,,,,,,,,,,,,,7896,1628,135,198,397,479,537,904,220,1265,414,1391,55,56,1095,709,93,306,872,189,287,117,681,189,183,351,250,150,108,189,1599,7101
ACSSF,2012m1,co,000,0008,0000076,,,,,,,,,,,,,,,,,,,,,,,,,,,,,,,,,,,,,,,,,,,,,,,,,,,,,,,,,,,,,,,,,,,,,,,,,,,,,,,,,,,,,,,,,,,,,,,,,,,,,,,,,,,,,,5822,288,226,106,412,281,896,1237,286,623,400,1677,172,136,1284,1165,845,610,696,144,406,192,638,217,91,685,223,254,450,189,1554,4232
ACSSF,2012m1,co,000,0008,0000077,,,,,,,,,,,,,,,,,,,,,,,,,,,,,,,,,,,,,,,,,,,,,,,,,,,,,,,,,,,,,,,,,,,,,,,,,,,,,,,,,,,,,,,,,,,,,,,,,,,,,,,,,,,,,,8256,698,316,337,233,276,544,1199,144,875,248,1955,235,278,1432,864,142,564,1205,316,526,270,698,144,457,846,165,147,531,189,1589,8300
ACSSF,2012m1,co,000,0008,0000078,,,,,,,,,,,,,,,,,,,,,,,,,,,,,,,,,,,,,,,,,,,,,,,,,,,,,,,,,,,,,,,,,,,,,,,,,,,,,,,,,,,,,,,,,,,,,,,,,,,,,,,,,,,,,,8815,400,86,52,94,261,780,862,182,334,204,1114,55,216,656,573,189,321,216,189,34,427,271,189,51,237,429,152,293,129,2294,8246
ACSSF,2012m1,co,000,0008,0000079,,,,,,,,,,,,,,,,,,,,,,,,,,,,,,,,,,,,,,,,,,,,,,,,,,,,,,,,,,,,,,,,,,,,,,,,,,,,,,,,,,,,,,,,,,,,,,,,,,,,,,,,,,,,,,3395,385,189,137,284,537,935,1124,198,517,227,1899,103,436,1923,716,59,751,1284,175,207,248,545,189,189,443,209,189,420,189,1880,3973
ACSSF,2012m1,co,000,0008,0000080,,,,,,,,,,,,,,,,,,,,,,,,,,,,,,,,,,,,,,,,,,,,,,,,,,,,,,,,,,,,,,,,,,,,,,,,,,,,,,,,,,,,,,,,,,,,,,,,,,,,,,,,,,,,,,5108,479,70,366,167,222,277,972,419,952,464,1582,62,82,1575,1996,119,313,283,189,230,192,471,75,189,754,163,189,211,189,2127,4920
ACSSF,2012m1,co,000,0008,0000081,,,,,,,,,,,,,,,,,,,,,,,,,,,,,,,,,,,,,,,,,,,,,,,,,,,,,,,,,,,,,,,,,,,,,,,,,,,,,,,,,,,,,,,,,,,,,,,,,,,,,,,,,,,,,,5159,474,107,161,195,189,265,1256,187,1148,302,2004,139,359,1266,884,90,724,474,200,350,298,901,63,119,677,293,152,308,189,1653,5028
ACSSF,2012m1,co,000,0008,0000082,,,,,,,,,,,,,,,,,,,,,,,,,,,,,,,,,,,,,,,,,,,,,,,,,,,,,,,,,,,,,,,,,,,,,,,,,,,,,,,,,,,,,,,,,,,,,,,,,,,,,,,,,,,,,,3514,319,59,304,511,333,449,832,422,835,86,1445,94,99,1516,516,220,672,739,64,369,452,442,61,189,709,137,46,401,86,1610,4219
ACSSF,2012m1,co,000,0008,0000083,,,,,,,,,,,,,,,,,,,,,,,,,,,,,,,,,,,,,,,,,,,,,,,,,,,,,,,,,,,,,,,,,,,,,,,,,,,,,,,,,,,,,,,,,,,,,,,,,,,,,,,,,,,,,,5448,444,226,119,191,609,647,1829,438,1146,358,1790,328,102,1639,1033,148,438,1080,189,381,454,322,189,189,1490,305,189,677,189,1506,4949
ACSSF,2012m1,co,000,0008,0000084,,,,,,,,,,,,,,,,,,,,,,,,,,,,,,,,,,,,,,,,,,,,,,,,,,,,,,,,,,,,,,,,,,,,,,,,,,,,,,,,,,,,,,,,,,,,,,,,,,,,,,,,,,,,,,4551,349,247,1181,189,840,611,1433,176,1269,45,2281,296,206,1725,842,138,565,935,245,286,242,770,75,189,457,324,189,334,189,1230,3791
ACSSF,2012m1,co,000,0008,0000085,,,,,,,,,,,,,,,,,,,,,,,,,,,,,,,,,,,,,,,,,,,,,,,,,,,,,,,,,,,,,,,,,,,,,,,,,,,,,,,,,,,,,,,,,,,,,,,,,,,,,,,,,,,,,,4469,183,490,198,361,171,756,1686,222,672,320,2353,189,312,1965,939,103,1320,787,160,766,975,982,66,80,1318,189,441,407,189,1725,3973
ACSSF,2012m1,co,000,0008,0000086,,,,,,,,,,,,,,,,,,,,,,,,,,,,,,,,,,,,,,,,,,,,,,,,,,,,,,,,,,,,,,,,,,,,,,,,,,,,,,,,,,,,,,,,,,,,,,,,,,,,,,,,,,,,,,6487,661,189,69,217,292,237,1274,128,500,147,1153,220,79,1316,469,280,795,438,40,802,299,397,98,189,505,75,189,127,97,1668,6494
ACSSF,2012m1,co,000,0008,0000087,,,,,,,,,,,,,,,,,,,,,,,,,,,,,,,,,,,,,,,,,,,,,,,,,,,,,,,,,,,,,,,,,,,,,,,,,,,,,,,,,,,,,,,,,,,,,,,,,,,,,,,,,,,,,,2308,384,256,379,837,134,795,1330,226,635,100,1361,44,308,1815,715,41,235,388,93,383,518,767,189,189,388,163,189,910,206,1748,2918
ACSSF,2012m1,co,000,0008,0000088,,,,,,,,,,,,,,,,,,,,,,,,,,,,,,,,,,,,,,,,,,,,,,,,,,,,,,,,,,,,,,,,,,,,,,,,,,,,,,,,,,,,,,,,,,,,,,,,,,,,,,,,,,,,,,,,,,,,,,,,,,,,,,,,,,,,,,,,,,,,,
ACSSF,2012m1,co,000,0008,0000089,,,,,,,,,,,,,,,,,,,,,,,,,,,,,,,,,,,,,,,,,,,,,,,,,,,,,,,,,,,,,,,,,,,,,,,,,,,,,,,,,,,,,,,,,,,,,,,,,,,,,,,,,,,,,,3277,305,189,50,294,570,413,928,192,654,149,1497,63,252,1281,525,189,748,381,134,372,158,733,189,189,538,387,51,390,133,1561,4209
ACSSF,2012m1,co,000,0008,0000090,,,,,,,,,,,,,,,,,,,,,,,,,,,,,,,,,,,,,,,,,,,,,,,,,,,,,,,,,,,,,,,,,,,,,,,,,,,,,,,,,,,,,,,,,,,,,,,,,,,,,,,,,,,,,,5155,546,10,72,114,476,549,1498,420,662,384,1934,168,511,1198,757,455,1285,994,109,70,908,515,189,189,428,731,189,383,189,1622,5104
ACSSF,2012m1,co,000,0008,0000091,,,,,,,,,,,,,,,,,,,,,,,,,,,,,,,,,,,,,,,,,,,,,,,,,,,,,,,,,,,,,,,,,,,,,,,,,,,,,,,,,,,,,,,,,,,,,,,,,,,,,,,,,,,,,,7037,282,189,115,196,127,726,924,103,541,108,1519,71,188,2410,1728,324,744,706,159,107,724,1032,112,189,645,319,711,572,971,1699,5446
ACSSF,2012m1,co,000,0008,0000092,,,,,,,,,,,,,,,,,,,,,,,,,,,,,,,,,,,,,,,,,,,,,,,,,,,,,,,,,,,,,,,,,,,,,,,,,,,,,,,,,,,,,,,,,,,,,,,,,,,,,,,,,,,,,,6382,400,148,189,486,163,297,1172,167,515,133,1525,116,160,1669,1051,145,410,793,365,495,237,660,66,189,736,541,189,575,470,2397,5004
ACSSF,2012m1,co,000,0008,0000093,,,,,,,,,,,,,,,,,,,,,,,,,,,,,,,,,,,,,,,,,,,,,,,,,,,,,,,,,,,,,,,,,,,,,,,,,,,,,,,,,,,,,,,,,,,,,,,,,,,,,,,,,,,,,,7335,733,210,210,166,166,627,2059,538,722,315,1812,499,108,1689,1496,86,300,658,155,344,214,427,189,189,391,168,110,294,284,2811,5504
ACSSF,2012m1,co,000,0008,0000094,,,,,,,,,,,,,,,,,,,,,,,,,,,,,,,,,,,,,,,,,,,,,,,,,,,,,,,,,,,,,,,,,,,,,,,,,,,,,,,,,,,,,,,,,,,,,,,,,,,,,,,,,,,,,,7434,243,189,189,142,297,336,805,700,751,58,849,189,189,1658,402,189,388,478,179,124,125,494,73,148,382,122,124,339,189,2050,6862
ACSSF,2012m1,co,000,0008,0000095,,,,,,,,,,,,,,,,,,,,,,,,,,,,,,,,,,,,,,,,,,,,,,,,,,,,,,,,,,,,,,,,,,,,,,,,,,,,,,,,,,,,,,,,,,,,,,,,,,,,,,,,,,,,,,8079,524,70,144,149,907,494,1062,741,1746,220,1677,420,189,2570,1020,374,537,533,291,352,497,535,290,189,387,193,150,420,332,3345,6018
ACSSF,2012m1,co,000,0008,0000096,,,,,,,,,,,,,,,,,,,,,,,,,,,,,,,,,,,,,,,,,,,,,,,,,,,,,,,,,,,,,,,,,,,,,,,,,,,,,,,,,,,,,,,,,,,,,,,,,,,,,,,,,,,,,,7080,405,70,144,136,818,434,1002,702,1623,180,1426,378,189,2046,1071,382,527,520,127,173,694,719,99,189,672,159,150,244,332,3598,5022
ACSSF,2012m1,co,000,0008,0000097,,,,,,,,,,,,,,,,,,,,,,,,,,,,,,,,,,,,,,,,,,,,,,,,,,,,,,,,,,,,,,,,,,,,,,,,,,,,,,,,,,,,,,,,,,,,,,,,,,,,,,,,,,,,,,6909,932,189,273,80,199,545,1390,277,721,386,1525,142,42,2281,664,125,859,610,403,235,203,607,113,72,456,116,621,271,129,3049,7520
ACSSF,2012m1,co,000,0008,0000098,,,,,,,,,,,,,,,,,,,,,,,,,,,,,,,,,,,,,,,,,,,,,,,,,,,,,,,,,,,,,,,,,,,,,,,,,,,,,,,,,,,,,,,,,,,,,,,,,,,,,,,,,,,,,,3851,1107,157,561,577,506,862,1773,493,1215,395,1898,207,271,1747,1410,221,806,1013,203,508,529,1095,282,370,702,479,180,1061,132,2058,4675
ACSSF,2012m1,co,000,0008,0000099,,,,,,,,,,,,,,,,,,,,,,,,,,,,,,,,,,,,,,,,,,,,,,,,,,,,,,,,,,,,,,,,,,,,,,,,,,,,,,,,,,,,,,,,,,,,,,,,,,,,,,,,,,,,,,,,,,,,,,,,,,,,,,,,,,,,,,,,,,,,,
ACSSF,2012m1,co,000,0008,0000100,,,,,,,,,,,,,,,,,,,,,,,,,,,,,,,,,,,,,,,,,,,,,,,,,,,,,,,,,,,,,,,,,,,,,,,,,,,,,,,,,,,,,,,,,,,,,,,,,,,,,,,,,,,,,,6795,850,252,347,499,360,595,1806,286,973,270,2208,558,454,2206,1033,281,731,632,323,915,551,572,140,545,542,168,140,353,120,2683,6970
ACSSF,2012m1,co,000,0008,0000101,,,,,,,,,,,,,,,,,,,,,,,,,,,,,,,,,,,,,,,,,,,,,,,,,,,,,,,,,,,,,,,,,,,,,,,,,,,,,,,,,,,,,,,,,,,,,,,,,,,,,,,,,,,,,,8103,529,148,232,529,272,828,1815,195,1064,340,2068,146,261,2282,1645,303,699,1177,411,508,381,994,66,189,934,557,718,832,470,3029,6297
ACSSF,2012m1,co,000,0008,0000102,,,,,,,,,,,,,,,,,,,,,,,,,,,,,,,,,,,,,,,,,,,,,,,,,,,,,,,,,,,,,,,,,,,,,,,,,,,,,,,,,,,,,,,,,,,,,,,,,,,,,,,,,,,,,,0,1907,491,452,657,677,1538,2270,450,1910,606,3020,303,323,2368,1688,857,1084,1649,144,743,660,1969,275,501,1284,624,357,787,154,3867,7213
ACSSF,2012m1,co,000,0008,0000103,,,,,,,,,,,,,,,,,,,,,,,,,,,,,,,,,,,,,,,,,,,,,,,,,,,,,,,,,,,,,,,,,,,,,,,,,,,,,,,,,,,,,,,,,,,,,,,,,,,,,,,,,,,,,,917,575,318,1196,400,1002,1012,2718,523,1715,480,3549,445,421,2986,1472,226,1452,1695,256,880,951,1387,100,80,1985,420,441,495,189,2433,5833
ACSSF,2012m1,co,000,0008,0000104,,,,,,,,,,,,,,,,,,,,,,,,,,,,,,,,,,,,,,,,,,,,,,,,,,,,,,,,,,,,,,,,,,,,,,,,,,,,,,,,,,,,,,,,,,,,,,,,,,,,,,,,,,,,,,6144,679,210,60,186,364,504,1985,557,776,261,1890,492,189,1800,1231,131,642,698,155,356,182,277,189,189,249,721,189,438,284,2291,4056
ACSSF,2012m1,co,000,0008,0000105,,,,,,,,,,,,,,,,,,,,,,,,,,,,,,,,,,,,,,,,,,,,,,,,,,,,,,,,,,,,,,,,,,,,,,,,,,,,,,,,,,,,,,,,,,,,,,,,,,,,,,,,,,,,,,4451,608,158,197,432,501,1385,1456,907,1033,215,2349,241,242,1656,1025,315,821,669,99,481,191,748,231,197,913,212,100,398,215,2091,5467
ACSSF,2012m1,co,000,0008,0000106,,,,,,,,,,,,,,,,,,,,,,,,,,,,,,,,,,,,,,,,,,,,,,,,,,,,,,,,,,,,,,,,,,,,,,,,,,,,,,,,,,,,,,,,,,,,,,,,,,,,,,,,,,,,,,,,,,,,,,,,,,,,,,,,,,,,,,,,,,,,,
ACSSF,2012m1,co,000,0008,0000107,,,,,,,,,,,,,,,,,,,,,,,,,,,,,,,,,,,,,,,,,,,,,,,,,,,,,,,,,,,,,,,,,,,,,,,,,,,,,,,,,,,,,,,,,,,,,,,,,,,,,,,,,,,,,,4553,788,189,200,52,338,327,657,150,395,189,948,103,49,1007,402,189,633,337,189,124,198,325,152,189,271,119,189,178,189,1076,4873
ACSSF,2012m1,co,000,0008,0000108,,,,,,,,,,,,,,,,,,,,,,,,,,,,,,,,,,,,,,,,,,,,,,,,,,,,,,,,,,,,,,,,,,,,,,,,,,,,,,,,,,,,,,,,,,,,,,,,,,,,,,,,,,,,,,,,,,,,,,,,,,,,,,,,,,,,,,,,,,,,,
ACSSF,2012m1,co,000,0008,0000109,,,,,,,,,,,,,,,,,,,,,,,,,,,,,,,,,,,,,,,,,,,,,,,,,,,,,,,,,,,,,,,,,,,,,,,,,,,,,,,,,,,,,,,,,,,,,,,,,,,,,,,,,,,,,,1411,1031,322,497,728,798,1359,2596,730,1809,650,4164,511,582,3207,2927,160,1143,1405,280,757,560,1446,273,130,1238,538,276,825,189,3282,8081
ACSSF,2012m1,co,000,0008,0000110,,,,,,,,,,,,,,,,,,,,,,,,,,,,,,,,,,,,,,,,,,,,,,,,,,,,,,,,,,,,,,,,,,,,,,,,,,,,,,,,,,,,,,,,,,,,,,,,,,,,,,,,,,,,,,3034,414,243,257,365,156,990,850,196,515,108,1246,189,99,1349,594,212,421,797,64,333,158,305,189,189,526,1016,46,235,189,1522,3790
ACSSF,2012m1,co,000,0008,0000111,,,,,,,,,,,,,,,,,,,,,,,,,,,,,,,,,,,,,,,,,,,,,,,,,,,,,,,,,,,,,,,,,,,,,,,,,,,,,,,,,,,,,,,,,,,,,,,,,,,,,,,,,,,,,,4718,487,189,333,112,359,686,1902,197,749,463,1543,137,191,1696,630,120,541,517,189,263,142,414,189,189,817,264,44,326,360,1817,4636
ACSSF,2012m1,co,000,0008,0000112,,,,,,,,,,,,,,,,,,,,,,,,,,,,,,,,,,,,,,,,,,,,,,,,,,,,,,,,,,,,,,,,,,,,,,,,,,,,,,,,,,,,,,,,,,,,,,,,,,,,,,,,,,,,,,3974,779,189,450,649,2271,417,1368,697,1293,109,2765,189,77,2064,795,141,479,666,189,470,343,267,189,701,323,250,60,301,429,1290,4826
ACSSF,2012m1,co,000,0008,0000113,,,,,,,,,,,,,,,,,,,,,,,,,,,,,,,,,,,,,,,,,,,,,,,,,,,,,,,,,,,,,,,,,,,,,,,,,,,,,,,,,,,,,,,,,,,,,,,,,,,,,,,,,,,,,,921,261,186,80,70,185,379,968,90,502,81,1310,189,189,869,767,64,265,392,47,189,185,318,79,189,481,79,189,233,189,2202,3128
ACSSF,2012m1,co,000,0008,0000114,,,,,,,,,,,,,,,,,,,,,,,,,,,,,,,,,,,,,,,,,,,,,,,,,,,,,,,,,,,,,,,,,,,,,,,,,,,,,,,,,,,,,,,,,,,,,,,,,,,,,,,,,,,,,,6637,1757,63,335,460,297,998,1676,544,679,314,2579,121,56,1914,2168,128,1307,910,280,489,681,1101,248,189,711,823,225,720,324,2045,7646
ACSSF,2012m1,co,000,0008,0000115,,,,,,,,,,,,,,,,,,,,,,,,,,,,,,,,,,,,,,,,,,,,,,,,,,,,,,,,,,,,,,,,,,,,,,,,,,,,,,,,,,,,,,,,,,,,,,,,,,,,,,,,,,,,,,,,,,,,,,,,,,,,,,,,,,,,,,,,,,,,,
