ACSSF,2012m1,co,000,0050,0000001,15597,4312,12760,17352,18386,18038,1939,9656,15706,16300,8916,1919,5054,4711,5065,5075,2223,3327,2907,1927,4862,1962,3089,2035,2425,3803,1238,2162,2580,2346,7059,898,2672,4311,3886,15777,17333,18048,9043,7892,3345,2215,1373,1022,5060,4566,563,1150,901,157,213,1286,3247,5174,1958,6844,16152,5376,3694,4620,6134,7188,8468,10283,7524,6686,6821,5418,3233,6659,6561,16152,4761,8840,8820,9750,9252,6914,8506,3982,4618,6349,5754,3194,15777,15597,4312,12760,17352,18386,18038,1939,9656,15706,16300,8916,1919,5054,4711,5065,5075,2223,3327,2907,1927,6409,2016,3699,3681,3499,7059,898,2672,4311,3886,15777,17333,18048,9043,7892,3345,2883,5060,5174,3909,6844,16152,5376,3694,4620,6134,7188,8468,10283,7524,6686,12592,16152,9597,8820,9750,9252,6914,8506,5416,6349,6493
ACSSF,2012m1,co,000,0050,0000002,,,,,,,,,,,,,,,,,,,,,,,,,,,,,,,,,,,,,,,,,,,,,,,,,,,,,,,,,,,,,,,,,,,,,,,,,,,,,,,,,,,,,,,,,,,,,,,,,,,,,,,,,,,,,,,,,,,,,,,,,,,,,,,,,,,,,,,,,,,,,,,,,,,
ACSSF,2012m1,co,000,0050,0000003,,,,,,,,,,,,,,,,,,,,,,,,,,,,,,,,,,,,,,,,,,,,,,,,,,,,,,,,,,,,,,,,,,,,,,,,,,,,,,,,,,,,,,,,,,,,,,,,,,,,,,,,,,,,,,,,,,,,,,,,,,,,,,,,,,,,,,,,,,,,,,,,,,,
ACSSF,2012m1,co,000,0050,0000004,,,,,,,,,,,,,,,,,,,,,,,,,,,,,,,,,,,,,,,,,,,,,,,,,,,,,,,,,,,,,,,,,,,,,,,,,,,,,,,,,,,,,,,,,,,,,,,,,,,,,,,,,,,,,,,,,,,,,,,,,,,,,,,,,,,,,,,,,,,,,,,,,,,
ACSSF,2012m1,co,000,0050,0000005,,,,,,,,,,,,,,,,,,,,,,,,,,,,,,,,,,,,,,,,,,,,,,,,,,,,,,,,,,,,,,,,,,,,,,,,,,,,,,,,,,,,,,,,,,,,,,,,,,,,,,,,,,,,,,,,,,,,,,,,,,,,,,,,,,,,,,,,,,,,,,,,,,,
ACSSF,2012m1,co,000,0050,0000006,,,,,,,,,,,,,,,,,,,,,,,,,,,,,,,,,,,,,,,,,,,,,,,,,,,,,,,,,,,,,,,,,,,,,,,,,,,,,,,,,,,,,,,,,,,,,,,,,,,,,,,,,,,,,,,,,,,,,,,,,,,,,,,,,,,,,,,,,,,,,,,,,,,
ACSSF,2012m1,co,000,0050,0000007,,,,,,,,,,,,,,,,,,,,,,,,,,,,,,,,,,,,,,,,,,,,,,,,,,,,,,,,,,,,,,,,,,,,,,,,,,,,,,,,,,,,,,,,,,,,,,,,,,,,,,,,,,,,,,,,,,,,,,,,,,,,,,,,,,,,,,,,,,,,,,,,,,,
ACSSF,2012m1,co,000,0050,0000008,,,,,,,,,,,,,,,,,,,,,,,,,,,,,,,,,,,,,,,,,,,,,,,,,,,,,,,,,,,,,,,,,,,,,,,,,,,,,,,,,,,,,,,,,,,,,,,,,,,,,,,,,,,,,,,,,,,,,,,,,,,,,,,,,,,,,,,,,,,,,,,,,,,
ACSSF,2012m1,co,000,0050,0000009,,,,,,,,,,,,,,,,,,,,,,,,,,,,,,,,,,,,,,,,,,,,,,,,,,,,,,,,,,,,,,,,,,,,,,,,,,,,,,,,,,,,,,,,,,,,,,,,,,,,,,,,,,,,,,,,,,,,,,,,,,,,,,,,,,,,,,,,,,,,,,,,,,,
ACSSF,2012m1,co,000,0050,0000010,,,,,,,,,,,,,,,,,,,,,,,,,,,,,,,,,,,,,,,,,,,,,,,,,,,,,,,,,,,,,,,,,,,,,,,,,,,,,,,,,,,,,,,,,,,,,,,,,,,,,,,,,,,,,,,,,,,,,,,,,,,,,,,,,,,,,,,,,,,,,,,,,,,
ACSSF,2012m1,co,000,0050,0000011,,,,,,,,,,,,,,,,,,,,,,,,,,,,,,,,,,,,,,,,,,,,,,,,,,,,,,,,,,,,,,,,,,,,,,,,,,,,,,,,,,,,,,,,,,,,,,,,,,,,,,,,,,,,,,,,,,,,,,,,,,,,,,,,,,,,,,,,,,,,,,,,,,,
ACSSF,2012m1,co,000,0050,0000012,,,,,,,,,,,,,,,,,,,,,,,,,,,,,,,,,,,,,,,,,,,,,,,,,,,,,,,,,,,,,,,,,,,,,,,,,,,,,,,,,,,,,,,,,,,,,,,,,,,,,,,,,,,,,,,,,,,,,,,,,,,,,,,,,,,,,,,,,,,,,,,,,,,
ACSSF,2012m1,co,000,0050,0000013,6667,1164,2560,4608,4938,5779,540,1942,4061,4339,2683,837,1166,1125,1769,1115,591,664,545,365,1014,421,680,405,277,971,394,326,624,415,1544,306,704,1022,901,6681,6459,5779,2718,2438,844,130,88,317,1153,1153,184,184,184,184,184,210,628,1019,714,1544,6415,1549,834,1239,2110,2246,2254,2329,2271,1504,1644,1161,640,2029,1643,6415,999,2215,2545,1809,2863,1850,2787,1272,1561,2020,1106,1063,6681,6667,1164,2560,4608,4938,5779,540,1942,4061,4339,2683,837,1166,1125,1769,1115,591,664,545,365,1433,602,719,747,459,1544,306,704,1022,901,6681,6459,5779,2718,2438,844,367,1153,1019,971,1544,6415,1549,834,1239,2110,2246,2254,2329,2271,1504,3189,6415,2413,2545,1809,2863,1850,2787,1862,2020,1651
ACSSF,2012m1,co,000,0050,0000014,7760,1176,3795,5687,4736,6515,528,3116,5131,4194,2349,593,1304,1411,1512,1639,785,951,555,672,1233,422,878,540,427,820,205,513,381,488,1641,354,685,1157,1159,7784,6882,6525,2348,2087,897,479,169,193,1646,1565,210,257,193,184,56,243,513,1225,635,1641,7753,1163,1258,1320,2010,3060,2278,3498,2963,2275,2113,1648,967,2205,1407,7753,1327,2595,2913,3021,3065,1806,3780,1362,1536,2441,1600,1017,7784,7760,1176,3795,5687,4736,6515,528,3116,5131,4194,2349,593,1304,1411,1512,1639,785,951,555,672,1313,472,1009,624,640,1641,354,685,1157,1159,7784,6882,6525,2348,2087,897,521,1646,1225,820,1641,7753,1163,1258,1320,2010,3060,2278,3498,2963,2275,4070,7753,2779,2913,3021,3065,1806,3780,1887,2441,1886
ACSSF,2012m1,co,000,0050,0000015,5867,1180,3244,5151,4262,5367,440,2233,4094,3490,1764,105,717,1062,1394,1618,560,929,808,803,1316,609,872,760,737,1492,377,891,854,962,1955,133,1150,1226,1210,5821,5469,5370,1764,1491,556,604,165,165,1615,1609,184,184,184,77,184,648,1348,1318,423,1964,5584,1022,643,1203,1154,1690,2132,2776,1983,2416,2081,1610,1090,1974,1612,5584,1221,2187,2335,2627,2533,1308,2362,1124,1185,1546,1442,524,5821,5867,1180,3244,5151,4262,5367,440,2233,4094,3490,1764,105,717,1062,1394,1618,560,929,808,803,2228,692,1341,1249,1467,1955,133,1150,1226,1210,5821,5469,5370,1764,1491,556,645,1615,1318,1488,1964,5584,1022,643,1203,1154,1690,2132,2776,1983,2416,3828,5584,2456,2335,2627,2533,1308,2362,1547,1546,1471
ACSSF,2012m1,co,000,0050,0000016,8298,2485,6102,7457,7198,7915,789,4779,5524,5902,3643,643,2072,2673,2044,3898,1746,2157,2294,1117,2777,1391,1485,1086,1397,2225,626,1040,1093,1692,2207,540,1340,1167,1216,8353,8078,7901,3635,3144,1487,870,589,456,3886,3352,460,1072,850,115,166,616,1918,2775,915,2253,8086,1962,1481,1925,2755,2962,3934,3762,4051,2839,2916,2330,1154,3162,2888,8086,1621,2544,3554,4304,4246,3397,4008,1804,2707,2972,3133,1594,8353,8298,2485,6102,7457,7198,7915,789,4779,5524,5902,3643,643,2072,2673,2044,3898,1746,2157,2294,1117,3444,1315,1885,1601,2024,2207,540,1340,1167,1216,8353,8078,7901,3635,3144,1487,1095,3886,2775,2229,2253,8086,1962,1481,1925,2755,2962,3934,3762,4051,2839,5361,8086,3103,3554,4304,4246,3397,4008,3449,2972,3635
ACSSF,2012m1,co,000,0050,0000017,4731,656,2308,3650,3059,4467,477,2171,2790,2601,1450,210,612,1019,795,433,70,400,167,184,610,184,463,247,263,713,241,404,242,425,2278,129,508,1906,1138,4709,4687,4467,1450,1308,630,465,73,242,433,427,184,35,101,184,184,396,291,613,441,2278,4590,600,665,660,836,1526,2051,2041,1812,1425,1402,1052,757,1155,985,4590,796,1608,1808,1706,1830,1180,1861,843,899,1250,1055,640,4709,4731,656,2308,3650,3059,4467,477,2171,2790,2601,1450,210,612,1019,795,433,70,400,167,184,918,241,610,345,499,2278,129,508,1906,1138,4709,4687,4467,1450,1308,630,513,433,613,713,2278,4590,600,665,660,836,1526,2051,2041,1812,1425,2305,4590,1705,1808,1706,1830,1180,1861,1266,1250,1231
ACSSF,2012m1,co,000,0050,0000018,5576,1346,4070,6053,6531,5798,672,3228,5587,5656,3126,732,1659,1809,2121,643,274,442,385,111,1341,353,1107,477,560,870,366,563,544,444,2165,115,878,1374,1407,5544,5919,5833,3137,2802,1256,1070,505,105,642,634,184,184,184,70,184,263,500,1632,761,2171,5646,1501,1990,2149,2037,2589,3440,4382,3250,2543,2083,1659,1097,2358,1967,5646,1471,2589,3180,3512,4210,2457,3132,1072,1637,2030,1502,753,5544,5576,1346,4070,6053,6531,5798,672,3228,5587,5656,3126,732,1659,1809,2121,643,274,442,385,111,1705,540,1181,787,666,2165,115,878,1374,1407,5544,5919,5833,3137,2802,1256,1018,642,1632,870,2171,5646,1501,1990,2149,2037,2589,3440,4382,3250,2543,4188,5646,2817,3180,3512,4210,2457,3132,1896,2030,1772
ACSSF,2012m1,co,000,0050,0000019,6655,851,3455,5366,5795,5640,471,3257,4438,4627,1956,312,1186,1373,1389,1282,571,490,692,441,1187,174,785,532,670,1131,386,518,704,609,1982,204,976,1513,1331,6670,5994,5645,1957,1798,654,403,432,334,1283,1283,184,184,184,184,184,327,900,1171,523,1981,6353,1340,788,1513,1492,2283,2561,2580,2735,2258,1983,1539,975,2188,2009,6353,1008,2088,2307,3115,3230,1803,2970,1423,1440,1670,1121,924,6670,6655,851,3455,5366,5795,5640,471,3257,4438,4627,1956,312,1186,1373,1389,1282,571,490,692,441,1607,425,975,846,839,1982,204,976,1513,1331,6670,5994,5645,1957,1798,654,694,1283,1171,1132,1981,6353,1340,788,1513,1492,2283,2561,2580,2735,2258,3866,6353,2296,2307,3115,3230,1803,2970,1840,1670,1488
ACSSF,2012m1,co,000,0050,0000020,3984,1034,2841,3794,3622,4260,746,2234,2982,3070,1833,201,1165,1179,1160,861,426,322,257,830,944,241,602,604,745,1383,318,922,908,693,1614,81,544,1321,955,3915,4332,4266,1944,1942,822,359,90,176,861,861,184,184,184,184,184,309,1397,967,393,1620,3804,1262,566,1150,1211,1988,1934,1736,2056,1772,1973,1088,545,1174,1877,3804,1177,1753,2483,2695,2347,1455,2150,757,910,1256,953,780,3915,3984,1034,2841,3794,3622,4260,746,2234,2982,3070,1833,201,1165,1179,1160,861,426,322,257,830,1814,389,1152,1188,1020,1614,81,544,1321,955,3915,4332,4266,1944,1942,822,422,861,967,1437,1620,3804,1262,566,1150,1211,1988,1934,1736,2056,1772,2858,3804,2048,2483,2695,2347,1455,2150,1197,1256,1232
ACSSF,2012m1,co,000,0050,0000021,2966,728,1780,3382,3057,3073,556,1373,3049,2563,1568,192,781,1167,710,409,38,274,184,275,660,81,158,463,416,571,231,361,354,303,1143,184,566,425,1014,3104,2823,3077,1568,1535,459,452,559,192,409,409,184,184,184,184,184,186,443,951,381,1143,3042,908,672,1003,912,1616,2101,1666,1667,1105,982,910,282,960,865,3042,786,1531,1899,2503,1554,738,861,242,135,889,866,889,3104,2966,728,1780,3382,3057,3073,556,1373,3049,2563,1568,192,781,1167,710,409,38,274,184,275,825,244,372,600,510,1143,184,566,425,1014,3104,2823,3077,1568,1535,459,789,409,951,610,1143,3042,908,672,1003,912,1616,2101,1666,1667,1105,1844,3042,1796,1899,2503,1554,738,861,282,889,1164
ACSSF,2012m1,co,000,0050,0000022,2876,610,1966,2448,2291,2544,342,1642,2147,2064,1220,169,558,796,851,310,184,102,184,274,611,328,477,223,193,454,212,166,282,103,727,184,372,380,420,2801,2824,2543,1220,1297,458,153,240,56,358,358,184,184,184,184,184,98,165,628,369,738,2792,622,359,918,811,1075,1133,1374,1233,725,1204,620,374,921,1093,2792,628,1571,1485,1585,1432,701,1099,489,345,741,558,402,2801,2876,610,1966,2448,2291,2544,342,1642,2147,2064,1220,169,558,796,851,310,184,102,184,274,847,397,474,324,225,727,184,372,380,420,2801,2824,2543,1220,1297,458,259,358,628,457,738,2792,622,359,918,811,1075,1133,1374,1233,725,1981,2792,1643,1485,1585,1432,701,1099,583,741,629
ACSSF,2012m1,co,000,0050,0000023,4673,978,2409,4495,3019,4151,507,1991,3715,2490,1802,573,980,1338,1084,355,262,203,184,126,689,242,397,218,444,802,220,507,476,170,1105,286,376,833,704,4708,4502,4176,1814,1591,681,855,510,547,355,355,184,184,184,184,184,246,453,783,586,1115,4647,1077,504,1096,1566,1587,2178,2080,2036,1074,1346,936,564,1213,1430,4647,1288,1539,2116,2342,1583,1863,1820,720,697,1230,1425,931,4708,4673,978,2409,4495,3019,4151,507,1991,3715,2490,1802,573,980,1338,1084,355,262,203,184,126,1058,331,671,509,487,1105,286,376,833,704,4708,4502,4176,1814,1591,681,1190,355,783,804,1115,4647,1077,504,1096,1566,1587,2178,2080,2036,1074,2488,4647,2031,2116,2342,1583,1863,1820,1039,1230,1793
ACSSF,2012m1,co,000,0050,0000024,,,,,,,,,,,,,,,,,,,,,,,,,,,,,,,,,,,,,,,,,,,,,,,,,,,,,,,,,2899,428,251,391,684,914,1009,1062,765,846,813,559,203,566,697,2899,344,1002,756,1328,1089,708,1281,553,390,751,374,208,2803,2801,329,997,2076,1757,2624,161,898,1643,1353,1041,58,280,565,770,353,269,73,157,147,661,184,175,594,269,967,76,399,906,339,2803,2960,2623,1041,884,218,446,370,376,517,968,2899,428,251,391,684,914,1009,1062,765,846,1309,2899,1093,756,1328,1089,708,1281,742,751,425
ACSSF,2012m1,co,000,0050,0000025,6040,1149,2563,4024,3438,5183,420,2181,3831,2941,2049,384,901,1017,1410,1261,674,660,372,685,1092,340,888,552,150,589,332,267,311,246,911,175,336,765,386,6048,5700,5174,2045,1898,682,277,163,171,1300,1288,184,184,94,184,184,178,321,1077,470,911,6073,1056,861,1122,1801,1570,2113,2119,1731,1538,1507,1460,760,1345,1274,6073,1099,2064,2261,1795,2194,1755,2708,1177,1070,1752,1431,454,6048,6040,1149,2563,4024,3438,5183,420,2181,3831,2941,2049,384,901,1017,1410,1261,674,660,372,685,1179,465,907,623,278,911,175,336,765,386,6048,5700,5174,2045,1898,682,362,1300,1077,589,911,6073,1056,861,1122,1801,1570,2113,2119,1731,1538,3002,6073,2265,2261,1795,2194,1755,2708,1748,1752,1548
ACSSF,2012m1,co,000,0050,0000026,5014,899,2227,3327,3553,4111,215,1630,2748,2610,1176,184,359,768,669,1427,514,904,649,741,1031,538,617,529,661,1319,355,821,622,861,1273,107,643,624,932,,,,,,,,,,,,,,,,,,,,,,4715,863,578,860,797,1218,1687,1986,1813,1801,1772,1142,789,1398,1270,4715,699,1503,1826,1957,1728,1102,2049,778,1005,1221,1279,362,4919,5014,899,2227,3327,3553,4111,215,1630,2748,2610,1176,184,359,768,669,1427,514,904,649,741,1689,618,1054,871,1306,1273,107,643,624,932,4919,4406,4116,1176,1053,259,374,1440,1040,1326,1272,4715,863,578,860,797,1218,1687,1986,1813,1801,3007,4715,1654,1826,1957,1728,1102,2049,1149,1221,1329
ACSSF,2012m1,co,000,0050,0000027,,,,,,,,,,,,,,,,,,,,,,,,,,,,,,,,,,,,,,,,,,,,,,,,,,,,,,,,,3563,529,319,556,415,1321,1285,1685,1130,1081,1047,697,475,1032,472,3563,530,934,1044,1131,1462,958,1530,607,986,957,602,456,3726,3751,389,1725,2301,2141,3397,239,1478,2162,1934,961,184,611,652,502,430,270,318,59,45,311,184,109,107,266,982,184,421,590,623,3726,3478,3397,965,955,135,85,448,309,78,982,3563,529,319,556,415,1321,1285,1685,1130,1081,1858,3563,1063,1044,1131,1462,958,1530,1125,957,723
ACSSF,2012m1,co,000,0050,0000028,6230,1140,3206,5496,5474,6214,567,2794,5084,4991,2577,666,1218,1623,1507,595,269,442,338,111,958,341,711,466,442,742,366,485,426,425,1639,115,768,1061,1009,6228,6314,6237,2588,2265,864,945,504,105,593,585,184,184,184,70,184,257,500,1009,606,1640,6028,1057,1667,1238,1858,2108,2635,3383,2950,1995,1733,1540,1025,2260,1798,6028,1162,2617,2711,3243,3868,1945,2858,929,1486,1681,1356,681,6228,6230,1140,3206,5496,5474,6214,567,2794,5084,4991,2577,666,1218,1623,1507,595,269,442,338,111,1271,533,765,687,561,1639,115,768,1061,1009,6228,6314,6237,2588,2265,864,889,593,1009,742,1640,6028,1057,1667,1238,1858,2108,2635,3383,2950,1995,3433,6028,2788,2711,3243,3868,1945,2858,1844,1681,1575
ACSSF,2012m1,co,000,0050,0000029,8298,2485,6102,7457,7198,7915,789,4779,5524,5902,3643,643,2072,2673,2044,3898,1746,2157,2294,1117,2777,1391,1485,1086,1397,2225,626,1040,1093,1692,2207,540,1340,1167,1216,8353,8078,7901,3635,3144,1487,870,589,456,3886,3352,460,1072,850,115,166,616,1918,2775,915,2253,8086,1962,1481,1925,2755,2962,3934,3762,4051,2839,2916,2330,1154,3162,2888,8086,1621,2544,3554,4304,4246,3397,4008,1804,2707,2972,3133,1594,8353,8298,2485,6102,7457,7198,7915,789,4779,5524,5902,3643,643,2072,2673,2044,3898,1746,2157,2294,1117,3444,1315,1885,1601,2024,2207,540,1340,1167,1216,8353,8078,7901,3635,3144,1487,1095,3886,2775,2229,2253,8086,1962,1481,1925,2755,2962,3934,3762,4051,2839,5361,8086,3103,3554,4304,4246,3397,4008,3449,2972,3635
ACSSF,2012m1,co,000,0050,0000030,3634,849,2138,2937,2749,3644,642,1655,2605,2158,1382,93,736,719,994,845,426,322,228,821,804,230,520,437,584,1363,243,879,807,648,995,81,402,812,497,3619,3658,3639,1382,1263,535,133,90,173,845,845,184,184,184,184,184,301,1368,788,173,985,3505,877,519,708,834,1395,1341,1501,1647,1425,1377,1015,440,1054,1516,3505,683,1448,1981,2184,2165,1025,1636,459,770,672,689,472,3619,3634,849,2138,2937,2749,3644,642,1655,2605,2158,1382,93,736,719,994,845,426,322,228,821,1668,341,1079,1002,901,995,81,402,812,497,3619,3658,3639,1382,1263,535,239,845,788,1408,985,3505,877,519,708,834,1395,1341,1501,1647,1425,2464,3505,1562,1981,2184,2165,1025,1636,868,672,868
ACSSF,2012m1,co,000,0050,0000031,3348,545,1323,2511,2026,3262,265,1295,2619,1631,1210,399,530,403,671,239,12,203,184,126,576,240,349,136,332,494,184,247,374,137,626,171,162,564,216,,,,,,,,,,,,,,,,,,,,,,3379,592,289,545,798,1120,1487,1231,1525,727,728,409,349,874,1021,3379,746,1134,1395,1581,1150,820,1011,282,385,552,1095,531,3381,3348,545,1323,2511,2026,3262,265,1295,2619,1631,1210,399,530,403,671,239,12,203,184,126,776,240,453,398,370,626,171,162,564,216,3381,3414,3252,1329,886,144,683,239,671,514,657,3379,592,289,545,798,1120,1487,1231,1525,727,1537,3379,1431,1395,1581,1150,820,1011,505,552,1272
ACSSF,2012m1,co,000,0050,0000032,,,,,,,,,,,,,,,,,,,,,,,,,,,,,,,,,,,,,,,,,,,,,,,,,,,,,,,,,2142,104,261,138,352,591,869,931,982,821,603,349,229,487,416,2142,225,761,1105,707,811,416,731,312,281,615,491,444,2598,2598,332,1207,1820,1248,1925,269,1030,1208,1108,464,139,128,413,209,108,70,184,81,184,721,128,589,155,420,1461,58,262,1262,524,2598,1930,1925,464,413,194,320,108,500,552,1461,2142,104,261,138,352,591,869,931,982,821,916,2142,839,1105,707,811,416,731,379,615,670
ACSSF,2012m1,co,000,0050,0000033,4443,660,1967,3089,2523,3882,250,1919,2739,2099,1321,158,756,834,829,1017,508,271,558,437,498,156,415,145,147,769,240,403,369,454,784,184,509,525,371,4429,4046,3883,1339,1305,345,324,208,179,1017,1017,184,184,184,184,184,216,563,509,401,794,4333,629,531,670,956,1438,1684,1443,1548,1401,1104,963,446,1340,810,4333,515,1324,1625,1713,1510,1158,1267,867,1019,1047,756,674,4429,4443,660,1967,3089,2523,3882,250,1919,2739,2099,1321,158,756,834,829,1017,508,271,558,437,933,286,560,374,476,784,184,509,525,371,4429,4046,3883,1339,1305,345,392,1017,509,769,794,4333,629,531,670,956,1438,1684,1443,1548,1401,1979,4333,1470,1625,1713,1510,1158,1267,1241,1047,1043
ACSSF,2012m1,co,000,0050,0000034,,,,,,,,,,,,,,,,,,,,,,,,,,,,,,,,,,,,,,,,,,,,,,,,,,,,,,,,,2919,461,368,451,695,726,791,1210,1190,797,835,420,726,817,852,2919,743,1167,1044,1348,1179,493,755,471,466,695,708,278,2971,2962,356,1276,1903,2217,2709,183,979,1728,1883,1012,105,192,467,909,383,60,64,217,328,812,304,506,371,310,828,73,693,539,334,2971,2802,2709,1012,912,261,374,387,460,599,828,2919,461,368,451,695,726,791,1210,1190,797,1670,2919,1384,1044,1348,1179,493,755,650,695,715
ACSSF,2012m1,co,000,0050,0000035,,,,,,,,,,,,,,,,,,,,,,,,,,,,,,,,,,,,,,,,,,,,,,,,,,,,,,,,,2745,532,281,805,759,978,1165,1156,819,898,1247,500,177,627,918,2745,531,918,1456,1392,845,634,1165,320,549,694,358,502,2819,2720,424,1572,1935,2026,2340,323,1190,1680,1729,1026,146,701,620,534,110,184,184,184,110,631,218,311,306,418,849,184,235,711,464,2819,2681,2337,1115,972,340,346,110,512,409,849,2745,532,281,805,759,978,1165,1156,819,898,1624,2745,1042,1456,1392,845,634,1165,697,694,636
ACSSF,2012m1,co,000,0050,0000036,2884,515,1780,2347,2171,2467,322,1385,2068,1947,1038,152,560,723,616,285,184,83,184,274,581,287,467,154,192,293,110,166,154,103,562,184,338,337,205,,,,,,,,,,,,,,,,,,,,,,2806,566,282,783,766,957,1035,990,1104,680,1179,572,366,851,1066,2806,564,1442,1357,1506,1223,486,936,381,230,581,452,375,2800,2884,515,1780,2347,2171,2467,322,1385,2068,1947,1038,152,560,723,616,285,184,83,184,274,688,322,463,209,225,562,184,338,337,205,2800,2744,2470,1038,1040,409,160,335,600,293,569,2806,566,282,783,766,957,1035,990,1104,680,1924,2806,1469,1357,1506,1223,486,936,433,581,562
ACSSF,2012m1,co,000,0050,0000037,,,,,,,,,,,,,,,,,,,,,,,,,,,,,,,,,,,,,,,,,,,,,,,,,,,,,,,,,2391,621,504,318,848,848,889,1010,739,520,780,442,246,686,790,2391,279,799,1079,902,906,550,1062,247,493,865,318,160,2458,2458,369,978,2139,1418,2182,267,737,1767,1286,766,86,460,427,457,273,183,184,133,166,595,71,279,525,177,802,184,454,688,240,2458,2316,2182,766,643,312,288,273,242,552,802,2391,621,504,318,848,848,889,1010,739,520,1381,2391,862,1079,902,906,550,1062,553,865,359
ACSSF,2012m1,co,000,0050,0000038,2676,244,1146,1909,2214,2576,187,933,1742,2091,672,46,357,374,415,470,184,428,158,153,561,184,499,240,113,175,184,143,71,68,999,148,235,640,657,,,,,,,,,,,,,,,,,,,,,,2702,640,224,378,851,796,1224,1048,1041,636,941,601,660,938,799,2702,563,932,1099,1095,1565,639,1291,374,587,647,569,378,2677,2676,244,1146,1909,2214,2576,187,933,1742,2091,672,46,357,374,415,470,184,428,158,153,583,184,522,246,132,999,148,235,640,657,2677,2627,2576,672,652,208,53,470,561,175,999,2702,640,224,378,851,796,1224,1048,1041,636,1851,2702,1069,1099,1095,1565,639,1291,698,647,684
ACSSF,2012m1,co,000,0050,0000039,5014,899,2227,3327,3553,4111,215,1630,2748,2610,1176,184,359,768,669,1427,514,904,649,741,1031,538,617,529,661,1319,355,821,622,861,1273,107,643,624,932,,,,,,,,,,,,,,,,,,,,,,4715,863,578,860,797,1218,1687,1986,1813,1801,1772,1142,789,1398,1270,4715,699,1503,1826,1957,1728,1102,2049,778,1005,1221,1279,362,4919,5014,899,2227,3327,3553,4111,215,1630,2748,2610,1176,184,359,768,669,1427,514,904,649,741,1689,618,1054,871,1306,1273,107,643,624,932,4919,4406,4116,1176,1053,259,374,1440,1040,1326,1272,4715,863,578,860,797,1218,1687,1986,1813,1801,3007,4715,1654,1826,1957,1728,1102,2049,1149,1221,1329
ACSSF,2012m1,co,000,0050,0000040,6230,1140,3206,5496,5474,6214,567,2794,5084,4991,2577,666,1218,1623,1507,595,269,442,338,111,958,341,711,466,442,742,366,485,426,425,1639,115,768,1061,1009,6228,6314,6237,2588,2265,864,945,504,105,593,585,184,184,184,70,184,257,500,1009,606,1640,6028,1057,1667,1238,1858,2108,2635,3383,2950,1995,1733,1540,1025,2260,1798,6028,1162,2617,2711,3243,3868,1945,2858,929,1486,1681,1356,681,6228,6230,1140,3206,5496,5474,6214,567,2794,5084,4991,2577,666,1218,1623,1507,595,269,442,338,111,1271,533,765,687,561,1639,115,768,1061,1009,6228,6314,6237,2588,2265,864,889,593,1009,742,1640,6028,1057,1667,1238,1858,2108,2635,3383,2950,1995,3433,6028,2788,2711,3243,3868,1945,2858,1844,1681,1575
ACSSF,2012m1,co,000,0050,0000041,6040,1149,2563,4024,3438,5183,420,2181,3831,2941,2049,384,901,1017,1410,1261,674,660,372,685,1092,340,888,552,150,589,332,267,311,246,911,175,336,765,386,6048,5700,5174,2045,1898,682,277,163,171,1300,1288,184,184,94,184,184,178,321,1077,470,911,6073,1056,861,1122,1801,1570,2113,2119,1731,1538,1507,1460,760,1345,1274,6073,1099,2064,2261,1795,2194,1755,2708,1177,1070,1752,1431,454,6048,6040,1149,2563,4024,3438,5183,420,2181,3831,2941,2049,384,901,1017,1410,1261,674,660,372,685,1179,465,907,623,278,911,175,336,765,386,6048,5700,5174,2045,1898,682,362,1300,1077,589,911,6073,1056,861,1122,1801,1570,2113,2119,1731,1538,3002,6073,2265,2261,1795,2194,1755,2708,1748,1752,1548
ACSSF,2012m1,co,000,0050,0000042,8298,2485,6102,7457,7198,7915,789,4779,5524,5902,3643,643,2072,2673,2044,3898,1746,2157,2294,1117,2777,1391,1485,1086,1397,2225,626,1040,1093,1692,2207,540,1340,1167,1216,8353,8078,7901,3635,3144,1487,870,589,456,3886,3352,460,1072,850,115,166,616,1918,2775,915,2253,8086,1962,1481,1925,2755,2962,3934,3762,4051,2839,2916,2330,1154,3162,2888,8086,1621,2544,3554,4304,4246,3397,4008,1804,2707,2972,3133,1594,8353,8298,2485,6102,7457,7198,7915,789,4779,5524,5902,3643,643,2072,2673,2044,3898,1746,2157,2294,1117,3444,1315,1885,1601,2024,2207,540,1340,1167,1216,8353,8078,7901,3635,3144,1487,1095,3886,2775,2229,2253,8086,1962,1481,1925,2755,2962,3934,3762,4051,2839,5361,8086,3103,3554,4304,4246,3397,4008,3449,2972,3635
ACSSF,2012m1,co,000,0050,0000043,3634,849,2138,2937,2749,3644,642,1655,2605,2158,1382,93,736,719,994,845,426,322,228,821,804,230,520,437,584,1363,243,879,807,648,995,81,402,812,497,3619,3658,3639,1382,1263,535,133,90,173,845,845,184,184,184,184,184,301,1368,788,173,985,3505,877,519,708,834,1395,1341,1501,1647,1425,1377,1015,440,1054,1516,3505,683,1448,1981,2184,2165,1025,1636,459,770,672,689,472,3619,3634,849,2138,2937,2749,3644,642,1655,2605,2158,1382,93,736,719,994,845,426,322,228,821,1668,341,1079,1002,901,995,81,402,812,497,3619,3658,3639,1382,1263,535,239,845,788,1408,985,3505,877,519,708,834,1395,1341,1501,1647,1425,2464,3505,1562,1981,2184,2165,1025,1636,868,672,868
ACSSF,2012m1,co,000,0050,0000044,,,,,,,,,,,,,,,,,,,,,,,,,,,,,,,,,,,,,,,,,,,,,,,,,,,,,,,,,2745,532,281,805,759,978,1165,1156,819,898,1247,500,177,627,918,2745,531,918,1456,1392,845,634,1165,320,549,694,358,502,2819,2720,424,1572,1935,2026,2340,323,1190,1680,1729,1026,146,701,620,534,110,184,184,184,110,631,218,311,306,418,849,184,235,711,464,2819,2681,2337,1115,972,340,346,110,512,409,849,2745,532,281,805,759,978,1165,1156,819,898,1624,2745,1042,1456,1392,845,634,1165,697,694,636
ACSSF,2012m1,co,000,0050,0000045,3348,545,1323,2511,2026,3262,265,1295,2619,1631,1210,399,530,403,671,239,12,203,184,126,576,240,349,136,332,494,184,247,374,137,626,171,162,564,216,,,,,,,,,,,,,,,,,,,,,,3379,592,289,545,798,1120,1487,1231,1525,727,728,409,349,874,1021,3379,746,1134,1395,1581,1150,820,1011,282,385,552,1095,531,3381,3348,545,1323,2511,2026,3262,265,1295,2619,1631,1210,399,530,403,671,239,12,203,184,126,776,240,453,398,370,626,171,162,564,216,3381,3414,3252,1329,886,144,683,239,671,514,657,3379,592,289,545,798,1120,1487,1231,1525,727,1537,3379,1431,1395,1581,1150,820,1011,505,552,1272
ACSSF,2012m1,co,000,0050,0000046,2884,515,1780,2347,2171,2467,322,1385,2068,1947,1038,152,560,723,616,285,184,83,184,274,581,287,467,154,192,293,110,166,154,103,562,184,338,337,205,,,,,,,,,,,,,,,,,,,,,,2806,566,282,783,766,957,1035,990,1104,680,1179,572,366,851,1066,2806,564,1442,1357,1506,1223,486,936,381,230,581,452,375,2800,2884,515,1780,2347,2171,2467,322,1385,2068,1947,1038,152,560,723,616,285,184,83,184,274,688,322,463,209,225,562,184,338,337,205,2800,2744,2470,1038,1040,409,160,335,600,293,569,2806,566,282,783,766,957,1035,990,1104,680,1924,2806,1469,1357,1506,1223,486,936,433,581,562
ACSSF,2012m1,co,000,0050,0000047,,,,,,,,,,,,,,,,,,,,,,,,,,,,,,,,,,,,,,,,,,,,,,,,,,,,,,,,,,,,,,,,,,,,,,,,,,,,,,,,,,,,,,,,,,,,,,,,,,,,,,,,,,,,,,,,,,,,,,,,,,,,,,,,,,,,,,,,,,,,,,,,,,,
ACSSF,2012m1,co,000,0050,0000048,,,,,,,,,,,,,,,,,,,,,,,,,,,,,,,,,,,,,,,,,,,,,,,,,,,,,,,,,,,,,,,,,,,,,,,,,,,,,,,,,,,,,,,,,,,,,,,,,,,,,,,,,,,,,,,,,,,,,,,,,,,,,,,,,,,,,,,,,,,,,,,,,,,
ACSSF,2012m1,co,000,0050,0000049,,,,,,,,,,,,,,,,,,,,,,,,,,,,,,,,,,,,,,,,,,,,,,,,,,,,,,,,,,,,,,,,,,,,,,,,,,,,,,,,,,,,,,,,,,,,,,,,,,,,,,,,,,,,,,,,,,,,,,,,,,,,,,,,,,,,,,,,,,,,,,,,,,,
ACSSF,2012m1,co,000,0050,0000050,,,,,,,,,,,,,,,,,,,,,,,,,,,,,,,,,,,,,,,,,,,,,,,,,,,,,,,,,,,,,,,,,,,,,,,,,,,,,,,,,,,,,,,,,,,,,,,,,,,,,,,,,,,,,,,,,,,,,,,,,,,,,,,,,,,,,,,,,,,,,,,,,,,
ACSSF,2012m1,co,000,0050,0000051,,,,,,,,,,,,,,,,,,,,,,,,,,,,,,,,,,,,,,,,,,,,,,,,,,,,,,,,,,,,,,,,,,,,,,,,,,,,,,,,,,,,,,,,,,,,,,,,,,,,,,,,,,,,,,,,,,,,,,,,,,,,,,,,,,,,,,,,,,,,,,,,,,,
ACSSF,2012m1,co,000,0050,0000052,,,,,,,,,,,,,,,,,,,,,,,,,,,,,,,,,,,,,,,,,,,,,,,,,,,,,,,,,,,,,,,,,,,,,,,,,,,,,,,,,,,,,,,,,,,,,,,,,,,,,,,,,,,,,,,,,,,,,,,,,,,,,,,,,,,,,,,,,,,,,,,,,,,
ACSSF,2012m1,co,000,0050,0000053,,,,,,,,,,,,,,,,,,,,,,,,,,,,,,,,,,,,,,,,,,,,,,,,,,,,,,,,,,,,,,,,,,,,,,,,,,,,,,,,,,,,,,,,,,,,,,,,,,,,,,,,,,,,,,,,,,,,,,,,,,,,,,,,,,,,,,,,,,,,,,,,,,,
ACSSF,2012m1,co,000,0050,0000054,,,,,,,,,,,,,,,,,,,,,,,,,,,,,,,,,,,,,,,,,,,,,,,,,,,,,,,,,,,,,,,,,,,,,,,,,,,,,,,,,,,,,,,,,,,,,,,,,,,,,,,,,,,,,,,,,,,,,,,,,,,,,,,,,,,,,,,,,,,,,,,,,,,
ACSSF,2012m1,co,000,0050,0000055,,,,,,,,,,,,,,,,,,,,,,,,,,,,,,,,,,,,,,,,,,,,,,,,,,,,,,,,,,,,,,,,,,,,,,,,,,,,,,,,,,,,,,,,,,,,,,,,,,,,,,,,,,,,,,,,,,,,,,,,,,,,,,,,,,,,,,,,,,,,,,,,,,,
ACSSF,2012m1,co,000,0050,0000056,,,,,,,,,,,,,,,,,,,,,,,,,,,,,,,,,,,,,,,,,,,,,,,,,,,,,,,,,,,,,,,,,,,,,,,,,,,,,,,,,,,,,,,,,,,,,,,,,,,,,,,,,,,,,,,,,,,,,,,,,,,,,,,,,,,,,,,,,,,,,,,,,,,
ACSSF,2012m1,co,000,0050,0000057,,,,,,,,,,,,,,,,,,,,,,,,,,,,,,,,,,,,,,,,,,,,,,,,,,,,,,,,,,,,,,,,,,,,,,,,,,,,,,,,,,,,,,,,,,,,,,,,,,,,,,,,,,,,,,,,,,,,,,,,,,,,,,,,,,,,,,,,,,,,,,,,,,,
ACSSF,2012m1,co,000,0050,0000058,,,,,,,,,,,,,,,,,,,,,,,,,,,,,,,,,,,,,,,,,,,,,,,,,,,,,,,,,,,,,,,,,,,,,,,,,,,,,,,,,,,,,,,,,,,,,,,,,,,,,,,,,,,,,,,,,,,,,,,,,,,,,,,,,,,,,,,,,,,,,,,,,,,
ACSSF,2012m1,co,000,0050,0000059,,,,,,,,,,,,,,,,,,,,,,,,,,,,,,,,,,,,,,,,,,,,,,,,,,,,,,,,,,,,,,,,,,,,,,,,,,,,,,,,,,,,,,,,,,,,,,,,,,,,,,,,,,,,,,,,,,,,,,,,,,,,,,,,,,,,,,,,,,,,,,,,,,,
ACSSF,2012m1,co,000,0050,0000060,,,,,,,,,,,,,,,,,,,,,,,,,,,,,,,,,,,,,,,,,,,,,,,,,,,,,,,,,,,,,,,,,,,,,,,,,,,,,,,,,,,,,,,,,,,,,,,,,,,,,,,,,,,,,,,,,,,,,,,,,,,,,,,,,,,,,,,,,,,,,,,,,,,
ACSSF,2012m1,co,000,0050,0000061,,,,,,,,,,,,,,,,,,,,,,,,,,,,,,,,,,,,,,,,,,,,,,,,,,,,,,,,,,,,,,,,,,,,,,,,,,,,,,,,,,,,,,,,,,,,,,,,,,,,,,,,,,,,,,,,,,,,,,,,,,,,,,,,,,,,,,,,,,,,,,,,,,,
ACSSF,2012m1,co,000,0050,0000062,,,,,,,,,,,,,,,,,,,,,,,,,,,,,,,,,,,,,,,,,,,,,,,,,,,,,,,,,,,,,,,,,,,,,,,,,,,,,,,,,,,,,,,,,,,,,,,,,,,,,,,,,,,,,,,,,,,,,,,,,,,,,,,,,,,,,,,,,,,,,,,,,,,
ACSSF,2012m1,co,000,0050,0000063,,,,,,,,,,,,,,,,,,,,,,,,,,,,,,,,,,,,,,,,,,,,,,,,,,,,,,,,,,,,,,,,,,,,,,,,,,,,,,,,,,,,,,,,,,,,,,,,,,,,,,,,,,,,,,,,,,,,,,,,,,,,,,,,,,,,,,,,,,,,,,,,,,,
ACSSF,2012m1,co,000,0050,0000064,,,,,,,,,,,,,,,,,,,,,,,,,,,,,,,,,,,,,,,,,,,,,,,,,,,,,,,,,,,,,,,,,,,,,,,,,,,,,,,,,,,,,,,,,,,,,,,,,,,,,,,,,,,,,,,,,,,,,,,,,,,,,,,,,,,,,,,,,,,,,,,,,,,
ACSSF,2012m1,co,000,0050,0000065,,,,,,,,,,,,,,,,,,,,,,,,,,,,,,,,,,,,,,,,,,,,,,,,,,,,,,,,,,,,,,,,,,,,,,,,,,,,,,,,,,,,,,,,,,,,,,,,,,,,,,,,,,,,,,,,,,,,,,,,,,,,,,,,,,,,,,,,,,,,,,,,,,,
ACSSF,2012m1,co,000,0050,0000066,,,,,,,,,,,,,,,,,,,,,,,,,,,,,,,,,,,,,,,,,,,,,,,,,,,,,,,,,,,,,,,,,,,,,,,,,,,,,,,,,,,,,,,,,,,,,,,,,,,,,,,,,,,,,,,,,,,,,,,,,,,,,,,,,,,,,,,,,,,,,,,,,,,
ACSSF,2012m1,co,000,0050,0000067,,,,,,,,,,,,,,,,,,,,,,,,,,,,,,,,,,,,,,,,,,,,,,,,,,,,,,,,,,,,,,,,,,,,,,,,,,,,,,,,,,,,,,,,,,,,,,,,,,,,,,,,,,,,,,,,,,,,,,,,,,,,,,,,,,,,,,,,,,,,,,,,,,,
ACSSF,2012m1,co,000,0050,0000068,,,,,,,,,,,,,,,,,,,,,,,,,,,,,,,,,,,,,,,,,,,,,,,,,,,,,,,,,,,,,,,,,,,,,,,,,,,,,,,,,,,,,,,,,,,,,,,,,,,,,,,,,,,,,,,,,,,,,,,,,,,,,,,,,,,,,,,,,,,,,,,,,,,
ACSSF,2012m1,co,000,0050,0000069,,,,,,,,,,,,,,,,,,,,,,,,,,,,,,,,,,,,,,,,,,,,,,,,,,,,,,,,,,,,,,,,,,,,,,,,,,,,,,,,,,,,,,,,,,,,,,,,,,,,,,,,,,,,,,,,,,,,,,,,,,,,,,,,,,,,,,,,,,,,,,,,,,,
ACSSF,2012m1,co,000,0050,0000070,,,,,,,,,,,,,,,,,,,,,,,,,,,,,,,,,,,,,,,,,,,,,,,,,,,,,,,,,,,,,,,,,,,,,,,,,,,,,,,,,,,,,,,,,,,,,,,,,,,,,,,,,,,,,,,,,,,,,,,,,,,,,,,,,,,,,,,,,,,,,,,,,,,
ACSSF,2012m1,co,000,0050,0000071,,,,,,,,,,,,,,,,,,,,,,,,,,,,,,,,,,,,,,,,,,,,,,,,,,,,,,,,,,,,,,,,,,,,,,,,,,,,,,,,,,,,,,,,,,,,,,,,,,,,,,,,,,,,,,,,,,,,,,,,,,,,,,,,,,,,,,,,,,,,,,,,,,,
ACSSF,2012m1,co,000,0050,0000072,,,,,,,,,,,,,,,,,,,,,,,,,,,,,,,,,,,,,,,,,,,,,,,,,,,,,,,,,,,,,,,,,,,,,,,,,,,,,,,,,,,,,,,,,,,,,,,,,,,,,,,,,,,,,,,,,,,,,,,,,,,,,,,,,,,,,,,,,,,,,,,,,,,
ACSSF,2012m1,co,000,0050,0000073,,,,,,,,,,,,,,,,,,,,,,,,,,,,,,,,,,,,,,,,,,,,,,,,,,,,,,,,,,,,,,,,,,,,,,,,,,,,,,,,,,,,,,,,,,,,,,,,,,,,,,,,,,,,,,,,,,,,,,,,,,,,,,,,,,,,,,,,,,,,,,,,,,,
ACSSF,2012m1,co,000,0050,0000074,,,,,,,,,,,,,,,,,,,,,,,,,,,,,,,,,,,,,,,,,,,,,,,,,,,,,,,,,,,,,,,,,,,,,,,,,,,,,,,,,,,,,,,,,,,,,,,,,,,,,,,,,,,,,,,,,,,,,,,,,,,,,,,,,,,,,,,,,,,,,,,,,,,
ACSSF,2012m1,co,000,0050,0000075,,,,,,,,,,,,,,,,,,,,,,,,,,,,,,,,,,,,,,,,,,,,,,,,,,,,,,,,,,,,,,,,,,,,,,,,,,,,,,,,,,,,,,,,,,,,,,,,,,,,,,,,,,,,,,,,,,,,,,,,,,,,,,,,,,,,,,,,,,,,,,,,,,,
ACSSF,2012m1,co,000,0050,0000076,,,,,,,,,,,,,,,,,,,,,,,,,,,,,,,,,,,,,,,,,,,,,,,,,,,,,,,,,,,,,,,,,,,,,,,,,,,,,,,,,,,,,,,,,,,,,,,,,,,,,,,,,,,,,,,,,,,,,,,,,,,,,,,,,,,,,,,,,,,,,,,,,,,
ACSSF,2012m1,co,000,0050,0000077,,,,,,,,,,,,,,,,,,,,,,,,,,,,,,,,,,,,,,,,,,,,,,,,,,,,,,,,,,,,,,,,,,,,,,,,,,,,,,,,,,,,,,,,,,,,,,,,,,,,,,,,,,,,,,,,,,,,,,,,,,,,,,,,,,,,,,,,,,,,,,,,,,,
ACSSF,2012m1,co,000,0050,0000078,,,,,,,,,,,,,,,,,,,,,,,,,,,,,,,,,,,,,,,,,,,,,,,,,,,,,,,,,,,,,,,,,,,,,,,,,,,,,,,,,,,,,,,,,,,,,,,,,,,,,,,,,,,,,,,,,,,,,,,,,,,,,,,,,,,,,,,,,,,,,,,,,,,
ACSSF,2012m1,co,000,0050,0000079,,,,,,,,,,,,,,,,,,,,,,,,,,,,,,,,,,,,,,,,,,,,,,,,,,,,,,,,,,,,,,,,,,,,,,,,,,,,,,,,,,,,,,,,,,,,,,,,,,,,,,,,,,,,,,,,,,,,,,,,,,,,,,,,,,,,,,,,,,,,,,,,,,,
ACSSF,2012m1,co,000,0050,0000080,,,,,,,,,,,,,,,,,,,,,,,,,,,,,,,,,,,,,,,,,,,,,,,,,,,,,,,,,,,,,,,,,,,,,,,,,,,,,,,,,,,,,,,,,,,,,,,,,,,,,,,,,,,,,,,,,,,,,,,,,,,,,,,,,,,,,,,,,,,,,,,,,,,
ACSSF,2012m1,co,000,0050,0000081,,,,,,,,,,,,,,,,,,,,,,,,,,,,,,,,,,,,,,,,,,,,,,,,,,,,,,,,,,,,,,,,,,,,,,,,,,,,,,,,,,,,,,,,,,,,,,,,,,,,,,,,,,,,,,,,,,,,,,,,,,,,,,,,,,,,,,,,,,,,,,,,,,,
ACSSF,2012m1,co,000,0050,0000082,,,,,,,,,,,,,,,,,,,,,,,,,,,,,,,,,,,,,,,,,,,,,,,,,,,,,,,,,,,,,,,,,,,,,,,,,,,,,,,,,,,,,,,,,,,,,,,,,,,,,,,,,,,,,,,,,,,,,,,,,,,,,,,,,,,,,,,,,,,,,,,,,,,
ACSSF,2012m1,co,000,0050,0000083,,,,,,,,,,,,,,,,,,,,,,,,,,,,,,,,,,,,,,,,,,,,,,,,,,,,,,,,,,,,,,,,,,,,,,,,,,,,,,,,,,,,,,,,,,,,,,,,,,,,,,,,,,,,,,,,,,,,,,,,,,,,,,,,,,,,,,,,,,,,,,,,,,,
ACSSF,2012m1,co,000,0050,0000084,,,,,,,,,,,,,,,,,,,,,,,,,,,,,,,,,,,,,,,,,,,,,,,,,,,,,,,,,,,,,,,,,,,,,,,,,,,,,,,,,,,,,,,,,,,,,,,,,,,,,,,,,,,,,,,,,,,,,,,,,,,,,,,,,,,,,,,,,,,,,,,,,,,
ACSSF,2012m1,co,000,0050,0000085,,,,,,,,,,,,,,,,,,,,,,,,,,,,,,,,,,,,,,,,,,,,,,,,,,,,,,,,,,,,,,,,,,,,,,,,,,,,,,,,,,,,,,,,,,,,,,,,,,,,,,,,,,,,,,,,,,,,,,,,,,,,,,,,,,,,,,,,,,,,,,,,,,,
ACSSF,2012m1,co,000,0050,0000086,,,,,,,,,,,,,,,,,,,,,,,,,,,,,,,,,,,,,,,,,,,,,,,,,,,,,,,,,,,,,,,,,,,,,,,,,,,,,,,,,,,,,,,,,,,,,,,,,,,,,,,,,,,,,,,,,,,,,,,,,,,,,,,,,,,,,,,,,,,,,,,,,,,
ACSSF,2012m1,co,000,0050,0000087,,,,,,,,,,,,,,,,,,,,,,,,,,,,,,,,,,,,,,,,,,,,,,,,,,,,,,,,,,,,,,,,,,,,,,,,,,,,,,,,,,,,,,,,,,,,,,,,,,,,,,,,,,,,,,,,,,,,,,,,,,,,,,,,,,,,,,,,,,,,,,,,,,,
ACSSF,2012m1,co,000,0050,0000088,,,,,,,,,,,,,,,,,,,,,,,,,,,,,,,,,,,,,,,,,,,,,,,,,,,,,,,,,,,,,,,,,,,,,,,,,,,,,,,,,,,,,,,,,,,,,,,,,,,,,,,,,,,,,,,,,,,,,,,,,,,,,,,,,,,,,,,,,,,,,,,,,,,
ACSSF,2012m1,co,000,0050,0000089,,,,,,,,,,,,,,,,,,,,,,,,,,,,,,,,,,,,,,,,,,,,,,,,,,,,,,,,,,,,,,,,,,,,,,,,,,,,,,,,,,,,,,,,,,,,,,,,,,,,,,,,,,,,,,,,,,,,,,,,,,,,,,,,,,,,,,,,,,,,,,,,,,,
ACSSF,2012m1,co,000,0050,0000090,,,,,,,,,,,,,,,,,,,,,,,,,,,,,,,,,,,,,,,,,,,,,,,,,,,,,,,,,,,,,,,,,,,,,,,,,,,,,,,,,,,,,,,,,,,,,,,,,,,,,,,,,,,,,,,,,,,,,,,,,,,,,,,,,,,,,,,,,,,,,,,,,,,
ACSSF,2012m1,co,000,0050,0000091,,,,,,,,,,,,,,,,,,,,,,,,,,,,,,,,,,,,,,,,,,,,,,,,,,,,,,,,,,,,,,,,,,,,,,,,,,,,,,,,,,,,,,,,,,,,,,,,,,,,,,,,,,,,,,,,,,,,,,,,,,,,,,,,,,,,,,,,,,,,,,,,,,,
ACSSF,2012m1,co,000,0050,0000092,,,,,,,,,,,,,,,,,,,,,,,,,,,,,,,,,,,,,,,,,,,,,,,,,,,,,,,,,,,,,,,,,,,,,,,,,,,,,,,,,,,,,,,,,,,,,,,,,,,,,,,,,,,,,,,,,,,,,,,,,,,,,,,,,,,,,,,,,,,,,,,,,,,
ACSSF,2012m1,co,000,0050,0000093,,,,,,,,,,,,,,,,,,,,,,,,,,,,,,,,,,,,,,,,,,,,,,,,,,,,,,,,,,,,,,,,,,,,,,,,,,,,,,,,,,,,,,,,,,,,,,,,,,,,,,,,,,,,,,,,,,,,,,,,,,,,,,,,,,,,,,,,,,,,,,,,,,,
ACSSF,2012m1,co,000,0050,0000094,,,,,,,,,,,,,,,,,,,,,,,,,,,,,,,,,,,,,,,,,,,,,,,,,,,,,,,,,,,,,,,,,,,,,,,,,,,,,,,,,,,,,,,,,,,,,,,,,,,,,,,,,,,,,,,,,,,,,,,,,,,,,,,,,,,,,,,,,,,,,,,,,,,
ACSSF,2012m1,co,000,0050,0000095,,,,,,,,,,,,,,,,,,,,,,,,,,,,,,,,,,,,,,,,,,,,,,,,,,,,,,,,,,,,,,,,,,,,,,,,,,,,,,,,,,,,,,,,,,,,,,,,,,,,,,,,,,,,,,,,,,,,,,,,,,,,,,,,,,,,,,,,,,,,,,,,,,,
ACSSF,2012m1,co,000,0050,0000096,,,,,,,,,,,,,,,,,,,,,,,,,,,,,,,,,,,,,,,,,,,,,,,,,,,,,,,,,,,,,,,,,,,,,,,,,,,,,,,,,,,,,,,,,,,,,,,,,,,,,,,,,,,,,,,,,,,,,,,,,,,,,,,,,,,,,,,,,,,,,,,,,,,
ACSSF,2012m1,co,000,0050,0000097,,,,,,,,,,,,,,,,,,,,,,,,,,,,,,,,,,,,,,,,,,,,,,,,,,,,,,,,,,,,,,,,,,,,,,,,,,,,,,,,,,,,,,,,,,,,,,,,,,,,,,,,,,,,,,,,,,,,,,,,,,,,,,,,,,,,,,,,,,,,,,,,,,,
ACSSF,2012m1,co,000,0050,0000098,,,,,,,,,,,,,,,,,,,,,,,,,,,,,,,,,,,,,,,,,,,,,,,,,,,,,,,,,,,,,,,,,,,,,,,,,,,,,,,,,,,,,,,,,,,,,,,,,,,,,,,,,,,,,,,,,,,,,,,,,,,,,,,,,,,,,,,,,,,,,,,,,,,
ACSSF,2012m1,co,000,0050,0000099,,,,,,,,,,,,,,,,,,,,,,,,,,,,,,,,,,,,,,,,,,,,,,,,,,,,,,,,,,,,,,,,,,,,,,,,,,,,,,,,,,,,,,,,,,,,,,,,,,,,,,,,,,,,,,,,,,,,,,,,,,,,,,,,,,,,,,,,,,,,,,,,,,,
ACSSF,2012m1,co,000,0050,0000100,,,,,,,,,,,,,,,,,,,,,,,,,,,,,,,,,,,,,,,,,,,,,,,,,,,,,,,,,,,,,,,,,,,,,,,,,,,,,,,,,,,,,,,,,,,,,,,,,,,,,,,,,,,,,,,,,,,,,,,,,,,,,,,,,,,,,,,,,,,,,,,,,,,
ACSSF,2012m1,co,000,0050,0000101,,,,,,,,,,,,,,,,,,,,,,,,,,,,,,,,,,,,,,,,,,,,,,,,,,,,,,,,,,,,,,,,,,,,,,,,,,,,,,,,,,,,,,,,,,,,,,,,,,,,,,,,,,,,,,,,,,,,,,,,,,,,,,,,,,,,,,,,,,,,,,,,,,,
ACSSF,2012m1,co,000,0050,0000102,,,,,,,,,,,,,,,,,,,,,,,,,,,,,,,,,,,,,,,,,,,,,,,,,,,,,,,,,,,,,,,,,,,,,,,,,,,,,,,,,,,,,,,,,,,,,,,,,,,,,,,,,,,,,,,,,,,,,,,,,,,,,,,,,,,,,,,,,,,,,,,,,,,
ACSSF,2012m1,co,000,0050,0000103,,,,,,,,,,,,,,,,,,,,,,,,,,,,,,,,,,,,,,,,,,,,,,,,,,,,,,,,,,,,,,,,,,,,,,,,,,,,,,,,,,,,,,,,,,,,,,,,,,,,,,,,,,,,,,,,,,,,,,,,,,,,,,,,,,,,,,,,,,,,,,,,,,,
ACSSF,2012m1,co,000,0050,0000104,,,,,,,,,,,,,,,,,,,,,,,,,,,,,,,,,,,,,,,,,,,,,,,,,,,,,,,,,,,,,,,,,,,,,,,,,,,,,,,,,,,,,,,,,,,,,,,,,,,,,,,,,,,,,,,,,,,,,,,,,,,,,,,,,,,,,,,,,,,,,,,,,,,
ACSSF,2012m1,co,000,0050,0000105,,,,,,,,,,,,,,,,,,,,,,,,,,,,,,,,,,,,,,,,,,,,,,,,,,,,,,,,,,,,,,,,,,,,,,,,,,,,,,,,,,,,,,,,,,,,,,,,,,,,,,,,,,,,,,,,,,,,,,,,,,,,,,,,,,,,,,,,,,,,,,,,,,,
ACSSF,2012m1,co,000,0050,0000106,,,,,,,,,,,,,,,,,,,,,,,,,,,,,,,,,,,,,,,,,,,,,,,,,,,,,,,,,,,,,,,,,,,,,,,,,,,,,,,,,,,,,,,,,,,,,,,,,,,,,,,,,,,,,,,,,,,,,,,,,,,,,,,,,,,,,,,,,,,,,,,,,,,
ACSSF,2012m1,co,000,0050,0000107,,,,,,,,,,,,,,,,,,,,,,,,,,,,,,,,,,,,,,,,,,,,,,,,,,,,,,,,,,,,,,,,,,,,,,,,,,,,,,,,,,,,,,,,,,,,,,,,,,,,,,,,,,,,,,,,,,,,,,,,,,,,,,,,,,,,,,,,,,,,,,,,,,,
ACSSF,2012m1,co,000,0050,0000108,,,,,,,,,,,,,,,,,,,,,,,,,,,,,,,,,,,,,,,,,,,,,,,,,,,,,,,,,,,,,,,,,,,,,,,,,,,,,,,,,,,,,,,,,,,,,,,,,,,,,,,,,,,,,,,,,,,,,,,,,,,,,,,,,,,,,,,,,,,,,,,,,,,
ACSSF,2012m1,co,000,0050,0000109,,,,,,,,,,,,,,,,,,,,,,,,,,,,,,,,,,,,,,,,,,,,,,,,,,,,,,,,,,,,,,,,,,,,,,,,,,,,,,,,,,,,,,,,,,,,,,,,,,,,,,,,,,,,,,,,,,,,,,,,,,,,,,,,,,,,,,,,,,,,,,,,,,,
ACSSF,2012m1,co,000,0050,0000110,,,,,,,,,,,,,,,,,,,,,,,,,,,,,,,,,,,,,,,,,,,,,,,,,,,,,,,,,,,,,,,,,,,,,,,,,,,,,,,,,,,,,,,,,,,,,,,,,,,,,,,,,,,,,,,,,,,,,,,,,,,,,,,,,,,,,,,,,,,,,,,,,,,
ACSSF,2012m1,co,000,0050,0000111,,,,,,,,,,,,,,,,,,,,,,,,,,,,,,,,,,,,,,,,,,,,,,,,,,,,,,,,,,,,,,,,,,,,,,,,,,,,,,,,,,,,,,,,,,,,,,,,,,,,,,,,,,,,,,,,,,,,,,,,,,,,,,,,,,,,,,,,,,,,,,,,,,,
ACSSF,2012m1,co,000,0050,0000112,,,,,,,,,,,,,,,,,,,,,,,,,,,,,,,,,,,,,,,,,,,,,,,,,,,,,,,,,,,,,,,,,,,,,,,,,,,,,,,,,,,,,,,,,,,,,,,,,,,,,,,,,,,,,,,,,,,,,,,,,,,,,,,,,,,,,,,,,,,,,,,,,,,
ACSSF,2012m1,co,000,0050,0000113,,,,,,,,,,,,,,,,,,,,,,,,,,,,,,,,,,,,,,,,,,,,,,,,,,,,,,,,,,,,,,,,,,,,,,,,,,,,,,,,,,,,,,,,,,,,,,,,,,,,,,,,,,,,,,,,,,,,,,,,,,,,,,,,,,,,,,,,,,,,,,,,,,,
ACSSF,2012m1,co,000,0050,0000114,,,,,,,,,,,,,,,,,,,,,,,,,,,,,,,,,,,,,,,,,,,,,,,,,,,,,,,,,,,,,,,,,,,,,,,,,,,,,,,,,,,,,,,,,,,,,,,,,,,,,,,,,,,,,,,,,,,,,,,,,,,,,,,,,,,,,,,,,,,,,,,,,,,
ACSSF,2012m1,co,000,0050,0000115,,,,,,,,,,,,,,,,,,,,,,,,,,,,,,,,,,,,,,,,,,,,,,,,,,,,,,,,,,,,,,,,,,,,,,,,,,,,,,,,,,,,,,,,,,,,,,,,,,,,,,,,,,,,,,,,,,,,,,,,,,,,,,,,,,,,,,,,,,,,,,,,,,,
