ACSSF,2012m1,co,000,0016,0000001,,,,,,,,,,,,,,,,,,,,,,,,,,,,,,,,,,,,,,,,,,,,,,,13180,5316,973,141,945,2471,1614,2198,2648,2217,1093,3108,2827,1268,4435,2936,303,2956,3865,1481,3607,2854,2588,1232,2313,2287,1173,9680,1848,452,189,452,1291,1085,515,509,275,444,948,918,440,9546,9473,2020,363,1929,6954,2030,6460,6188,2178,5944,3892,2466,3045,2570,334,189,334,1444,525,1350,1786,903,1352,1278,1075,625,2867,1091,26,1089,1529,722,1312,1597,966,1194,1162,1040,641,5110,2276,173,2315,3333,2078,2380,2354,1559,1423,1859,1395,997,13180,5316,2222,2172,1435,1482,223,714,2470,811,2153,1031,1541,817,168,1132,3782,1073,2660,2569,68,4435,3455,3106,2372,2154,1097,1855,539,3399,2666,1090,2830,3805,1566,2475,3171,1810,584,338,1625,189,4537,3611,1955,2327,1329,855,1372,1061,797,10011,9680,1848,798,1104,1228,9546,9473,1846,1998,2867,1092,1109,2283,2260,2263,52
ACSSF,2012m1,co,000,0016,0000002,,,,,,,,,,,,,,,,,,,,,,,,,,,,,,,,,,,,,,,,,,,,,,,12745,4892,946,141,920,2241,1508,1960,2635,2220,1053,2996,2667,1164,4464,2946,245,2946,3809,1381,3607,2861,2596,1236,2338,2324,1177,9600,1680,273,189,273,1211,1063,473,509,275,444,943,916,375,9369,9308,2008,258,1936,7195,2023,6440,6034,2125,5837,3882,2341,3055,2437,303,189,303,1448,510,1342,1604,902,1082,1219,1042,632,2842,1103,26,1101,1522,667,1307,1581,965,1182,1155,1036,641,4722,2225,138,2258,3273,2098,2340,2194,1507,1309,1693,1300,1013,12745,4892,1945,1897,1301,1218,223,647,2557,808,2119,984,1153,779,162,734,3827,1077,2643,2550,68,4464,3360,3007,2280,2147,1130,1796,539,3401,2640,1140,2811,3833,1552,2462,3169,1815,580,338,1632,189,4491,3540,1930,2326,1318,861,1145,864,631,9693,9600,1680,779,1023,1203,9369,9308,1774,1859,2842,1088,1108,2245,2006,2010,52
ACSSF,2012m1,co,000,0016,0000003,,,,,,,,,,,,,,,,,,,,,,,,,,,,,,,,,,,,,,,,,,,,,,,,,,,,,,,,,,,,,,,,,,,,,,,,,,,,,,,,,,,,,,,,,,,,,,,,,,,,,,,,,,,,,,,,,,,,,,,,,,,,,,,,,,,,,,,,,,,,,,,,,,,,,,,,,,,,,,,,,,,,,,,,,,,,,,,,,,,,,,,,,,,,,,,,,,,,,,,,,,,,,,,,
ACSSF,2012m1,co,000,0016,0000004,,,,,,,,,,,,,,,,,,,,,,,,,,,,,,,,,,,,,,,,,,,,,,,12934,5274,983,141,957,2419,1484,2258,2614,2204,1088,3040,2749,1210,4473,2935,303,2955,3844,1465,3585,2875,2604,1219,2356,2351,1177,9362,1831,452,189,452,1291,1085,515,509,275,444,942,918,375,9215,9267,1984,258,1914,6867,2017,6225,5664,2085,5574,3700,2495,2956,2525,334,189,334,1444,525,1345,1737,903,1256,1283,1076,625,2827,911,26,908,1538,721,1317,1582,943,1195,1160,1033,639,5033,2270,173,2309,3320,2105,2388,2282,1560,1361,1862,1371,1016,12934,5274,2139,2106,1420,1462,223,632,2414,828,2135,940,1504,769,162,1134,3654,1081,2534,2566,68,4473,3433,3082,2356,2157,1088,1826,539,3409,2663,1085,2816,3806,1627,2476,3186,1807,583,338,1625,189,4526,3581,1955,2312,1349,855,1254,929,749,9690,9362,1831,802,1104,1228,9215,9267,1850,1930,2827,1043,975,2267,2223,2227,52
ACSSF,2012m1,co,000,0016,0000005,,,,,,,,,,,,,,,,,,,,,,,,,,,,,,,,,,,,,,,,,,,,,,,12683,5189,983,141,957,2305,1464,2055,2539,2099,1067,2987,2723,1173,4319,2921,303,2941,3672,1453,3407,2872,2610,1219,2319,2331,1140,8999,1828,452,189,452,1291,1085,515,509,275,444,934,917,375,8762,8832,1884,258,1802,6704,2009,6170,5421,1944,5301,3319,2420,2537,2385,291,189,291,1418,522,1340,1617,863,1157,1255,1051,625,2732,817,26,815,1499,591,1288,1412,772,1179,1160,1033,639,4833,2130,173,2169,3242,2034,2326,2210,1507,1325,1830,1345,1019,12683,5189,2049,1980,1332,1376,176,604,2459,828,2161,880,1439,684,162,1134,3609,1081,2531,2505,68,4319,3435,3083,2340,2157,1088,1818,539,3405,2663,1085,2812,3829,1660,2460,3182,1710,583,338,1519,189,4376,3385,1955,2305,1349,783,1127,894,589,9320,8999,1828,802,1104,1232,8762,8832,1789,1774,2732,1043,975,2195,2110,2112,52
ACSSF,2012m1,co,000,0016,0000006,,,,,,,,,,,,,,,,,,,,,,,,,,,,,,,,,,,,,,,,,,,,,,,8397,2750,634,141,617,1568,1009,1599,1659,1342,768,1856,1739,716,3597,2421,142,2408,2735,1022,2732,1846,1661,850,1809,1572,709,7011,1534,273,189,273,1171,1072,349,448,198,417,576,525,241,6947,7058,1339,183,1302,4676,1437,4625,4435,1427,4290,2508,1999,2287,1895,260,189,260,984,310,886,1190,841,626,1055,836,589,2001,557,189,557,1284,496,1081,794,519,553,808,745,351,3675,1755,124,1772,2767,1675,2219,1366,866,951,1217,805,634,8397,2750,1146,1142,1046,580,40,318,1981,622,1778,553,622,469,89,379,2194,627,808,1983,189,3597,1948,1397,1375,593,760,1759,346,2740,1693,1100,2651,3142,1015,1483,2584,1292,361,253,1146,189,3520,2878,964,1757,1150,769,969,751,590,7191,7011,1534,635,987,1003,6947,7058,1421,1283,2001,804,726,1544,1235,1235,189
ACSSF,2012m1,co,000,0016,0000007,,,,,,,,,,,,,,,,,,,,,,,,,,,,,,,,,,,,,,,,,,,,,,,9531,4228,819,189,819,2071,1072,1792,1904,1409,842,2472,2327,950,3647,1906,289,1908,2946,1252,2498,2230,2036,871,1779,1908,844,6183,974,318,189,318,505,264,305,230,180,155,781,731,286,6320,6004,1380,183,1358,4563,1492,4083,3900,1131,3763,2365,1876,1638,1643,137,189,137,977,411,966,994,290,852,796,700,280,1823,646,26,643,780,398,610,1164,602,995,761,684,549,3376,1203,116,1207,1830,1216,1031,1739,1291,808,1350,1049,788,9531,4228,1650,1591,835,1253,171,562,1712,451,1384,657,1257,415,138,1070,2897,874,2461,1466,68,3647,3081,2666,2122,2025,729,1190,430,1928,1788,364,1002,2626,1298,1995,1841,1103,489,224,991,189,2674,1530,1589,1458,506,167,654,650,59,6579,6183,974,397,473,798,6320,6004,1024,1335,1823,625,709,1615,1719,1720,52
ACSSF,2012m1,co,000,0016,0000008,,,,,,,,,,,,,,,,,,,,,,,,,,,,,,,,,,,,,,,,,,,,,,,,,,,,,,,,,,,,,,,,,,,,,,,,,,,,,,,,,,,,,,,,,,,,,,,,,,,,,,,,,,,,,,,,,,,,,,,,,,,,,,,,,,,,,,,,,,,,,,,,,,,,,,,,,,,,,,,,,,,,,,,,,,,,,,,,,,,,,,,,,,,,,,,,,,,,,,,,,,,,,,,,
ACSSF,2012m1,co,000,0016,0000009,,,,,,,,,,,,,,,,,,,,,,,,,,,,,,,,,,,,,,,,,,,,,,,,,,,,,,,,,,,,,,,,,,,,,,,,,,,,,,,,,,,,,,,,,,,,,,,,,,,,,,,,,,,,,,,,,,,,,,,,,,,,,,,,,,,,,,,,,,,,,,,,,,,,,,,,,,,,,,,,,,,,,,,,,,,,,,,,,,,,,,,,,,,,,,,,,,,,,,,,,,,,,,,,
ACSSF,2012m1,co,000,0016,0000010,,,,,,,,,,,,,,,,,,,,,,,,,,,,,,,,,,,,,,,,,,,,,,,,,,,,,,,,,,,,,,,,,,,,,,,,,,,,,,,,,,,,,,,,,,,,,,,,,,,,,,,,,,,,,,,,,,,,,,,,,,,,,,,,,,,,,,,,,,,,,,,,,,,,,,,,,,,,,,,,,,,,,,,,,,,,,,,,,,,,,,,,,,,,,,,,,,,,,,,,,,,,,,,,
ACSSF,2012m1,co,000,0016,0000011,,,,,,,,,,,,,,,,,,,,,,,,,,,,,,,,,,,,,,,,,,,,,,,,,,,,,,,,,,,,,,,,,,,,,,,,,,,,,,,,,,,,,,,,,,,,,,,,,,,,,,,,,,,,,,,,,,,,,,,,,,,,,,,,,,,,,,,,,,,,,,,,,,,,,,,,,,,,,,,,,,,,,,,,,,,,,,,,,,,,,,,,,,,,,,,,,,,,,,,,,,,,,,,,
ACSSF,2012m1,co,000,0016,0000012,,,,,,,,,,,,,,,,,,,,,,,,,,,,,,,,,,,,,,,,,,,,,,,3796,1658,226,189,226,975,770,499,738,593,338,789,634,541,857,72,189,72,714,204,636,193,150,99,420,394,180,2895,231,189,189,189,189,189,189,189,189,189,231,153,182,2679,2437,694,266,614,2050,441,2051,1713,712,1688,1508,944,1278,792,149,189,149,471,34,473,492,246,379,119,119,189,1065,738,189,738,465,431,174,672,657,125,75,57,56,1178,366,189,366,608,314,561,568,366,488,399,355,217,,,,,,,,,,,,,,,,,,,,,,,,,,,,,,,,,,,,,,,,,,,,,,,,,,,,,,,,,,,,,,,,,,,,
ACSSF,2012m1,co,000,0016,0000013,,,,,,,,,,,,,,,,,,,,,,,,,,,,,,,,,,,,,,,,,,,,,,,5094,1358,424,189,424,889,639,387,608,304,466,521,425,272,1031,744,189,744,1190,527,921,942,795,307,775,804,332,4058,249,189,189,189,189,189,189,180,180,189,170,170,189,4110,4031,1189,183,1162,3378,1083,3299,2784,911,2824,1625,1093,1222,875,189,189,189,545,189,545,674,260,439,254,97,262,556,189,189,189,86,86,189,160,189,160,511,60,506,1621,823,189,823,1032,384,780,496,485,111,671,577,310,,,,,,,,,,,,,,,,,,,,,,,,,,,,,,,,,,,,,,,,,,,,,,,,,,,,,,,,,,,,,,,,,,,,
ACSSF,2012m1,co,000,0016,0000014,,,,,,,,,,,,,,,,,,,,,,,,,,,,,,,,,,,,,,,,,,,,,,,5224,2260,610,141,583,419,356,269,2095,1653,734,772,660,385,2020,1437,189,1437,1343,643,1264,1749,1667,753,1257,1203,361,3086,682,236,189,236,532,224,364,82,38,72,289,270,97,2774,2947,959,120,953,2462,555,2479,1837,804,1514,1221,1016,965,1359,173,189,173,464,239,384,962,518,728,658,578,303,1434,174,189,174,575,322,478,1005,233,976,497,410,380,2921,1484,63,1486,2035,1726,877,1562,1182,624,1091,622,649,5224,2260,732,616,552,250,189,262,600,227,477,372,330,196,60,244,2119,294,1709,1343,189,2020,1484,1045,962,389,460,1033,430,2162,1548,266,1303,2027,896,1471,1476,814,221,124,766,189,3027,2511,1479,1913,620,237,503,479,201,3187,3086,682,496,458,281,2774,2947,1154,616,1434,502,337,1184,781,781,189
ACSSF,2012m1,co,000,0016,0000015,,,,,,,,,,,,,,,,,,,,,,,,,,,,,,,,,,,,,,,,,,,,,,,,,,,,,,,,,,,,,,,,,,,,,,,,,,,,,,,,,,,,,,,,,,,,,,,,,,,,,,,,,,,,,,,,,,,,,,,,,,,,,,,,,,,,,,,,,,,,,2885,1278,1013,946,439,753,49,307,781,159,687,389,222,64,38,213,735,222,274,617,189,1508,1804,1838,723,1887,366,373,189,1123,914,312,662,1089,525,298,1044,500,384,189,259,189,547,161,200,570,77,189,177,177,189,2120,2218,182,55,131,98,2240,2328,190,392,425,94,180,340,517,520,52
ACSSF,2012m1,co,000,0016,0000016,,,,,,,,,,,,,,,,,,,,,,,,,,,,,,,,,,,,,,,,,,,,,,,6899,1632,146,189,146,801,247,748,756,634,376,1244,1183,391,2299,1661,69,1686,2470,704,2495,993,964,485,929,918,378,5637,1318,134,189,134,948,943,97,415,47,417,492,451,203,5163,5186,751,75,719,4241,1321,4148,2989,1057,2902,2225,1337,1767,705,200,189,200,259,174,195,393,175,355,552,462,240,1184,334,189,334,892,102,887,400,313,251,480,480,189,2365,877,106,871,1920,977,1642,626,492,536,563,427,338,6899,1632,635,617,488,383,189,157,807,505,384,352,525,461,189,328,1212,324,706,878,189,2299,1136,977,955,188,403,617,346,2411,1054,1042,2355,1820,516,769,1839,496,142,70,475,189,2097,1971,374,768,324,707,792,747,258,5701,5637,1318,373,938,629,5163,5186,417,542,1184,746,507,753,760,760,189
ACSSF,2012m1,co,000,0016,0000017,,,,,,,,,,,,,,,,,,,,,,,,,,,,,,,,,,,,,,,,,,,,,,,,,,,,,,,,,,,,,,,,,,,,,,,,,,,,,,,,,,,,,,,,,,,,,,,,,,,,,,,,,,,,,,,,,,,,,,,,,,,,,,,,,,,,,,,,,,,,,,,,,,,,,,,,,,,,,,,,,,,,,,,,,,,,,,,,,,,,,,,,,,,,,,,,,,,,,,,,,,,,,,,,
ACSSF,2012m1,co,000,0016,0000018,,,,,,,,,,,,,,,,,,,,,,,,,,,,,,,,,,,,,,,,,,,,,,,4504,2810,346,189,346,1335,975,1138,619,297,441,2168,2053,711,1373,1079,241,1041,760,587,520,811,763,350,802,731,541,3363,912,318,189,318,692,542,248,133,133,189,630,630,189,3359,3239,554,189,554,2291,249,2279,1736,490,1701,1093,758,805,1000,137,189,137,711,107,663,232,143,125,511,357,341,758,70,26,66,423,163,395,487,302,290,411,411,189,1402,622,189,622,603,346,393,681,228,635,625,544,373,4504,2810,817,802,700,415,189,112,1874,392,1805,286,198,101,81,139,1911,509,1540,1165,189,1373,1266,554,552,93,411,1177,189,809,780,81,59,1011,871,590,298,764,284,205,802,189,1057,194,361,431,895,189,559,361,411,3575,3363,912,142,284,884,3359,3239,404,855,758,319,360,577,745,745,189
ACSSF,2012m1,co,000,0016,0000019,,,,,,,,,,,,,,,,,,,,,,,,,,,,,,,,,,,,,,,,,,,,,,,3053,1230,258,189,258,656,408,551,627,607,202,1061,997,276,1382,499,109,491,1228,417,1159,576,471,263,868,853,626,2281,203,189,189,189,129,189,129,136,189,136,122,122,189,2002,1950,546,67,550,1255,338,1277,1433,400,1359,852,526,590,660,189,189,189,387,270,292,197,189,197,515,450,203,857,381,189,381,345,55,340,340,115,310,405,360,192,1037,738,64,736,482,5,482,421,114,379,409,392,137,3053,1230,601,475,312,406,144,200,778,262,667,150,384,223,189,313,1010,380,378,824,68,1382,1296,1210,1183,316,511,447,189,523,415,59,308,1008,442,683,973,199,88,189,180,189,409,313,267,61,5,189,205,205,189,2312,2281,203,185,189,129,2002,1950,364,658,857,642,374,470,888,888,189
ACSSF,2012m1,co,000,0016,0000020,,,,,,,,,,,,,,,,,,,,,,,,,,,,,,,,,,,,,,,,,,,,,,,,,,,,,,,,,,,,,,,,,,,,,,,,,,,,,,,,,,,,,,,,,,,,,,,,,,,,,,,,,,,,,,,,,,,,,,,,,,,,,,,,,,,,,,,,,,,,,,,,,,,,,,,,,,,,,,,,,,,,,,,,,,,,,,,,,,,,,,,,,,,,,,,,,,,,,,,,,,,,,,,,
ACSSF,2012m1,co,000,0016,0000021,,,,,,,,,,,,,,,,,,,,,,,,,,,,,,,,,,,,,,,,,,,,,,,,,,,,,,,,,,,,,,,,,,,,,,,,,,,,,,,,,,,,,,,,,,,,,,,,,,,,,,,,,,,,,,,,,,,,,,,,,,,,,,,,,,,,,,,,,,,,,,,,,,,,,,,,,,,,,,,,,,,,,,,,,,,,,,,,,,,,,,,,,,,,,,,,,,,,,,,,,,,,,,,,
ACSSF,2012m1,co,000,0016,0000022,,,,,,,,,,,,,,,,,,,,,,,,,,,,,,,,,,,,,,,,,,,,,,,,,,,,,,,,,,,,,,,,,,,,,,,,,,,,,,,,,,,,,,,,,,,,,,,,,,,,,,,,,,,,,,,,,,,,,,,,,,,,,,,,,,,,,,,,,,,,,,,,,,,,,,,,,,,,,,,,,,,,,,,,,,,,,,,,,,,,,,,,,,,,,,,,,,,,,,,,,,,,,,,,
ACSSF,2012m1,co,000,0016,0000023,,,,,,,,,,,,,,,,,,,,,,,,,,,,,,,,,,,,,,,,,,,,,,,,,,,,,,,,,,,,,,,,,,,,,,,,,,,,,,,,,,,,,,,,,,,,,,,,,,,,,,,,,,,,,,,,,,,,,,,,,,,,,,,,,,,,,,,,,,,,,,,,,,,,,,,,,,,,,,,,,,,,,,,,,,,,,,,,,,,,,,,,,,,,,,,,,,,,,,,,,,,,,,,,
ACSSF,2012m1,co,000,0016,0000024,,,,,,,,,,,,,,,,,,,,,,,,,,,,,,,,,,,,,,,,,,,,,,,,,,,,,,,,,,,,,,,,,,,,,,,,,,,,,,,,,,,,,,,,,,,,,,,,,,,,,,,,,,,,,,,,,,,,,,,,,,,,,,,,,,,,,,,,,,,,,,,,,,,,,,,,,,,,,,,,,,,,,,,,,,,,,,,,,,,,,,,,,,,,,,,,,,,,,,,,,,,,,,,,
ACSSF,2012m1,co,000,0016,0000025,,,,,,,,,,,,,,,,,,,,,,,,,,,,,,,,,,,,,,,,,,,,,,,4771,1618,366,141,331,526,509,114,1286,1132,467,501,480,226,2243,1048,189,1048,1016,467,835,1320,1190,569,1304,1225,316,3262,509,236,189,236,287,189,287,38,38,189,150,150,189,3239,3291,981,137,974,2537,639,2443,2001,776,1836,1430,1057,1112,1402,173,189,173,687,228,641,790,531,480,611,509,374,989,174,189,174,420,276,314,506,196,457,377,144,351,2749,1517,63,1518,1917,1408,1125,752,639,255,967,537,482,4771,1618,542,495,428,224,189,242,431,90,384,135,93,189,189,93,1446,186,372,1361,189,2243,1119,855,796,337,366,722,189,1556,573,136,1382,1866,361,1012,1574,467,209,189,419,189,2753,2184,861,1425,635,237,201,96,188,3270,3262,509,471,135,185,3239,3291,1107,852,989,312,290,770,180,180,189
ACSSF,2012m1,co,000,0016,0000026,,,,,,,,,,,,,,,,,,,,,,,,,,,,,,,,,,,,,,,,,,,,,,,,,,,,,,,,,,,,,,,,,,,,,,,,,,,,,,,,,,,,,,,,,,,,,,,,,,,,,,,,,,,,,,,,,,,,,,,,,,,,,,,,,,,,,,,,,,,,,,,,,,,,,,,,,,,,,,,,,,,,,,,,,,,,,,,,,,,,,,,,,,,,,,,,,,,,,,,,,,,,,,,,
ACSSF,2012m1,co,000,0016,0000027,,,,,,,,,,,,,,,,,,,,,,,,,,,,,,,,,,,,,,,,,,,,,,,,,,,,,,,,,,,,,,,,,,,,,,,,,,,,,,,,,,,,,,,,,,,,,,,,,,,,,,,,,,,,,,,,,,,,,,,,,,,,,,,,,,,,,,,,,,,,,,,,,,,,,,,,,,,,,,,,,,,,,,,,,,,,,,,,,,,,,,,,,,,,,,,,,,,,,,,,,,,,,,,,
ACSSF,2012m1,co,000,0016,0000028,,,,,,,,,,,,,,,,,,,,,,,,,,,,,,,,,,,,,,,,,,,,,,,,,,,,,,,,,,,,,,,,,,,,,,,,,,,,,,,,,,,,,,,,,,,,,,,,,,,,,,,,,,,,,,,,,,,,,,,,,,,,,,,,,,,,,,,,,,,,,3834,1856,664,664,628,280,189,189,1684,345,1631,202,198,101,81,139,953,509,239,797,189,1508,1179,402,402,93,396,1281,189,809,780,81,59,960,787,590,251,816,189,149,808,189,1011,128,356,329,896,189,419,76,411,3539,3332,680,48,225,671,3221,3158,210,548,734,319,361,528,603,603,189
ACSSF,2012m1,co,000,0016,0000029,,,,,,,,,,,,,,,,,,,,,,,,,,,,,,,,,,,,,,,,,,,,,,,6899,1632,146,189,146,801,247,748,756,634,376,1244,1183,391,2299,1661,69,1686,2470,704,2495,993,964,485,929,918,378,5637,1318,134,189,134,948,943,97,415,47,417,492,451,203,5163,5186,751,75,719,4241,1321,4148,2989,1057,2902,2225,1337,1767,705,200,189,200,259,174,195,393,175,355,552,462,240,1184,334,189,334,892,102,887,400,313,251,480,480,189,2365,877,106,871,1920,977,1642,626,492,536,563,427,338,6899,1632,635,617,488,383,189,157,807,505,384,352,525,461,189,328,1212,324,706,878,189,2299,1136,977,955,188,403,617,346,2411,1054,1042,2355,1820,516,769,1839,496,142,70,475,189,2097,1971,374,768,324,707,792,747,258,5701,5637,1318,373,938,629,5163,5186,417,542,1184,746,507,753,760,760,189
ACSSF,2012m1,co,000,0016,0000030,,,,,,,,,,,,,,,,,,,,,,,,,,,,,,,,,,,,,,,,,,,,,,,,,,,,,,,,,,,,,,,,,,,,,,,,,,,,,,,,,,,,,,,,,,,,,,,,,,,,,,,,,,,,,,,,,,,,,,,,,,,,,,,,,,,,,,,,,,,,,,,,,,,,,,,,,,,,,,,,,,,,,,,,,,,,,,,,,,,,,,,,,,,,,,,,,,,,,,,,,,,,,,,,
ACSSF,2012m1,co,000,0016,0000031,,,,,,,,,,,,,,,,,,,,,,,,,,,,,,,,,,,,,,,,,,,,,,,,,,,,,,,,,,,,,,,,,,,,,,,,,,,,,,,,,,,,,,,,,,,,,,,,,,,,,,,,,,,,,,,,,,,,,,,,,,,,,,,,,,,,,,,,,,,,,,,,,,,,,,,,,,,,,,,,,,,,,,,,,,,,,,,,,,,,,,,,,,,,,,,,,,,,,,,,,,,,,,,,
ACSSF,2012m1,co,000,0016,0000032,,,,,,,,,,,,,,,,,,,,,,,,,,,,,,,,,,,,,,,,,,,,,,,,,,,,,,,,,,,,,,,,,,,,,,,,,,,,,,,,,,,,,,,,,,,,,,,,,,,,,,,,,,,,,,,,,,,,,,,,,,,,,,,,,,,,,,,,,,,,,,,,,,,,,,,,,,,,,,,,,,,,,,,,,,,,,,,,,,,,,,,,,,,,,,,,,,,,,,,,,,,,,,,,
ACSSF,2012m1,co,000,0016,0000033,,,,,,,,,,,,,,,,,,,,,,,,,,,,,,,,,,,,,,,,,,,,,,,,,,,,,,,,,,,,,,,,,,,,,,,,,,,,,,,,,,,,,,,,,,,,,,,,,,,,,,,,,,,,,,,,,,,,,,,,,,,,,,,,,,,,,,,,,,,,,,,,,,,,,,,,,,,,,,,,,,,,,,,,,,,,,,,,,,,,,,,,,,,,,,,,,,,,,,,,,,,,,,,,
ACSSF,2012m1,co,000,0016,0000034,,,,,,,,,,,,,,,,,,,,,,,,,,,,,,,,,,,,,,,,,,,,,,,,,,,,,,,,,,,,,,,,,,,,,,,,,,,,,,,,,,,,,,,,,,,,,,,,,,,,,,,,,,,,,,,,,,,,,,,,,,,,,,,,,,,,,,,,,,,,,,,,,,,,,,,,,,,,,,,,,,,,,,,,,,,,,,,,,,,,,,,,,,,,,,,,,,,,,,,,,,,,,,,,
ACSSF,2012m1,co,000,0016,0000035,,,,,,,,,,,,,,,,,,,,,,,,,,,,,,,,,,,,,,,,,,,,,,,,,,,,,,,,,,,,,,,,,,,,,,,,,,,,,,,,,,,,,,,,,,,,,,,,,,,,,,,,,,,,,,,,,,,,,,,,,,,,,,,,,,,,,,,,,,,,,,,,,,,,,,,,,,,,,,,,,,,,,,,,,,,,,,,,,,,,,,,,,,,,,,,,,,,,,,,,,,,,,,,,
ACSSF,2012m1,co,000,0016,0000036,,,,,,,,,,,,,,,,,,,,,,,,,,,,,,,,,,,,,,,,,,,,,,,,,,,,,,,,,,,,,,,,,,,,,,,,,,,,,,,,,,,,,,,,,,,,,,,,,,,,,,,,,,,,,,,,,,,,,,,,,,,,,,,,,,,,,,,,,,,,,,,,,,,,,,,,,,,,,,,,,,,,,,,,,,,,,,,,,,,,,,,,,,,,,,,,,,,,,,,,,,,,,,,,
ACSSF,2012m1,co,000,0016,0000037,,,,,,,,,,,,,,,,,,,,,,,,,,,,,,,,,,,,,,,,,,,,,,,,,,,,,,,,,,,,,,,,,,,,,,,,,,,,,,,,,,,,,,,,,,,,,,,,,,,,,,,,,,,,,,,,,,,,,,,,,,,,,,,,,,,,,,,,,,,,,,,,,,,,,,,,,,,,,,,,,,,,,,,,,,,,,,,,,,,,,,,,,,,,,,,,,,,,,,,,,,,,,,,,
ACSSF,2012m1,co,000,0016,0000038,,,,,,,,,,,,,,,,,,,,,,,,,,,,,,,,,,,,,,,,,,,,,,,,,,,,,,,,,,,,,,,,,,,,,,,,,,,,,,,,,,,,,,,,,,,,,,,,,,,,,,,,,,,,,,,,,,,,,,,,,,,,,,,,,,,,,,,,,,,,,,,,,,,,,,,,,,,,,,,,,,,,,,,,,,,,,,,,,,,,,,,,,,,,,,,,,,,,,,,,,,,,,,,,
ACSSF,2012m1,co,000,0016,0000039,,,,,,,,,,,,,,,,,,,,,,,,,,,,,,,,,,,,,,,,,,,,,,,,,,,,,,,,,,,,,,,,,,,,,,,,,,,,,,,,,,,,,,,,,,,,,,,,,,,,,,,,,,,,,,,,,,,,,,,,,,,,,,,,,,,,,,,,,,,,,,,,,,,,,,,,,,,,,,,,,,,,,,,,,,,,,,,,,,,,,,,,,,,,,,,,,,,,,,,,,,,,,,,,
ACSSF,2012m1,co,000,0016,0000040,,,,,,,,,,,,,,,,,,,,,,,,,,,,,,,,,,,,,,,,,,,,,,,,,,,,,,,,,,,,,,,,,,,,,,,,,,,,,,,,,,,,,,,,,,,,,,,,,,,,,,,,,,,,,,,,,,,,,,,,,,,,,,,,,,,,,,,,,,,,,3834,1856,664,664,628,280,189,189,1684,345,1631,202,198,101,81,139,953,509,239,797,189,1508,1179,402,402,93,396,1281,189,809,780,81,59,960,787,590,251,816,189,149,808,189,1011,128,356,329,896,189,419,76,411,3539,3332,680,48,225,671,3221,3158,210,548,734,319,361,528,603,603,189
ACSSF,2012m1,co,000,0016,0000041,,,,,,,,,,,,,,,,,,,,,,,,,,,,,,,,,,,,,,,,,,,,,,,4771,1618,366,141,331,526,509,114,1286,1132,467,501,480,226,2243,1048,189,1048,1016,467,835,1320,1190,569,1304,1225,316,3262,509,236,189,236,287,189,287,38,38,189,150,150,189,3239,3291,981,137,974,2537,639,2443,2001,776,1836,1430,1057,1112,1402,173,189,173,687,228,641,790,531,480,611,509,374,989,174,189,174,420,276,314,506,196,457,377,144,351,2749,1517,63,1518,1917,1408,1125,752,639,255,967,537,482,4771,1618,542,495,428,224,189,242,431,90,384,135,93,189,189,93,1446,186,372,1361,189,2243,1119,855,796,337,366,722,189,1556,573,136,1382,1866,361,1012,1574,467,209,189,419,189,2753,2184,861,1425,635,237,201,96,188,3270,3262,509,471,135,185,3239,3291,1107,852,989,312,290,770,180,180,189
ACSSF,2012m1,co,000,0016,0000042,,,,,,,,,,,,,,,,,,,,,,,,,,,,,,,,,,,,,,,,,,,,,,,6899,1632,146,189,146,801,247,748,756,634,376,1244,1183,391,2299,1661,69,1686,2470,704,2495,993,964,485,929,918,378,5637,1318,134,189,134,948,943,97,415,47,417,492,451,203,5163,5186,751,75,719,4241,1321,4148,2989,1057,2902,2225,1337,1767,705,200,189,200,259,174,195,393,175,355,552,462,240,1184,334,189,334,892,102,887,400,313,251,480,480,189,2365,877,106,871,1920,977,1642,626,492,536,563,427,338,6899,1632,635,617,488,383,189,157,807,505,384,352,525,461,189,328,1212,324,706,878,189,2299,1136,977,955,188,403,617,346,2411,1054,1042,2355,1820,516,769,1839,496,142,70,475,189,2097,1971,374,768,324,707,792,747,258,5701,5637,1318,373,938,629,5163,5186,417,542,1184,746,507,753,760,760,189
ACSSF,2012m1,co,000,0016,0000043,,,,,,,,,,,,,,,,,,,,,,,,,,,,,,,,,,,,,,,,,,,,,,,,,,,,,,,,,,,,,,,,,,,,,,,,,,,,,,,,,,,,,,,,,,,,,,,,,,,,,,,,,,,,,,,,,,,,,,,,,,,,,,,,,,,,,,,,,,,,,,,,,,,,,,,,,,,,,,,,,,,,,,,,,,,,,,,,,,,,,,,,,,,,,,,,,,,,,,,,,,,,,,,,
ACSSF,2012m1,co,000,0016,0000044,,,,,,,,,,,,,,,,,,,,,,,,,,,,,,,,,,,,,,,,,,,,,,,,,,,,,,,,,,,,,,,,,,,,,,,,,,,,,,,,,,,,,,,,,,,,,,,,,,,,,,,,,,,,,,,,,,,,,,,,,,,,,,,,,,,,,,,,,,,,,,,,,,,,,,,,,,,,,,,,,,,,,,,,,,,,,,,,,,,,,,,,,,,,,,,,,,,,,,,,,,,,,,,,
ACSSF,2012m1,co,000,0016,0000045,,,,,,,,,,,,,,,,,,,,,,,,,,,,,,,,,,,,,,,,,,,,,,,,,,,,,,,,,,,,,,,,,,,,,,,,,,,,,,,,,,,,,,,,,,,,,,,,,,,,,,,,,,,,,,,,,,,,,,,,,,,,,,,,,,,,,,,,,,,,,,,,,,,,,,,,,,,,,,,,,,,,,,,,,,,,,,,,,,,,,,,,,,,,,,,,,,,,,,,,,,,,,,,,
ACSSF,2012m1,co,000,0016,0000046,,,,,,,,,,,,,,,,,,,,,,,,,,,,,,,,,,,,,,,,,,,,,,,,,,,,,,,,,,,,,,,,,,,,,,,,,,,,,,,,,,,,,,,,,,,,,,,,,,,,,,,,,,,,,,,,,,,,,,,,,,,,,,,,,,,,,,,,,,,,,,,,,,,,,,,,,,,,,,,,,,,,,,,,,,,,,,,,,,,,,,,,,,,,,,,,,,,,,,,,,,,,,,,,
ACSSF,2012m1,co,000,0016,0000047,,,,,,,,,,,,,,,,,,,,,,,,,,,,,,,,,,,,,,,,,,,,,,,7203,1832,194,189,194,787,254,741,770,634,409,1442,1362,411,2546,1686,69,1710,2482,727,2510,988,943,484,1173,1146,429,5839,1347,134,189,134,948,943,97,423,47,424,554,520,203,5361,5381,751,75,719,4442,1333,4244,3025,1094,2928,2171,1342,1709,708,200,189,200,259,174,195,393,175,355,556,462,247,1264,346,189,346,890,102,885,431,313,300,598,598,189,2410,881,108,871,1932,977,1656,691,492,624,632,432,367,7203,1832,707,683,513,452,189,157,935,538,591,401,558,466,189,362,1260,324,710,943,189,2546,1215,1017,991,195,421,758,346,2439,1054,1065,2376,1877,567,923,1849,575,142,70,557,189,2097,1971,374,767,324,707,792,747,258,6055,5839,1347,373,943,676,5361,5381,417,545,1264,746,552,833,897,897,189
ACSSF,2012m1,co,000,0016,0000048,,,,,,,,,,,,,,,,,,,,,,,,,,,,,,,,,,,,,,,,,,,,,,,3628,1726,280,189,280,1131,364,1048,843,690,349,1033,955,376,2225,1242,90,1239,1243,525,1083,975,795,416,1278,1299,258,2729,306,189,189,189,89,38,82,134,134,189,253,227,115,2558,2547,189,189,189,1362,33,1361,1522,462,1626,872,426,884,891,189,189,189,247,182,174,487,487,189,727,727,189,838,443,189,443,592,429,361,237,182,174,378,378,189,1057,304,189,304,620,436,393,512,426,237,562,532,125,3628,1726,1078,1062,530,839,143,278,981,171,816,502,415,360,38,254,841,336,297,755,189,2225,1343,1133,1052,396,542,694,189,1572,1368,315,784,1231,566,571,1113,665,396,177,499,189,461,162,363,158,86,189,282,282,189,2818,2729,306,103,173,255,2558,2547,728,380,838,135,429,655,855,856,52
ACSSF,2012m1,co,000,0016,0000049,,,,,,,,,,,,,,,,,,,,,,,,,,,,,,,,,,,,,,,,,,,,,,,,,,,,,,,,,,,,,,,,,,,,,,,,,,,,,,,,,,,,,,,,,,,,,,,,,,,,,,,,,,,,,,,,,,,,,,,,,,,,,,,,,,,,,,,,,,,,,,,,,,,,,,,,,,,,,,,,,,,,,,,,,,,,,,,,,,,,,,,,,,,,,,,,,,,,,,,,,,,,,,,,
ACSSF,2012m1,co,000,0016,0000050,,,,,,,,,,,,,,,,,,,,,,,,,,,,,,,,,,,,,,,,,,,,,,,4667,1664,250,189,250,1386,202,1370,471,389,267,765,730,341,2020,880,90,873,1304,484,1061,871,944,348,780,748,262,4093,279,189,189,189,123,189,123,189,189,189,250,117,187,3786,3567,638,56,631,2319,726,2174,2041,708,2022,1834,1350,1180,1456,149,189,149,971,132,970,715,342,491,295,295,189,1021,511,189,511,334,138,228,472,465,103,254,254,189,1170,628,95,627,656,173,605,454,336,301,319,253,167,4667,1664,1091,1031,353,957,65,292,777,74,687,287,926,64,189,924,551,128,325,452,189,2020,2005,2020,622,1906,193,295,189,907,840,259,133,729,304,611,427,808,189,189,808,189,744,485,259,600,148,80,223,92,201,4210,4093,279,142,189,245,3786,3567,801,1051,1021,100,165,978,717,717,189
ACSSF,2012m1,co,000,0016,0000051,,,,,,,,,,,,,,,,,,,,,,,,,,,,,,,,,,,,,,,,,,,,,,,4593,2882,346,189,346,1346,974,1136,634,322,442,2288,2184,703,1412,1071,241,1035,805,595,642,811,763,350,845,700,615,3360,912,318,189,318,692,542,248,133,133,189,630,630,189,3371,3259,554,189,554,2291,249,2280,1737,500,1699,1146,758,843,1002,137,189,137,734,107,683,232,143,125,516,358,350,758,70,26,66,423,163,395,487,302,290,411,411,189,1398,622,189,622,636,346,444,681,228,635,631,549,373,4593,2882,831,817,717,408,189,129,1895,426,1743,345,198,101,81,139,1915,509,1540,1170,189,1412,1256,551,553,93,411,1177,44,942,867,81,190,1077,939,590,344,764,284,205,802,189,1057,194,361,431,895,189,559,361,411,3591,3360,912,142,284,884,3371,3259,395,859,758,319,360,577,796,796,189
ACSSF,2012m1,co,000,0016,0000052,,,,,,,,,,,,,,,,,,,,,,,,,,,,,,,,,,,,,,,,,,,,,,,6189,2521,677,141,651,749,592,448,2097,1669,743,934,809,403,2740,1568,189,1568,1641,825,1466,1887,1835,867,1521,1446,409,4692,729,236,189,236,532,224,364,185,185,189,243,221,97,4534,4663,982,167,971,3625,808,3499,2668,805,2481,1581,1171,1199,1520,173,189,173,702,272,643,949,531,694,669,585,375,1571,174,189,174,621,431,483,1063,328,986,575,444,406,3421,1636,63,1636,2459,1854,1197,1531,1116,624,1202,654,763,6189,2521,990,802,574,539,189,445,807,221,703,358,381,198,138,244,2162,333,1740,1449,189,2740,1857,1411,1360,460,539,951,430,2416,1825,186,1465,2312,919,1817,1565,742,247,180,674,189,3428,2746,1493,1910,831,237,574,540,188,4820,4692,729,536,450,226,4534,4663,1210,895,1571,502,498,1273,938,938,189
ACSSF,2012m1,co,000,0016,0000053,,,,,,,,,,,,,,,,,,,,,,,,,,,,,,,,,,,,,,,,,,,,,,,5656,1485,299,189,299,927,582,602,751,635,416,857,775,371,1870,764,109,737,1676,608,1414,1139,938,372,1214,1191,685,4006,272,189,189,189,129,189,129,136,189,136,190,190,189,3835,3683,1288,154,1269,2637,1039,2397,3014,915,2862,1479,970,1034,803,189,189,189,387,270,292,654,236,448,519,443,227,965,362,189,362,351,101,333,327,101,314,575,277,526,1462,722,63,718,703,5,703,468,454,133,768,705,276,5656,1485,585,466,357,319,163,255,583,255,337,351,435,325,189,280,1283,822,369,884,68,1870,1451,1400,1396,315,499,701,189,773,757,74,212,1546,580,1132,1354,334,51,189,330,189,931,381,710,327,145,192,186,186,189,4238,4006,272,168,189,210,3835,3683,739,656,965,643,307,656,1021,1021,189
ACSSF,2012m1,co,000,0016,0000054,,,,,,,,,,,,,,,,,,,,,,,,,,,,,,,,,,,,,,,,,,,,,,,,,,,,,,,,,,,,,,,,,,,,,,,,,,,,,,,,,,,,,,,,,,,,,,,,,,,,,,,,,,,,,,,,,,,,,,,,,,,,,,,,,,,,,,,,,,,,,,,,,,,,,,,,,,,,,,,,,,,,,,,,,,,,,,,,,,,,,,,,,,,,,,,,,,,,,,,,,,,,,,,,
ACSSF,2012m1,co,000,0016,0000055,,,,,,,,,,,,,,,,,,,,,,,,,,,,,,,,,,,,,,,,,,,,,,,,,,,,,,,,,,,,,,,,,,,,,,,,,,,,,,,,,,,,,,,,,,,,,,,,,,,,,,,,,,,,,,,,,,,,,,,,,,,,,,,,,,,,,,,,,,,,,,,,,,,,,,,,,,,,,,,,,,,,,,,,,,,,,,,,,,,,,,,,,,,,,,,,,,,,,,,,,,,,,,,,
ACSSF,2012m1,co,000,0016,0000056,,,,,,,,,,,,,,,,,,,,,,,,,,,,,,,,,,,,,,,,,,,,,,,,,,,,,,,,,,,,,,,,,,,,,,,,,,,,,,,,,,,,,,,,,,,,,,,,,,,,,,,,,,,,,,,,,,,,,,,,,,,,,,,,,,,,,,,,,,,,,,,,,,,,,,,,,,,,,,,,,,,,,,,,,,,,,,,,,,,,,,,,,,,,,,,,,,,,,,,,,,,,,,,,
ACSSF,2012m1,co,000,0016,0000057,,,,,,,,,,,,,,,,,,,,,,,,,,,,,,,,,,,,,,,,,,,,,,,,,,,,,,,,,,,,,,,,,,,,,,,,,,,,,,,,,,,,,,,,,,,,,,,,,,,,,,,,,,,,,,,,,,,,,,,,,,,,,,,,,,,,,,,,,,,,,,,,,,,,,,,,,,,,,,,,,,,,,,,,,,,,,,,,,,,,,,,,,,,,,,,,,,,,,,,,,,,,,,,,
ACSSF,2012m1,co,000,0016,0000058,,,,,,,,,,,,,,,,,,,,,,,,,,,,,,,,,,,,,,,,,,,,,,,,,,,,,,,,,,,,,,,,,,,,,,,,,,,,,,,,,,,,,,,,,,,,,,,,,,,,,,,,,,,,,,,,,,,,,,,,,,,,,,,,,,,,,,,,,,,,,,,,,,,,,,,,,,,,,,,,,,,,,,,,,,,,,,,,,,,,,,,,,,,,,,,,,,,,,,,,,,,,,,,,
ACSSF,2012m1,co,000,0016,0000059,,,,,,,,,,,,,,,,,,,,,,,,,,,,,,,,,,,,,,,,,,,,,,,,,,,,,,,,,,,,,,,,,,,,,,,,,,,,,,,,,,,,,,,,,,,,,,,,,,,,,,,,,,,,,,,,,,,,,,,,,,,,,,,,,,,,,,,,,,,,,,,,,,,,,,,,,,,,,,,,,,,,,,,,,,,,,,,,,,,,,,,,,,,,,,,,,,,,,,,,,,,,,,,,
ACSSF,2012m1,co,000,0016,0000060,,,,,,,,,,,,,,,,,,,,,,,,,,,,,,,,,,,,,,,,,,,,,,,,,,,,,,,,,,,,,,,,,,,,,,,,,,,,,,,,,,,,,,,,,,,,,,,,,,,,,,,,,,,,,,,,,,,,,,,,,,,,,,,,,,,,,,,,,,,,,,,,,,,,,,,,,,,,,,,,,,,,,,,,,,,,,,,,,,,,,,,,,,,,,,,,,,,,,,,,,,,,,,,,
ACSSF,2012m1,co,000,0016,0000061,,,,,,,,,,,,,,,,,,,,,,,,,,,,,,,,,,,,,,,,,,,,,,,,,,,,,,,,,,,,,,,,,,,,,,,,,,,,,,,,,,,,,,,,,,,,,,,,,,,,,,,,,,,,,,,,,,,,,,,,,,,,,,,,,,,,,,,,,,,,,,,,,,,,,,,,,,,,,,,,,,,,,,,,,,,,,,,,,,,,,,,,,,,,,,,,,,,,,,,,,,,,,,,,
ACSSF,2012m1,co,000,0016,0000062,,,,,,,,,,,,,,,,,,,,,,,,,,,,,,,,,,,,,,,,,,,,,,,,,,,,,,,,,,,,,,,,,,,,,,,,,,,,,,,,,,,,,,,,,,,,,,,,,,,,,,,,,,,,,,,,,,,,,,,,,,,,,,,,,,,,,,,,,,,,,,,,,,,,,,,,,,,,,,,,,,,,,,,,,,,,,,,,,,,,,,,,,,,,,,,,,,,,,,,,,,,,,,,,
ACSSF,2012m1,co,000,0016,0000063,,,,,,,,,,,,,,,,,,,,,,,,,,,,,,,,,,,,,,,,,,,,,,,,,,,,,,,,,,,,,,,,,,,,,,,,,,,,,,,,,,,,,,,,,,,,,,,,,,,,,,,,,,,,,,,,,,,,,,,,,,,,,,,,,,,,,,,,,,,,,,,,,,,,,,,,,,,,,,,,,,,,,,,,,,,,,,,,,,,,,,,,,,,,,,,,,,,,,,,,,,,,,,,,
ACSSF,2012m1,co,000,0016,0000064,,,,,,,,,,,,,,,,,,,,,,,,,,,,,,,,,,,,,,,,,,,,,,,,,,,,,,,,,,,,,,,,,,,,,,,,,,,,,,,,,,,,,,,,,,,,,,,,,,,,,,,,,,,,,,,,,,,,,,,,,,,,,,,,,,,,,,,,,,,,,,,,,,,,,,,,,,,,,,,,,,,,,,,,,,,,,,,,,,,,,,,,,,,,,,,,,,,,,,,,,,,,,,,,
ACSSF,2012m1,co,000,0016,0000065,,,,,,,,,,,,,,,,,,,,,,,,,,,,,,,,,,,,,,,,,,,,,,,,,,,,,,,,,,,,,,,,,,,,,,,,,,,,,,,,,,,,,,,,,,,,,,,,,,,,,,,,,,,,,,,,,,,,,,,,,,,,,,,,,,,,,,,,,,,,,,,,,,,,,,,,,,,,,,,,,,,,,,,,,,,,,,,,,,,,,,,,,,,,,,,,,,,,,,,,,,,,,,,,
ACSSF,2012m1,co,000,0016,0000066,,,,,,,,,,,,,,,,,,,,,,,,,,,,,,,,,,,,,,,,,,,,,,,,,,,,,,,,,,,,,,,,,,,,,,,,,,,,,,,,,,,,,,,,,,,,,,,,,,,,,,,,,,,,,,,,,,,,,,,,,,,,,,,,,,,,,,,,,,,,,,,,,,,,,,,,,,,,,,,,,,,,,,,,,,,,,,,,,,,,,,,,,,,,,,,,,,,,,,,,,,,,,,,,
ACSSF,2012m1,co,000,0016,0000067,,,,,,,,,,,,,,,,,,,,,,,,,,,,,,,,,,,,,,,,,,,,,,,,,,,,,,,,,,,,,,,,,,,,,,,,,,,,,,,,,,,,,,,,,,,,,,,,,,,,,,,,,,,,,,,,,,,,,,,,,,,,,,,,,,,,,,,,,,,,,,,,,,,,,,,,,,,,,,,,,,,,,,,,,,,,,,,,,,,,,,,,,,,,,,,,,,,,,,,,,,,,,,,,
ACSSF,2012m1,co,000,0016,0000068,,,,,,,,,,,,,,,,,,,,,,,,,,,,,,,,,,,,,,,,,,,,,,,,,,,,,,,,,,,,,,,,,,,,,,,,,,,,,,,,,,,,,,,,,,,,,,,,,,,,,,,,,,,,,,,,,,,,,,,,,,,,,,,,,,,,,,,,,,,,,,,,,,,,,,,,,,,,,,,,,,,,,,,,,,,,,,,,,,,,,,,,,,,,,,,,,,,,,,,,,,,,,,,,
ACSSF,2012m1,co,000,0016,0000069,,,,,,,,,,,,,,,,,,,,,,,,,,,,,,,,,,,,,,,,,,,,,,,,,,,,,,,,,,,,,,,,,,,,,,,,,,,,,,,,,,,,,,,,,,,,,,,,,,,,,,,,,,,,,,,,,,,,,,,,,,,,,,,,,,,,,,,,,,,,,,,,,,,,,,,,,,,,,,,,,,,,,,,,,,,,,,,,,,,,,,,,,,,,,,,,,,,,,,,,,,,,,,,,
ACSSF,2012m1,co,000,0016,0000070,,,,,,,,,,,,,,,,,,,,,,,,,,,,,,,,,,,,,,,,,,,,,,,,,,,,,,,,,,,,,,,,,,,,,,,,,,,,,,,,,,,,,,,,,,,,,,,,,,,,,,,,,,,,,,,,,,,,,,,,,,,,,,,,,,,,,,,,,,,,,,,,,,,,,,,,,,,,,,,,,,,,,,,,,,,,,,,,,,,,,,,,,,,,,,,,,,,,,,,,,,,,,,,,
ACSSF,2012m1,co,000,0016,0000071,,,,,,,,,,,,,,,,,,,,,,,,,,,,,,,,,,,,,,,,,,,,,,,,,,,,,,,,,,,,,,,,,,,,,,,,,,,,,,,,,,,,,,,,,,,,,,,,,,,,,,,,,,,,,,,,,,,,,,,,,,,,,,,,,,,,,,,,,,,,,,,,,,,,,,,,,,,,,,,,,,,,,,,,,,,,,,,,,,,,,,,,,,,,,,,,,,,,,,,,,,,,,,,,
ACSSF,2012m1,co,000,0016,0000072,,,,,,,,,,,,,,,,,,,,,,,,,,,,,,,,,,,,,,,,,,,,,,,,,,,,,,,,,,,,,,,,,,,,,,,,,,,,,,,,,,,,,,,,,,,,,,,,,,,,,,,,,,,,,,,,,,,,,,,,,,,,,,,,,,,,,,,,,,,,,,,,,,,,,,,,,,,,,,,,,,,,,,,,,,,,,,,,,,,,,,,,,,,,,,,,,,,,,,,,,,,,,,,,
ACSSF,2012m1,co,000,0016,0000073,,,,,,,,,,,,,,,,,,,,,,,,,,,,,,,,,,,,,,,,,,,,,,,,,,,,,,,,,,,,,,,,,,,,,,,,,,,,,,,,,,,,,,,,,,,,,,,,,,,,,,,,,,,,,,,,,,,,,,,,,,,,,,,,,,,,,,,,,,,,,,,,,,,,,,,,,,,,,,,,,,,,,,,,,,,,,,,,,,,,,,,,,,,,,,,,,,,,,,,,,,,,,,,,
ACSSF,2012m1,co,000,0016,0000074,,,,,,,,,,,,,,,,,,,,,,,,,,,,,,,,,,,,,,,,,,,,,,,,,,,,,,,,,,,,,,,,,,,,,,,,,,,,,,,,,,,,,,,,,,,,,,,,,,,,,,,,,,,,,,,,,,,,,,,,,,,,,,,,,,,,,,,,,,,,,,,,,,,,,,,,,,,,,,,,,,,,,,,,,,,,,,,,,,,,,,,,,,,,,,,,,,,,,,,,,,,,,,,,
ACSSF,2012m1,co,000,0016,0000075,,,,,,,,,,,,,,,,,,,,,,,,,,,,,,,,,,,,,,,,,,,,,,,,,,,,,,,,,,,,,,,,,,,,,,,,,,,,,,,,,,,,,,,,,,,,,,,,,,,,,,,,,,,,,,,,,,,,,,,,,,,,,,,,,,,,,,,,,,,,,,,,,,,,,,,,,,,,,,,,,,,,,,,,,,,,,,,,,,,,,,,,,,,,,,,,,,,,,,,,,,,,,,,,
ACSSF,2012m1,co,000,0016,0000076,,,,,,,,,,,,,,,,,,,,,,,,,,,,,,,,,,,,,,,,,,,,,,,,,,,,,,,,,,,,,,,,,,,,,,,,,,,,,,,,,,,,,,,,,,,,,,,,,,,,,,,,,,,,,,,,,,,,,,,,,,,,,,,,,,,,,,,,,,,,,,,,,,,,,,,,,,,,,,,,,,,,,,,,,,,,,,,,,,,,,,,,,,,,,,,,,,,,,,,,,,,,,,,,
ACSSF,2012m1,co,000,0016,0000077,,,,,,,,,,,,,,,,,,,,,,,,,,,,,,,,,,,,,,,,,,,,,,,,,,,,,,,,,,,,,,,,,,,,,,,,,,,,,,,,,,,,,,,,,,,,,,,,,,,,,,,,,,,,,,,,,,,,,,,,,,,,,,,,,,,,,,,,,,,,,,,,,,,,,,,,,,,,,,,,,,,,,,,,,,,,,,,,,,,,,,,,,,,,,,,,,,,,,,,,,,,,,,,,
ACSSF,2012m1,co,000,0016,0000078,,,,,,,,,,,,,,,,,,,,,,,,,,,,,,,,,,,,,,,,,,,,,,,,,,,,,,,,,,,,,,,,,,,,,,,,,,,,,,,,,,,,,,,,,,,,,,,,,,,,,,,,,,,,,,,,,,,,,,,,,,,,,,,,,,,,,,,,,,,,,,,,,,,,,,,,,,,,,,,,,,,,,,,,,,,,,,,,,,,,,,,,,,,,,,,,,,,,,,,,,,,,,,,,
ACSSF,2012m1,co,000,0016,0000079,,,,,,,,,,,,,,,,,,,,,,,,,,,,,,,,,,,,,,,,,,,,,,,,,,,,,,,,,,,,,,,,,,,,,,,,,,,,,,,,,,,,,,,,,,,,,,,,,,,,,,,,,,,,,,,,,,,,,,,,,,,,,,,,,,,,,,,,,,,,,,,,,,,,,,,,,,,,,,,,,,,,,,,,,,,,,,,,,,,,,,,,,,,,,,,,,,,,,,,,,,,,,,,,
ACSSF,2012m1,co,000,0016,0000080,,,,,,,,,,,,,,,,,,,,,,,,,,,,,,,,,,,,,,,,,,,,,,,,,,,,,,,,,,,,,,,,,,,,,,,,,,,,,,,,,,,,,,,,,,,,,,,,,,,,,,,,,,,,,,,,,,,,,,,,,,,,,,,,,,,,,,,,,,,,,,,,,,,,,,,,,,,,,,,,,,,,,,,,,,,,,,,,,,,,,,,,,,,,,,,,,,,,,,,,,,,,,,,,
ACSSF,2012m1,co,000,0016,0000081,,,,,,,,,,,,,,,,,,,,,,,,,,,,,,,,,,,,,,,,,,,,,,,,,,,,,,,,,,,,,,,,,,,,,,,,,,,,,,,,,,,,,,,,,,,,,,,,,,,,,,,,,,,,,,,,,,,,,,,,,,,,,,,,,,,,,,,,,,,,,,,,,,,,,,,,,,,,,,,,,,,,,,,,,,,,,,,,,,,,,,,,,,,,,,,,,,,,,,,,,,,,,,,,
ACSSF,2012m1,co,000,0016,0000082,,,,,,,,,,,,,,,,,,,,,,,,,,,,,,,,,,,,,,,,,,,,,,,,,,,,,,,,,,,,,,,,,,,,,,,,,,,,,,,,,,,,,,,,,,,,,,,,,,,,,,,,,,,,,,,,,,,,,,,,,,,,,,,,,,,,,,,,,,,,,,,,,,,,,,,,,,,,,,,,,,,,,,,,,,,,,,,,,,,,,,,,,,,,,,,,,,,,,,,,,,,,,,,,
ACSSF,2012m1,co,000,0016,0000083,,,,,,,,,,,,,,,,,,,,,,,,,,,,,,,,,,,,,,,,,,,,,,,,,,,,,,,,,,,,,,,,,,,,,,,,,,,,,,,,,,,,,,,,,,,,,,,,,,,,,,,,,,,,,,,,,,,,,,,,,,,,,,,,,,,,,,,,,,,,,,,,,,,,,,,,,,,,,,,,,,,,,,,,,,,,,,,,,,,,,,,,,,,,,,,,,,,,,,,,,,,,,,,,
ACSSF,2012m1,co,000,0016,0000084,,,,,,,,,,,,,,,,,,,,,,,,,,,,,,,,,,,,,,,,,,,,,,,,,,,,,,,,,,,,,,,,,,,,,,,,,,,,,,,,,,,,,,,,,,,,,,,,,,,,,,,,,,,,,,,,,,,,,,,,,,,,,,,,,,,,,,,,,,,,,,,,,,,,,,,,,,,,,,,,,,,,,,,,,,,,,,,,,,,,,,,,,,,,,,,,,,,,,,,,,,,,,,,,
ACSSF,2012m1,co,000,0016,0000085,,,,,,,,,,,,,,,,,,,,,,,,,,,,,,,,,,,,,,,,,,,,,,,,,,,,,,,,,,,,,,,,,,,,,,,,,,,,,,,,,,,,,,,,,,,,,,,,,,,,,,,,,,,,,,,,,,,,,,,,,,,,,,,,,,,,,,,,,,,,,,,,,,,,,,,,,,,,,,,,,,,,,,,,,,,,,,,,,,,,,,,,,,,,,,,,,,,,,,,,,,,,,,,,
ACSSF,2012m1,co,000,0016,0000086,,,,,,,,,,,,,,,,,,,,,,,,,,,,,,,,,,,,,,,,,,,,,,,,,,,,,,,,,,,,,,,,,,,,,,,,,,,,,,,,,,,,,,,,,,,,,,,,,,,,,,,,,,,,,,,,,,,,,,,,,,,,,,,,,,,,,,,,,,,,,,,,,,,,,,,,,,,,,,,,,,,,,,,,,,,,,,,,,,,,,,,,,,,,,,,,,,,,,,,,,,,,,,,,
ACSSF,2012m1,co,000,0016,0000087,,,,,,,,,,,,,,,,,,,,,,,,,,,,,,,,,,,,,,,,,,,,,,,,,,,,,,,,,,,,,,,,,,,,,,,,,,,,,,,,,,,,,,,,,,,,,,,,,,,,,,,,,,,,,,,,,,,,,,,,,,,,,,,,,,,,,,,,,,,,,,,,,,,,,,,,,,,,,,,,,,,,,,,,,,,,,,,,,,,,,,,,,,,,,,,,,,,,,,,,,,,,,,,,
ACSSF,2012m1,co,000,0016,0000088,,,,,,,,,,,,,,,,,,,,,,,,,,,,,,,,,,,,,,,,,,,,,,,,,,,,,,,,,,,,,,,,,,,,,,,,,,,,,,,,,,,,,,,,,,,,,,,,,,,,,,,,,,,,,,,,,,,,,,,,,,,,,,,,,,,,,,,,,,,,,,,,,,,,,,,,,,,,,,,,,,,,,,,,,,,,,,,,,,,,,,,,,,,,,,,,,,,,,,,,,,,,,,,,
ACSSF,2012m1,co,000,0016,0000089,,,,,,,,,,,,,,,,,,,,,,,,,,,,,,,,,,,,,,,,,,,,,,,,,,,,,,,,,,,,,,,,,,,,,,,,,,,,,,,,,,,,,,,,,,,,,,,,,,,,,,,,,,,,,,,,,,,,,,,,,,,,,,,,,,,,,,,,,,,,,,,,,,,,,,,,,,,,,,,,,,,,,,,,,,,,,,,,,,,,,,,,,,,,,,,,,,,,,,,,,,,,,,,,
ACSSF,2012m1,co,000,0016,0000090,,,,,,,,,,,,,,,,,,,,,,,,,,,,,,,,,,,,,,,,,,,,,,,,,,,,,,,,,,,,,,,,,,,,,,,,,,,,,,,,,,,,,,,,,,,,,,,,,,,,,,,,,,,,,,,,,,,,,,,,,,,,,,,,,,,,,,,,,,,,,,,,,,,,,,,,,,,,,,,,,,,,,,,,,,,,,,,,,,,,,,,,,,,,,,,,,,,,,,,,,,,,,,,,
ACSSF,2012m1,co,000,0016,0000091,,,,,,,,,,,,,,,,,,,,,,,,,,,,,,,,,,,,,,,,,,,,,,,,,,,,,,,,,,,,,,,,,,,,,,,,,,,,,,,,,,,,,,,,,,,,,,,,,,,,,,,,,,,,,,,,,,,,,,,,,,,,,,,,,,,,,,,,,,,,,,,,,,,,,,,,,,,,,,,,,,,,,,,,,,,,,,,,,,,,,,,,,,,,,,,,,,,,,,,,,,,,,,,,
ACSSF,2012m1,co,000,0016,0000092,,,,,,,,,,,,,,,,,,,,,,,,,,,,,,,,,,,,,,,,,,,,,,,,,,,,,,,,,,,,,,,,,,,,,,,,,,,,,,,,,,,,,,,,,,,,,,,,,,,,,,,,,,,,,,,,,,,,,,,,,,,,,,,,,,,,,,,,,,,,,,,,,,,,,,,,,,,,,,,,,,,,,,,,,,,,,,,,,,,,,,,,,,,,,,,,,,,,,,,,,,,,,,,,
ACSSF,2012m1,co,000,0016,0000093,,,,,,,,,,,,,,,,,,,,,,,,,,,,,,,,,,,,,,,,,,,,,,,,,,,,,,,,,,,,,,,,,,,,,,,,,,,,,,,,,,,,,,,,,,,,,,,,,,,,,,,,,,,,,,,,,,,,,,,,,,,,,,,,,,,,,,,,,,,,,,,,,,,,,,,,,,,,,,,,,,,,,,,,,,,,,,,,,,,,,,,,,,,,,,,,,,,,,,,,,,,,,,,,
ACSSF,2012m1,co,000,0016,0000094,,,,,,,,,,,,,,,,,,,,,,,,,,,,,,,,,,,,,,,,,,,,,,,,,,,,,,,,,,,,,,,,,,,,,,,,,,,,,,,,,,,,,,,,,,,,,,,,,,,,,,,,,,,,,,,,,,,,,,,,,,,,,,,,,,,,,,,,,,,,,,,,,,,,,,,,,,,,,,,,,,,,,,,,,,,,,,,,,,,,,,,,,,,,,,,,,,,,,,,,,,,,,,,,
ACSSF,2012m1,co,000,0016,0000095,,,,,,,,,,,,,,,,,,,,,,,,,,,,,,,,,,,,,,,,,,,,,,,,,,,,,,,,,,,,,,,,,,,,,,,,,,,,,,,,,,,,,,,,,,,,,,,,,,,,,,,,,,,,,,,,,,,,,,,,,,,,,,,,,,,,,,,,,,,,,,,,,,,,,,,,,,,,,,,,,,,,,,,,,,,,,,,,,,,,,,,,,,,,,,,,,,,,,,,,,,,,,,,,
ACSSF,2012m1,co,000,0016,0000096,,,,,,,,,,,,,,,,,,,,,,,,,,,,,,,,,,,,,,,,,,,,,,,,,,,,,,,,,,,,,,,,,,,,,,,,,,,,,,,,,,,,,,,,,,,,,,,,,,,,,,,,,,,,,,,,,,,,,,,,,,,,,,,,,,,,,,,,,,,,,,,,,,,,,,,,,,,,,,,,,,,,,,,,,,,,,,,,,,,,,,,,,,,,,,,,,,,,,,,,,,,,,,,,
ACSSF,2012m1,co,000,0016,0000097,,,,,,,,,,,,,,,,,,,,,,,,,,,,,,,,,,,,,,,,,,,,,,,4941,1296,98,189,98,501,492,90,1041,877,256,401,391,136,1879,1047,189,1047,1077,356,872,712,507,419,1033,971,289,3548,658,236,189,236,517,224,344,189,189,189,150,150,189,3533,3468,948,137,940,2560,815,2401,1977,733,1808,1281,951,927,1202,173,189,173,679,215,641,584,119,576,551,497,326,719,151,189,151,314,189,314,451,196,403,179,123,132,2502,1065,63,1062,1777,1177,1144,557,436,226,981,545,481,,,,,,,,,,,,,,,,,,,,,,,,,,,,,,,,,,,,,,,,,,,,,,,,,,,,,,,,,,,,,,,,,,,,
ACSSF,2012m1,co,000,0016,0000098,,,,,,,,,,,,,,,,,,,,,,,,,,,,,,,,,,,,,,,,,,,,,,,,,,,,,,,,,,,,,,,,,,,,,,,,,,,,,,,,,,,,,,,,,,,,,,,,,,,,,,,,,,,,,,,,,,,,,,,,,,,,,,,,,,,,,,,,,,,,,2008,1109,919,903,361,748,189,172,702,132,533,388,174,189,38,173,618,222,145,552,189,1665,986,797,693,354,322,343,189,1074,925,312,662,1042,467,368,1046,500,384,189,259,189,371,52,363,189,189,189,157,157,189,1364,1327,146,55,131,189,1239,1316,515,363,418,94,134,378,360,367,52
ACSSF,2012m1,co,000,0016,0000099,,,,,,,,,,,,,,,,,,,,,,,,,,,,,,,,,,,,,,,,,,,,,,,,,,,,,,,,,,,,,,,,,,,,,,,,,,,,,,,,,,,,,,,,,,,,,,,,,,,,,,,,,,,,,,,,,,,,,,,,,,,,,,,,,,,,,,,,,,,,,,,,,,,,,,,,,,,,,,,,,,,,,,,,,,,,,,,,,,,,,,,,,,,,,,,,,,,,,,,,,,,,,,,,
ACSSF,2012m1,co,000,0016,0000100,,,,,,,,,,,,,,,,,,,,,,,,,,,,,,,,,,,,,,,,,,,,,,,4384,1992,597,141,576,347,214,251,1838,1405,686,643,477,352,2046,1134,189,1134,1272,605,1173,1745,1647,663,1311,1278,224,2568,252,189,189,189,135,189,135,38,38,189,202,177,97,2224,2219,252,189,252,1528,404,1325,739,223,710,812,508,624,740,189,189,189,106,79,70,697,522,369,255,133,167,1285,97,189,97,466,311,349,907,130,898,381,227,357,2479,1272,189,1272,1731,1325,738,1568,1151,621,557,295,475,4384,1992,535,516,500,118,189,184,453,214,213,338,300,181,60,236,1928,200,1705,1100,189,2046,1275,812,773,387,377,1035,430,1609,1524,107,739,1821,896,1355,1191,567,75,124,537,189,2545,2192,1415,1344,311,111,462,462,189,2695,2568,252,170,89,165,2224,2219,545,481,1285,497,275,1086,751,751,189
ACSSF,2012m1,co,000,0016,0000101,,,,,,,,,,,,,,,,,,,,,,,,,,,,,,,,,,,,,,,,,,,,,,,,,,,,,,,,,,,,,,,,,,,,,,,,,,,,,,,,,,,,,,,,,,,,,,,,,,,,,,,,,,,,,,,,,,,,,,,,,,,,,,,,,,,,,,,,,,,,,,,,,,,,,,,,,,,,,,,,,,,,,,,,,,,,,,,,,,,,,,,,,,,,,,,,,,,,,,,,,,,,,,,,
ACSSF,2012m1,co,000,0016,0000102,,,,,,,,,,,,,,,,,,,,,,,,,,,,,,,,,,,,,,,,,,,,,,,6899,1632,146,189,146,801,247,748,756,634,376,1244,1183,391,2299,1661,69,1686,2470,704,2495,993,964,485,929,918,378,5637,1318,134,189,134,948,943,97,415,47,417,492,451,203,5163,5186,751,75,719,4241,1321,4148,2989,1057,2902,2225,1337,1767,705,200,189,200,259,174,195,393,175,355,552,462,240,1184,334,189,334,892,102,887,400,313,251,480,480,189,2365,877,106,871,1920,977,1642,626,492,536,563,427,338,6899,1632,635,617,488,383,189,157,807,505,384,352,525,461,189,328,1212,324,706,878,189,2299,1136,977,955,188,403,617,346,2411,1054,1042,2355,1820,516,769,1839,496,142,70,475,189,2097,1971,374,768,324,707,792,747,258,5701,5637,1318,373,938,629,5163,5186,417,542,1184,746,507,753,760,760,189
ACSSF,2012m1,co,000,0016,0000103,,,,,,,,,,,,,,,,,,,,,,,,,,,,,,,,,,,,,,,,,,,,,,,,,,,,,,,,,,,,,,,,,,,,,,,,,,,,,,,,,,,,,,,,,,,,,,,,,,,,,,,,,,,,,,,,,,,,,,,,,,,,,,,,,,,,,,,,,,,,,,,,,,,,,,,,,,,,,,,,,,,,,,,,,,,,,,,,,,,,,,,,,,,,,,,,,,,,,,,,,,,,,,,,
ACSSF,2012m1,co,000,0016,0000104,,,,,,,,,,,,,,,,,,,,,,,,,,,,,,,,,,,,,,,,,,,,,,,,,,,,,,,,,,,,,,,,,,,,,,,,,,,,,,,,,,,,,,,,,,,,,,,,,,,,,,,,,,,,,,,,,,,,,,,,,,,,,,,,,,,,,,,,,,,,,,,,,,,,,,,,,,,,,,,,,,,,,,,,,,,,,,,,,,,,,,,,,,,,,,,,,,,,,,,,,,,,,,,,
ACSSF,2012m1,co,000,0016,0000105,,,,,,,,,,,,,,,,,,,,,,,,,,,,,,,,,,,,,,,,,,,,,,,,,,,,,,,,,,,,,,,,,,,,,,,,,,,,,,,,,,,,,,,,,,,,,,,,,,,,,,,,,,,,,,,,,,,,,,,,,,,,,,,,,,,,,,,,,,,,,,,,,,,,,,,,,,,,,,,,,,,,,,,,,,,,,,,,,,,,,,,,,,,,,,,,,,,,,,,,,,,,,,,,
ACSSF,2012m1,co,000,0016,0000106,,,,,,,,,,,,,,,,,,,,,,,,,,,,,,,,,,,,,,,,,,,,,,,,,,,,,,,,,,,,,,,,,,,,,,,,,,,,,,,,,,,,,,,,,,,,,,,,,,,,,,,,,,,,,,,,,,,,,,,,,,,,,,,,,,,,,,,,,,,,,,,,,,,,,,,,,,,,,,,,,,,,,,,,,,,,,,,,,,,,,,,,,,,,,,,,,,,,,,,,,,,,,,,,
ACSSF,2012m1,co,000,0016,0000107,,,,,,,,,,,,,,,,,,,,,,,,,,,,,,,,,,,,,,,,,,,,,,,,,,,,,,,,,,,,,,,,,,,,,,,,,,,,,,,,,,,,,,,,,,,,,,,,,,,,,,,,,,,,,,,,,,,,,,,,,,,,,,,,,,,,,,,,,,,,,,,,,,,,,,,,,,,,,,,,,,,,,,,,,,,,,,,,,,,,,,,,,,,,,,,,,,,,,,,,,,,,,,,,
ACSSF,2012m1,co,000,0016,0000108,,,,,,,,,,,,,,,,,,,,,,,,,,,,,,,,,,,,,,,,,,,,,,,,,,,,,,,,,,,,,,,,,,,,,,,,,,,,,,,,,,,,,,,,,,,,,,,,,,,,,,,,,,,,,,,,,,,,,,,,,,,,,,,,,,,,,,,,,,,,,,,,,,,,,,,,,,,,,,,,,,,,,,,,,,,,,,,,,,,,,,,,,,,,,,,,,,,,,,,,,,,,,,,,
ACSSF,2012m1,co,000,0016,0000109,,,,,,,,,,,,,,,,,,,,,,,,,,,,,,,,,,,,,,,,,,,,,,,3079,1230,258,189,258,656,408,551,627,607,202,1069,1003,276,1382,499,109,491,1228,417,1159,576,471,263,868,853,626,2275,203,189,189,189,129,189,129,136,189,136,122,122,189,2000,1949,546,67,550,1263,338,1281,1433,400,1359,852,526,590,660,189,189,189,387,270,292,197,189,197,515,450,203,857,381,189,381,345,55,340,340,115,310,405,360,192,1037,738,64,736,482,5,482,421,114,379,409,392,137,3079,1230,601,475,312,406,144,200,781,262,668,150,384,223,189,313,1009,387,378,824,68,1382,1296,1210,1183,316,511,447,189,523,415,59,308,1008,442,683,973,199,88,189,180,189,409,313,267,61,5,189,205,205,189,2318,2275,203,185,189,129,2000,1949,364,658,857,642,374,470,888,888,189
ACSSF,2012m1,co,000,0016,0000110,,,,,,,,,,,,,,,,,,,,,,,,,,,,,,,,,,,,,,,,,,,,,,,,,,,,,,,,,,,,,,,,,,,,,,,,,,,,,,,,,,,,,,,,,,,,,,,,,,,,,,,,,,,,,,,,,,,,,,,,,,,,,,,,,,,,,,,,,,,,,,,,,,,,,,,,,,,,,,,,,,,,,,,,,,,,,,,,,,,,,,,,,,,,,,,,,,,,,,,,,,,,,,,,
ACSSF,2012m1,co,000,0016,0000111,,,,,,,,,,,,,,,,,,,,,,,,,,,,,,,,,,,,,,,,,,,,,,,,,,,,,,,,,,,,,,,,,,,,,,,,,,,,,,,,,,,,,,,,,,,,,,,,,,,,,,,,,,,,,,,,,,,,,,,,,,,,,,,,,,,,,,,,,,,,,,,,,,,,,,,,,,,,,,,,,,,,,,,,,,,,,,,,,,,,,,,,,,,,,,,,,,,,,,,,,,,,,,,,
ACSSF,2012m1,co,000,0016,0000112,,,,,,,,,,,,,,,,,,,,,,,,,,,,,,,,,,,,,,,,,,,,,,,,,,,,,,,,,,,,,,,,,,,,,,,,,,,,,,,,,,,,,,,,,,,,,,,,,,,,,,,,,,,,,,,,,,,,,,,,,,,,,,,,,,,,,,,,,,,,,,,,,,,,,,,,,,,,,,,,,,,,,,,,,,,,,,,,,,,,,,,,,,,,,,,,,,,,,,,,,,,,,,,,
ACSSF,2012m1,co,000,0016,0000113,,,,,,,,,,,,,,,,,,,,,,,,,,,,,,,,,,,,,,,,,,,,,,,,,,,,,,,,,,,,,,,,,,,,,,,,,,,,,,,,,,,,,,,,,,,,,,,,,,,,,,,,,,,,,,,,,,,,,,,,,,,,,,,,,,,,,,,,,,,,,,,,,,,,,,,,,,,,,,,,,,,,,,,,,,,,,,,,,,,,,,,,,,,,,,,,,,,,,,,,,,,,,,,,
ACSSF,2012m1,co,000,0016,0000114,,,,,,,,,,,,,,,,,,,,,,,,,,,,,,,,,,,,,,,,,,,,,,,,,,,,,,,,,,,,,,,,,,,,,,,,,,,,,,,,,,,,,,,,,,,,,,,,,,,,,,,,,,,,,,,,,,,,,,,,,,,,,,,,,,,,,,,,,,,,,,,,,,,,,,,,,,,,,,,,,,,,,,,,,,,,,,,,,,,,,,,,,,,,,,,,,,,,,,,,,,,,,,,,
ACSSF,2012m1,co,000,0016,0000115,,,,,,,,,,,,,,,,,,,,,,,,,,,,,,,,,,,,,,,,,,,,,,,,,,,,,,,,,,,,,,,,,,,,,,,,,,,,,,,,,,,,,,,,,,,,,,,,,,,,,,,,,,,,,,,,,,,,,,,,,,,,,,,,,,,,,,,,,,,,,,,,,,,,,,,,,,,,,,,,,,,,,,,,,,,,,,,,,,,,,,,,,,,,,,,,,,,,,,,,,,,,,,,,
