ACSSF,2012m1,co,000,0012,0000001,0,2079,370,196,13622,4183,826,460,1007,1448,429,435,599,1848,2587,1408,105,1091,1977,986,1756,1105,3754,618,770,2734,189,575,1569,122,3157,1184,4644,5771,1837,14326,440,8288,2238,7570,2802,18218,570,2771,189,3263,437,1583,17290,775,11377,704,2139,311,157,58,464,2105,6730,658,8276,1768,1277,5345,2725,6043,7318,1062,1258,2034,936,189,6537,80,3508,1470,354,173,2078,239,506,3013,1039,549,371,133,4377,281,6722,2514,1830,2653,4168,2971,522,215,260,52,509,1003,557,2468,662,81,568,189,1836,18545,15184,0,15184,24493,22449,15184,4673,15135,0,13622,4183,3754,3157,4644,5771,14326,8288,7570,2802,18218,2771,3263,17290,11377,2139,6730,8276,1768,5345,6043,7318,2034,6537,6722,2514,2653,4168,2971,19492,15184,0,15184,24493,22449,15184
ACSSF,2012m1,co,000,0012,0000002,13863,2047,370,74,12740,4074,769,460,1002,1384,429,435,614,1848,2562,1390,105,975,1920,951,1495,1102,3542,466,621,2583,189,481,1483,122,2856,1021,3986,5169,1842,12999,440,7953,2186,7331,2849,17471,564,2458,189,3166,416,1551,17002,775,11020,704,2049,251,132,57,273,2096,6288,573,7356,1653,1326,5135,2656,5853,6731,1025,1142,1988,892,189,6522,80,3474,1470,354,173,2078,238,506,3013,1039,549,371,133,4363,198,5805,2363,1793,2579,3674,2898,522,215,260,52,509,966,458,2457,635,81,568,189,1816,19309,15554,13863,20188,23727,21699,15554,4593,15658,13863,12740,4074,3542,2856,3986,5169,12999,7953,7331,2849,17471,2458,3166,17002,11020,2049,6288,7356,1653,5135,5853,6731,1988,6522,5805,2363,2579,3674,2898,20009,15554,13863,20188,23727,21699,15554
ACSSF,2012m1,co,000,0012,0000003,,,,,,,,,,,,,,,,,,,,,,,,,,,,,,,,,,,,,,,,,,,,,,,,,,,,,,,,,,,,,,,,,,,,,,,,,,,,,,,,,,,,,,,,,,,,,,,,,,,,,,,,,,,,,,13863,13294,11320,9049,7641,1867,7319,13863,4962,729,990,1272,1759,2550,6304,2390,2686,1026,7359,991,936,5900,3463,444,2491,2826,580,1066,2439,2458,392,285,2391,1116,450,1749,417,9414,7641,13863,13294,11320,9049,7641
ACSSF,2012m1,co,000,0012,0000004,1672,2079,370,196,12871,4140,826,460,996,1318,429,435,587,1848,2587,1396,105,1039,2059,986,1609,1105,3655,617,718,2608,189,585,1516,122,3033,1164,4462,5349,1761,13252,440,8533,2205,7683,2641,18437,570,2791,189,3268,430,1564,16906,773,11354,691,2089,311,157,58,378,2053,6518,623,8288,1603,1277,5227,2606,5873,7221,1053,1196,2020,939,189,6530,80,3508,1470,354,173,2078,209,506,3013,1039,549,371,133,4397,198,6524,2477,1826,2599,3947,2947,522,215,260,52,509,966,557,2468,635,81,568,189,1833,18439,16233,1672,15876,23088,21716,16233,4760,16032,1672,12871,4140,3655,3033,4462,5349,13252,8533,7683,2641,18437,2791,3268,16906,11354,2089,6518,8288,1603,5227,5873,7221,2020,6530,6524,2477,2599,3947,2947,19167,16233,1672,15876,23088,21716,16233
ACSSF,2012m1,co,000,0012,0000005,0,2079,370,196,12340,4034,826,460,996,1304,429,435,587,1634,2587,1391,105,1004,2114,896,1392,1105,3657,617,718,2684,189,536,1518,122,2964,1137,4094,5112,1686,12194,440,8311,2125,7297,2676,18358,557,2738,189,2797,430,1563,16105,773,11173,691,1919,309,132,58,378,2022,6537,609,8068,1579,1251,4988,2438,5453,6701,1062,1183,2033,897,189,6348,80,3366,1470,354,173,2078,201,506,2966,1039,549,371,133,4401,198,6545,2452,1713,2591,3566,2947,522,215,260,52,509,966,557,2468,635,81,568,189,1829,17543,15042,0,15042,22747,21518,15042,4508,14933,0,12340,4034,3657,2964,4094,5112,12194,8311,7297,2676,18358,2738,2797,16105,11173,1919,6537,8068,1579,4988,5453,6701,2033,6348,6545,2452,2591,3566,2947,18196,15042,0,15042,22747,21518,15042
ACSSF,2012m1,co,000,0012,0000006,95,2047,315,189,6639,3143,261,205,120,962,388,403,341,813,2492,958,189,745,1474,692,1031,861,2180,418,541,1635,189,416,784,189,1895,899,2741,3193,1040,7489,385,4693,1164,4765,1639,10583,480,1704,189,1959,341,1442,11104,440,6160,590,1224,164,189,57,174,1554,3484,360,4381,1216,855,3426,1770,4094,4966,673,736,1773,595,189,5850,80,3196,919,354,173,1361,199,506,2317,867,544,371,189,3876,89,4260,1198,1477,1974,2131,2578,513,189,151,189,487,121,325,2415,320,81,463,189,1349,14334,10874,95,10873,16000,15757,10874,2578,10574,95,6639,3143,2180,1895,2741,3193,7489,4693,4765,1639,10583,1704,1959,11104,6160,1224,3484,4381,1216,3426,4094,4966,1773,5850,4260,1198,1974,2131,2578,14619,10874,95,10873,16000,15757,10874
ACSSF,2012m1,co,000,0012,0000007,95,284,206,196,9971,2215,826,408,986,806,176,157,518,1352,864,865,105,647,1562,478,839,746,2894,619,476,2035,189,314,1097,122,2402,618,3249,4319,1244,9427,231,5697,1929,6218,2168,13511,190,2166,189,2015,236,712,9719,608,8486,453,1494,259,132,10,332,1384,5502,399,7016,1137,935,4173,1730,3652,4738,796,852,1010,694,189,3346,189,525,1121,189,189,1385,20,189,1259,579,86,189,133,2666,177,5594,2068,748,1422,2957,1678,86,215,215,52,129,961,418,976,539,189,330,189,1299,16668,12190,95,12199,17568,16632,12190,3639,12142,95,9971,2215,2894,2402,3249,4319,9427,5697,6218,2168,13511,2166,2015,9719,8486,1494,5502,7016,1137,4173,3652,4738,1010,3346,5594,2068,1422,2957,1678,17469,12190,95,12199,17568,16632,12190
ACSSF,2012m1,co,000,0012,0000008,,,,,,,,,,,,,,,,,,,,,,,,,,,,,,,,,,,,,,,,,,,,,,,,,,,,,,,,,,,,,,,,,,,,,,,,,,,,,,,,,,,,,,,,,,,,,,,,,,,,,,,,,,,,,,1672,4737,5595,5024,5227,932,5171,1672,1933,921,685,1042,1207,1499,3260,2103,2240,597,4338,536,1271,4404,2330,642,1406,1229,268,1172,1294,1826,170,851,1313,546,124,1473,189,3845,5227,1672,4737,5595,5024,5227
ACSSF,2012m1,co,000,0012,0000009,,,,,,,,,,,,,,,,,,,,,,,,,,,,,,,,,,,,,,,,,,,,,,,,,,,,,,,,,,,,,,,,,,,,,,,,,,,,,,,,,,,,,,,,,,,,,,,,,,,,,,,,,,,,,,5941,5965,5092,3516,2466,618,2444,5941,1155,78,355,397,605,780,1826,1469,966,487,2936,231,745,2632,1414,627,1026,715,170,1021,484,1304,103,766,539,309,51,327,189,3816,2466,5941,5965,5092,3516,2466
ACSSF,2012m1,co,000,0012,0000010,,,,,,,,,,,,,,,,,,,,,,,,,,,,,,,,,,,,,,,,,,,,,,,,,,,,,,,,,,,,,,,,,,,,,,,,,,,,,,,,,,,,,,,,,,,,,,,,,,,,,,,,,,,,,,6463,5864,5271,4658,4793,732,4797,6463,1591,917,624,968,954,1356,2743,1601,1814,323,3777,487,1021,3505,1884,96,1001,988,215,543,1217,1292,142,484,1214,508,112,1469,189,4435,4793,6463,5864,5271,4658,4793
ACSSF,2012m1,co,000,0012,0000011,,,,,,,,,,,,,,,,,,,,,,,,,,,,,,,,,,,,,,,,,,,,,,,,,,,,,,,,,,,,,,,,,,,,,,,,,,,,,,,,,,,,,,,,,,,,,,,,,,,,,,,,,,,,,,1672,4645,5757,5441,4740,1553,4512,1672,2969,446,592,1370,1024,1663,3368,1412,1344,983,4984,705,410,3710,2441,574,1323,1646,586,675,1607,1606,194,321,1632,680,420,1302,243,4046,4740,1672,4645,5757,5441,4740
ACSSF,2012m1,co,000,0012,0000012,,,,,,,,,,,,,,,,,,,,,,,,,,,,,,,,,,,,,,,,,,,,,,,,,,,,,,,,,,,,,,,,,,,,,,,,,,,,,,,,,,,,,,,,,,,,,,,,,,,,,,,,,,,,,,0,6246,7912,7357,6246,1694,6125,0,3674,1043,940,1654,1625,2206,4841,2419,2439,1219,6909,933,1296,6541,3258,842,1845,1921,681,1371,2068,2783,241,871,2026,878,438,1891,243,5469,6246,0,6246,7912,7357,6246
ACSSF,2012m1,co,000,0012,0000013,,,,,,,,,,,,,,,,,,,,,,,,,,,,,,,,,,,,,,,,,,,,,,,,,,,,,,,,,,,,,,,,,,,,,,,,,,,,,,,,,,,,,,,,,,,,,,,,,,,,,,,,,,,,,,0,4317,7277,7406,4317,1298,4136,0,6423,1150,773,600,756,1626,3820,1785,2152,593,4738,765,401,4484,3815,201,2282,1561,437,1176,1298,2000,305,1798,1220,834,473,1366,389,6065,4317,0,4317,7277,7406,4317
ACSSF,2012m1,co,000,0012,0000014,0,2047,178,189,4044,1867,227,234,189,324,349,403,475,244,1517,686,189,316,588,78,477,374,1213,59,228,870,189,202,493,189,830,346,893,1985,656,3841,366,2865,728,1914,660,5561,113,1214,189,685,61,362,5480,234,2740,384,534,40,75,189,189,783,2048,186,2237,690,439,2888,609,1368,1769,288,529,377,148,189,3992,189,2302,961,354,189,2006,189,189,1282,451,86,371,189,2675,89,1848,1279,358,1398,1150,317,86,189,189,189,80,189,230,132,189,189,81,189,374,6692,5558,0,5558,7436,7978,5558,1260,5500,0,4044,1867,1213,830,893,1985,3841,2865,1914,660,5561,1214,685,5480,2740,534,2048,2237,690,2888,1368,1769,377,3992,1848,1279,1398,1150,317,7354,5558,0,5558,7436,7978,5558
ACSSF,2012m1,co,000,0012,0000015,,,,,,,,,,,,,,,,,,,,,,,,,,,,,,,,,,,,,,,,,,,,,,,,,,,,,,,,,,,,,,,,,,,,,,,,,,,,,,,,,,,,,,,,,,,,,,,,,,,,,,,,,,,,,,0,5136,6022,4125,5136,897,5012,0,3348,374,1122,1333,1254,1377,3360,1847,1965,879,4151,784,785,2886,2649,363,1481,2064,376,1172,978,1798,485,925,1602,701,426,941,696,6022,5136,0,5136,6022,4125,5136
ACSSF,2012m1,co,000,0012,0000016,0,189,189,189,3080,638,235,58,98,273,90,189,349,235,294,265,189,640,586,552,424,741,1324,198,414,1098,189,291,501,189,1125,344,1308,2045,968,3613,189,2158,661,2428,1160,5258,182,1037,189,540,266,1378,4536,344,2977,350,990,158,189,189,189,682,1922,235,2345,628,257,1940,1202,1319,3021,414,344,694,187,189,4064,189,1910,253,189,189,348,199,189,1841,280,186,189,189,3352,72,2646,782,1425,620,1110,904,54,189,151,189,189,189,193,763,320,189,160,189,433,6914,5504,0,5504,7791,7213,5504,1625,4952,0,3080,638,1324,1125,1308,2045,3613,2158,2428,1160,5258,1037,540,4536,2977,990,1922,2345,628,1940,1319,3021,694,4064,2646,782,620,1110,904,7349,5504,0,5504,7791,7213,5504
ACSSF,2012m1,co,000,0012,0000017,,,,,,,,,,,,,,,,,,,,,,,,,,,,,,,,,,,,,,,,,,,,,,,,,,,,,,,,,,,,,,,,,,,,,,,,,,,,,,,,,,,,,,,,,,,,,,,,,,,,,,,,,,,,,,0,4250,5967,5746,4250,1609,4152,0,2633,1301,1320,635,1549,1666,3795,1664,2058,768,5830,736,701,4799,3081,403,2669,2440,633,1276,1200,2427,479,398,2477,764,599,1093,213,4851,4250,0,4250,5967,5746,4250
ACSSF,2012m1,co,000,0012,0000018,,,,,,,,,,,,,,,,,,,,,,,,,,,,,,,,,,,,,,,,,,,,,,,,,,,,,,,,,,,,,,,,,,,,,,,,,,,,,,,,,,,,,,,,,,,,,,,,,,,,,,,,,,,,,,0,7023,9933,8016,7023,1856,6451,0,4450,2204,1017,779,1584,2114,5930,4351,3252,845,7604,933,1919,7001,4065,616,2273,2736,836,2501,2203,3675,1512,1223,2087,1088,1230,1468,2319,7350,7023,0,7023,9933,8016,7023
ACSSF,2012m1,co,000,0012,0000019,,,,,,,,,,,,,,,,,,,,,,,,,,,,,,,,,,,,,,,,,,,,,,,,,,,,,,,,,,,,,,,,,,,,,,,,,,,,,,,,,,,,,,,,,,,,,,,,,,,,,,,,,,,,,,0,5615,7320,7776,5615,1683,5399,0,2595,998,1270,1340,1278,1764,4187,2471,2822,1083,6548,719,956,4469,4346,274,1941,2889,649,1389,1204,2021,430,765,2686,743,559,1112,159,6014,5615,0,5615,7320,7776,5615
ACSSF,2012m1,co,000,0012,0000020,,,,,,,,,,,,,,,,,,,,,,,,,,,,,,,,,,,,,,,,,,,,,,,,,,,,,,,,,,,,,,,,,,,,,,,,,,,,,,,,,,,,,,,,,,,,,,,,,,,,,,,,,,,,,,0,4774,5860,5805,4774,785,4661,0,2465,671,1031,1184,2357,2025,4193,3056,2139,602,5757,810,480,4783,2561,383,1703,1856,457,1460,1689,1642,283,789,1851,607,368,1174,518,3696,4774,0,4774,5860,5805,4774
ACSSF,2012m1,co,000,0012,0000021,,,,,,,,,,,,,,,,,,,,,,,,,,,,,,,,,,,,,,,,,,,,,,,,,,,,,,,,,,,,,,,,,,,,,,,,,,,,,,,,,,,,,,,,,,,,,,,,,,,,,,,,,,,,,,0,3857,4503,4518,3857,439,3814,0,2164,348,243,265,1069,1485,3228,638,1862,663,3987,125,1067,3563,1832,1114,1742,2121,120,277,3242,1287,337,119,1111,183,255,930,767,3266,3857,0,3857,4503,4518,3857
ACSSF,2012m1,co,000,0012,0000022,,,,,,,,,,,,,,,,,,,,,,,,,,,,,,,,,,,,,,,,,,,,,,,,,,,,,,,,,,,,,,,,,,,,,,,,,,,,,,,,,,,,,,,,,,,,,,,,,,,,,,,,,,,,,,0,2802,3701,3461,2802,632,2746,0,1698,198,278,324,296,494,1923,246,914,245,3164,313,588,2376,2047,190,874,699,47,391,503,848,178,242,642,133,134,380,189,2628,2802,0,2802,3701,3461,2802
ACSSF,2012m1,co,000,0012,0000023,,,,,,,,,,,,,,,,,,,,,,,,,,,,,,,,,,,,,,,,,,,,,,,,,,,,,,,,,,,,,,,,,,,,,,,,,,,,,,,,,,,,,,,,,,,,,,,,,,,,,,,,,,,,,,0,6192,6123,4226,6192,1363,6094,0,2100,160,401,618,564,767,2497,1009,1311,692,4245,458,290,3417,1661,227,1147,1034,244,741,646,1091,170,599,1235,249,171,446,189,5109,6192,0,6192,6123,4226,6192
ACSSF,2012m1,co,000,0012,0000024,,,,,,,,,,,,,,,,,,,,,,,,,,,,,,,,,,,,,,,,,,,,,,,,,,,,,,,,,,,,,,,,,,,,,,,,,,,,,,,,,,,,,,,,,,,,,,,,,,,,,,,,,,,,,,1194,3181,3289,3170,2993,1168,2758,1194,1148,307,389,583,652,1263,2029,634,729,610,3215,436,469,2332,1544,167,1152,1591,315,639,626,1237,189,44,1002,271,442,428,189,3391,2993,1194,3181,3289,3170,2993
ACSSF,2012m1,co,000,0012,0000025,,,,,,,,,,,,,,,,,,,,,,,,,,,,,,,,,,,,,,,,,,,,,,,,,,,,,,,,,,,,,,,,,,,,,,,,,,,,,,,,,,,,,,,,,,,,,,,,,,,,,,,,,,,,,,95,4011,6384,6266,4017,708,3941,95,3582,1638,721,498,559,1073,2756,1329,1654,472,4386,552,248,3552,1967,489,1681,1254,470,1789,849,1378,254,3545,1288,322,1360,742,207,6511,4017,95,4011,6384,6266,4017
ACSSF,2012m1,co,000,0012,0000026,,,,,,,,,,,,,,,,,,,,,,,,,,,,,,,,,,,,,,,,,,,,,,,,,,,,,,,,,,,,,,,,,,,,,,,,,,,,,,,,,,,,,,,,,,,,,,,,,,,,,,,,,,,,,,31,1648,3222,2862,1650,504,1525,31,2248,339,839,416,504,601,1852,1078,1000,287,2635,393,298,1650,1499,203,790,1378,376,787,516,1039,165,680,784,453,251,533,389,3897,1650,31,1648,3222,2862,1650
ACSSF,2012m1,co,000,0012,0000027,,,,,,,,,,,,,,,,,,,,,,,,,,,,,,,,,,,,,,,,,,,,,,,,,,,,,,,,,,,,,,,,,,,,,,,,,,,,,,,,,,,,,,,,,,,,,,,,,,,,,,,,,,,,,,49,2557,3765,3562,2554,745,2453,49,1240,433,771,328,493,1291,2089,1853,893,247,2849,672,323,2537,1691,176,1095,1215,304,629,473,706,183,400,581,1239,358,466,127,3418,2554,49,2557,3765,3562,2554
ACSSF,2012m1,co,000,0012,0000028,,,,,,,,,,,,,,,,,,,,,,,,,,,,,,,,,,,,,,,,,,,,,,,,,,,,,,,,,,,,,,,,,,,,,,,,,,,,,,,,,,,,,,,,,,,,,,,,,,,,,,,,,,,,,,59,5222,7591,7202,5225,1381,5015,59,3246,2256,597,760,1004,1748,4574,2920,2738,528,6668,568,1524,5388,3968,479,1606,2070,757,1860,1707,2826,1576,1047,1525,637,1069,1105,2340,6909,5225,59,5222,7591,7202,5225
ACSSF,2012m1,co,000,0012,0000029,0,189,189,189,3080,638,235,58,98,273,90,189,349,235,294,265,189,640,586,552,424,741,1324,198,414,1098,189,291,501,189,1125,344,1308,2045,968,3613,189,2158,661,2428,1160,5258,182,1037,189,540,266,1378,4536,344,2977,350,990,158,189,189,189,682,1922,235,2345,628,257,1940,1202,1319,3021,414,344,694,187,189,4064,189,1910,253,189,189,348,199,189,1841,280,186,189,189,3352,72,2646,782,1425,620,1110,904,54,189,151,189,189,189,193,763,320,189,160,189,433,6914,5504,0,5504,7791,7213,5504,1625,4952,0,3080,638,1324,1125,1308,2045,3613,2158,2428,1160,5258,1037,540,4536,2977,990,1922,2345,628,1940,1319,3021,694,4064,2646,782,620,1110,904,7349,5504,0,5504,7791,7213,5504
ACSSF,2012m1,co,000,0012,0000030,,,,,,,,,,,,,,,,,,,,,,,,,,,,,,,,,,,,,,,,,,,,,,,,,,,,,,,,,,,,,,,,,,,,,,,,,,,,,,,,,,,,,,,,,,,,,,,,,,,,,,,,,,,,,,73,3460,4527,4108,3458,414,3445,73,1377,610,921,667,779,1408,2343,2633,1258,497,3863,548,450,3833,1799,315,1174,1347,242,882,748,1023,241,523,1482,350,237,571,121,3246,3458,73,3460,4527,4108,3458
ACSSF,2012m1,co,000,0012,0000031,,,,,,,,,,,,,,,,,,,,,,,,,,,,,,,,,,,,,,,,,,,,,,,,,,,,,,,,,,,,,,,,,,,,,,,,,,,,,,,,,,,,,,,,,,,,,,,,,,,,,,,,,,,,,,35,3858,3561,1942,3860,629,3794,35,979,145,285,210,338,461,1173,578,504,165,2126,214,121,1498,1033,189,790,305,204,518,408,556,82,599,582,161,141,342,189,4351,3860,35,3858,3561,1942,3860
ACSSF,2012m1,co,000,0012,0000032,,,,,,,,,,,,,,,,,,,,,,,,,,,,,,,,,,,,,,,,,,,,,,,,,,,,,,,,,,,,,,,,,,,,,,,,,,,,,,,,,,,,,,,,,,,,,,,,,,,,,,,,,,,,,,4745,4883,4288,3663,2188,1089,2240,4745,1538,368,390,269,1331,1037,2431,909,854,459,3385,355,80,2943,1988,358,762,1285,454,714,593,1078,66,332,1193,362,35,871,189,3351,2188,4745,4883,4288,3663,2188
ACSSF,2012m1,co,000,0012,0000033,,,,,,,,,,,,,,,,,,,,,,,,,,,,,,,,,,,,,,,,,,,,,,,,,,,,,,,,,,,,,,,,,,,,,,,,,,,,,,,,,,,,,,,,,,,,,,,,,,,,,,,,,,,,,,38,2827,4145,3258,2823,626,2814,38,1289,312,725,392,731,608,2582,908,1799,232,3036,276,239,2618,1978,171,828,811,370,565,577,942,301,418,1445,114,227,451,159,4361,2823,38,2827,4145,3258,2823
ACSSF,2012m1,co,000,0012,0000034,,,,,,,,,,,,,,,,,,,,,,,,,,,,,,,,,,,,,,,,,,,,,,,,,,,,,,,,,,,,,,,,,,,,,,,,,,,,,,,,,,,,,,,,,,,,,,,,,,,,,,,,,,,,,,45,4461,4358,3018,4465,441,4470,45,2141,110,574,176,525,514,1563,849,694,486,2139,239,570,1518,1343,115,894,695,189,497,400,892,105,948,739,394,234,367,531,4176,4465,45,4461,4358,3018,4465
ACSSF,2012m1,co,000,0012,0000035,,,,,,,,,,,,,,,,,,,,,,,,,,,,,,,,,,,,,,,,,,,,,,,,,,,,,,,,,,,,,,,,,,,,,,,,,,,,,,,,,,,,,,,,,,,,,,,,,,,,,,,,,,,,,,34,3128,3357,3589,3123,468,3124,34,1322,130,265,744,2258,534,2690,1174,1385,311,3109,60,198,1987,1047,162,784,885,409,1240,1179,716,189,591,893,257,189,506,189,2661,3123,34,3128,3357,3589,3123
ACSSF,2012m1,co,000,0012,0000036,,,,,,,,,,,,,,,,,,,,,,,,,,,,,,,,,,,,,,,,,,,,,,,,,,,,,,,,,,,,,,,,,,,,,,,,,,,,,,,,,,,,,,,,,,,,,,,,,,,,,,,,,,,,,,26,2040,3351,3077,2039,497,1962,26,1226,198,125,183,204,426,1461,235,761,237,2215,170,581,1814,1205,155,715,449,47,307,411,756,131,195,548,112,189,303,189,2403,2039,26,2040,3351,3077,2039
ACSSF,2012m1,co,000,0012,0000037,,,,,,,,,,,,,,,,,,,,,,,,,,,,,,,,,,,,,,,,,,,,,,,,,,,,,,,,,,,,,,,,,,,,,,,,,,,,,,,,,,,,,,,,,,,,,,,,,,,,,,,,,,,,,,54,2100,4398,4404,2100,627,2016,54,4242,826,632,535,291,1103,2267,1200,765,375,2863,166,66,2908,3112,127,1457,838,189,924,488,1352,120,189,845,783,109,604,84,4119,2100,54,2100,4398,4404,2100
ACSSF,2012m1,co,000,0012,0000038,,,,,,,,,,,,,,,,,,,,,,,,,,,,,,,,,,,,,,,,,,,,,,,,,,,,,,,,,,,,,,,,,,,,,,,,,,,,,,,,,,,,,,,,,,,,,,,,,,,,,,,,,,,,,,58,2332,3118,3468,2328,526,2283,58,1285,611,500,811,486,1018,2268,858,919,349,3041,265,427,2661,1281,82,967,938,363,616,1142,906,187,176,711,320,263,517,334,3596,2328,58,2332,3118,3468,2328
ACSSF,2012m1,co,000,0012,0000039,,,,,,,,,,,,,,,,,,,,,,,,,,,,,,,,,,,,,,,,,,,,,,,,,,,,,,,,,,,,,,,,,,,,,,,,,,,,,,,,,,,,,,,,,,,,,,,,,,,,,,,,,,,,,,31,1648,3222,2862,1650,504,1525,31,2248,339,839,416,504,601,1852,1078,1000,287,2635,393,298,1650,1499,203,790,1378,376,787,516,1039,165,680,784,453,251,533,389,3897,1650,31,1648,3222,2862,1650
ACSSF,2012m1,co,000,0012,0000040,,,,,,,,,,,,,,,,,,,,,,,,,,,,,,,,,,,,,,,,,,,,,,,,,,,,,,,,,,,,,,,,,,,,,,,,,,,,,,,,,,,,,,,,,,,,,,,,,,,,,,,,,,,,,,59,5222,7591,7202,5225,1381,5015,59,3246,2256,597,760,1004,1748,4574,2920,2738,528,6668,568,1524,5388,3968,479,1606,2070,757,1860,1707,2826,1576,1047,1525,637,1069,1105,2340,6909,5225,59,5222,7591,7202,5225
ACSSF,2012m1,co,000,0012,0000041,,,,,,,,,,,,,,,,,,,,,,,,,,,,,,,,,,,,,,,,,,,,,,,,,,,,,,,,,,,,,,,,,,,,,,,,,,,,,,,,,,,,,,,,,,,,,,,,,,,,,,,,,,,,,,95,4011,6384,6266,4017,708,3941,95,3582,1638,721,498,559,1073,2756,1329,1654,472,4386,552,248,3552,1967,489,1681,1254,470,1789,849,1378,254,3545,1288,322,1360,742,207,6511,4017,95,4011,6384,6266,4017
ACSSF,2012m1,co,000,0012,0000042,0,189,189,189,3080,638,235,58,98,273,90,189,349,235,294,265,189,640,586,552,424,741,1324,198,414,1098,189,291,501,189,1125,344,1308,2045,968,3613,189,2158,661,2428,1160,5258,182,1037,189,540,266,1378,4536,344,2977,350,990,158,189,189,189,682,1922,235,2345,628,257,1940,1202,1319,3021,414,344,694,187,189,4064,189,1910,253,189,189,348,199,189,1841,280,186,189,189,3352,72,2646,782,1425,620,1110,904,54,189,151,189,189,189,193,763,320,189,160,189,433,6914,5504,0,5504,7791,7213,5504,1625,4952,0,3080,638,1324,1125,1308,2045,3613,2158,2428,1160,5258,1037,540,4536,2977,990,1922,2345,628,1940,1319,3021,694,4064,2646,782,620,1110,904,7349,5504,0,5504,7791,7213,5504
ACSSF,2012m1,co,000,0012,0000043,,,,,,,,,,,,,,,,,,,,,,,,,,,,,,,,,,,,,,,,,,,,,,,,,,,,,,,,,,,,,,,,,,,,,,,,,,,,,,,,,,,,,,,,,,,,,,,,,,,,,,,,,,,,,,73,3460,4527,4108,3458,414,3445,73,1377,610,921,667,779,1408,2343,2633,1258,497,3863,548,450,3833,1799,315,1174,1347,242,882,748,1023,241,523,1482,350,237,571,121,3246,3458,73,3460,4527,4108,3458
ACSSF,2012m1,co,000,0012,0000044,,,,,,,,,,,,,,,,,,,,,,,,,,,,,,,,,,,,,,,,,,,,,,,,,,,,,,,,,,,,,,,,,,,,,,,,,,,,,,,,,,,,,,,,,,,,,,,,,,,,,,,,,,,,,,34,3128,3357,3589,3123,468,3124,34,1322,130,265,744,2258,534,2690,1174,1385,311,3109,60,198,1987,1047,162,784,885,409,1240,1179,716,189,591,893,257,189,506,189,2661,3123,34,3128,3357,3589,3123
ACSSF,2012m1,co,000,0012,0000045,,,,,,,,,,,,,,,,,,,,,,,,,,,,,,,,,,,,,,,,,,,,,,,,,,,,,,,,,,,,,,,,,,,,,,,,,,,,,,,,,,,,,,,,,,,,,,,,,,,,,,,,,,,,,,35,3858,3561,1942,3860,629,3794,35,979,145,285,210,338,461,1173,578,504,165,2126,214,121,1498,1033,189,790,305,204,518,408,556,82,599,582,161,141,342,189,4351,3860,35,3858,3561,1942,3860
ACSSF,2012m1,co,000,0012,0000046,,,,,,,,,,,,,,,,,,,,,,,,,,,,,,,,,,,,,,,,,,,,,,,,,,,,,,,,,,,,,,,,,,,,,,,,,,,,,,,,,,,,,,,,,,,,,,,,,,,,,,,,,,,,,,26,2040,3351,3077,2039,497,1962,26,1226,198,125,183,204,426,1461,235,761,237,2215,170,581,1814,1205,155,715,449,47,307,411,756,131,195,548,112,189,303,189,2403,2039,26,2040,3351,3077,2039
ACSSF,2012m1,co,000,0012,0000047,5487,189,55,189,3295,754,235,58,98,273,120,65,561,280,303,277,189,643,871,556,484,741,1431,202,414,1132,189,291,578,189,1360,347,1471,2363,995,4229,189,2927,717,2612,1293,6394,182,1143,189,869,266,1397,5130,344,3596,350,995,158,189,189,189,729,2180,245,2651,720,493,2031,1419,1491,3089,561,360,699,286,189,4150,189,1910,253,189,189,348,201,189,1841,280,186,189,189,3434,72,2577,814,1425,626,1385,928,100,189,151,189,189,189,193,772,320,189,160,189,503,8060,5808,5487,8238,9208,8769,5808,1716,5187,5487,3295,754,1431,1360,1471,2363,4229,2927,2612,1293,6394,1143,869,5130,3596,995,2180,2651,720,2031,1491,3089,699,4150,2577,814,626,1385,928,8865,5808,5487,8238,9208,8769,5808
ACSSF,2012m1,co,000,0012,0000048,5379,189,189,189,4486,807,356,189,189,369,189,116,288,162,523,497,189,363,736,493,1089,303,1478,149,567,916,189,308,397,189,1833,610,2194,2641,983,6352,117,4046,992,3809,1020,7723,97,1118,189,958,241,542,6072,603,4501,310,730,96,189,57,246,1257,2435,230,3481,638,803,1797,995,2296,2629,535,463,650,232,189,1220,189,97,157,189,189,189,18,189,189,245,147,189,189,1177,189,2962,869,393,566,1819,637,199,215,215,52,189,447,136,363,189,189,189,189,294,7309,6852,5379,7054,9500,8313,6852,1990,6684,5379,4486,807,1478,1833,2194,2641,6352,4046,3809,1020,7723,1118,958,6072,4501,730,2435,3481,638,1797,2296,2629,650,1220,2962,869,566,1819,637,6786,6852,5379,7054,9500,8313,6852
ACSSF,2012m1,co,000,0012,0000049,,,,,,,,,,,,,,,,,,,,,,,,,,,,,,,,,,,,,,,,,,,,,,,,,,,,,,,,,,,,,,,,,,,,,,,,,,,,,,,,,,,,,,,,,,,,,,,,,,,,,,,,,,,,,,3579,7123,9308,8912,6368,1516,6147,3579,4661,1197,826,1502,1528,2077,5899,1946,2728,1144,8097,910,1592,5988,3844,1411,2463,2742,440,1224,3475,2741,427,594,2174,906,506,1996,817,6443,6368,3579,7123,9308,8912,6368
ACSSF,2012m1,co,000,0012,0000050,,,,,,,,,,,,,,,,,,,,,,,,,,,,,,,,,,,,,,,,,,,,,,,,,,,,,,,,,,,,,,,,,,,,,,,,,,,,,,,,,,,,,,,,,,,,,,,,,,,,,,,,,,,,,,5898,10446,10343,7279,9528,1893,9475,5898,4133,1458,1666,979,1079,1890,4520,1962,2546,1221,7565,842,1258,5625,3220,349,3227,2389,531,1531,1406,2330,543,1301,2646,791,761,1155,573,8946,9528,5898,10446,10343,7279,9528
ACSSF,2012m1,co,000,0012,0000051,,,,,,,,,,,,,,,,,,,,,,,,,,,,,,,,,,,,,,,,,,,,,,,,,,,,,,,,,,,,,,,,,,,,,,,,,,,,,,,,,,,,,,,,,,,,,,,,,,,,,,,,,,,,,,1509,7838,10407,8073,7850,2179,7186,1509,4631,2206,1060,925,1692,2178,6624,4409,3337,1090,7713,979,1948,7410,4279,679,2708,2710,951,2505,2288,3712,1514,1223,2191,1113,1252,1829,2319,7655,7850,1509,7838,10407,8073,7850
ACSSF,2012m1,co,000,0012,0000052,6342,2047,236,189,5444,1713,227,234,189,455,352,403,163,290,1519,851,68,316,633,115,483,424,1336,107,228,886,189,202,557,122,850,346,1654,2302,852,4782,366,2911,763,2205,824,6579,113,1407,189,709,61,302,5765,249,3374,416,631,79,75,189,254,761,2515,174,2611,701,842,3144,1321,1335,2624,304,743,351,196,189,4572,189,2531,961,354,189,2006,189,189,1841,544,525,371,189,2682,176,2266,1437,358,1436,1401,353,189,189,189,189,80,189,283,85,189,81,81,189,366,9675,5673,6342,8166,9707,8719,5673,1829,5383,6342,5444,1713,1336,850,1654,2302,4782,2911,2205,824,6579,1407,709,5765,3374,631,2515,2611,701,3144,1335,2624,351,4572,2266,1437,1436,1401,353,10088,5673,6342,8166,9707,8719,5673
ACSSF,2012m1,co,000,0012,0000053,,,,,,,,,,,,,,,,,,,,,,,,,,,,,,,,,,,,,,,,,,,,,,,,,,,,,,,,,,,,,,,,,,,,,,,,,,,,,,,,,,,,,,,,,,,,,,,,,,,,,,,,,,,,,,5008,7448,8839,8749,6559,1912,6063,5008,5461,1567,1291,1341,1291,2151,5197,2656,2999,984,6895,742,859,5989,4992,309,2370,3093,723,1238,1685,2560,510,757,2334,887,565,1483,419,8196,6559,5008,7448,8839,8749,6559
ACSSF,2012m1,co,000,0012,0000054,,,,,,,,,,,,,,,,,,,,,,,,,,,,,,,,,,,,,,,,,,,,,,,,,,,,,,,,,,,,,,,,,,,,,,,,,,,,,,,,,,,,,,,,,,,,,,,,,,,,,,,,,,,,,,2101,2635,2893,2172,2115,381,2080,2101,1125,33,461,336,598,603,1377,402,758,198,2512,65,649,1757,804,80,428,452,65,539,568,518,87,599,811,61,28,211,189,2376,2115,2101,2635,2893,2172,2115
ACSSF,2012m1,co,000,0012,0000055,,,,,,,,,,,,,,,,,,,,,,,,,,,,,,,,,,,,,,,,,,,,,,,,,,,,,,,,,,,,,,,,,,,,,,,,,,,,,,,,,,,,,,,,,,,,,,,,,,,,,,,,,,,,,,4506,5751,4628,5091,3955,527,3925,4506,1861,130,457,1069,2307,1095,3088,1904,1625,341,4588,275,209,3455,1579,162,1196,1399,426,1424,1445,908,155,717,1149,451,285,607,501,3149,3955,4506,5751,4628,5091,3955
ACSSF,2012m1,co,000,0012,0000056,,,,,,,,,,,,,,,,,,,,,,,,,,,,,,,,,,,,,,,,,,,,,,,,,,,,,,,,,,,,,,,,,,,,,,,,,,,,,,,,,,,,,,,,,,,,,,,,,,,,,,,,,,,,,,4506,5955,5793,4191,3312,656,3241,4506,1564,629,947,653,751,1869,2823,2213,1340,544,4291,755,478,3250,2180,382,1466,1445,242,616,977,1306,241,383,1330,398,250,970,121,3587,3312,4506,5955,5793,4191,3312
ACSSF,2012m1,co,000,0012,0000057,,,,,,,,,,,,,,,,,,,,,,,,,,,,,,,,,,,,,,,,,,,,,,,,,,,,,,,,,,,,,,,,,,,,,,,,,,,,,,,,,,,,,,,,,,,,,,,,,,,,,,,,,,,,,,2060,3118,3074,3113,2573,921,2469,2060,2169,114,317,387,227,724,2296,666,688,947,2518,241,157,1819,1509,152,821,585,183,550,1231,992,88,61,988,358,83,388,63,2276,2573,2060,3118,3074,3113,2573
ACSSF,2012m1,co,000,0012,0000058,,,,,,,,,,,,,,,,,,,,,,,,,,,,,,,,,,,,,,,,,,,,,,,,,,,,,,,,,,,,,,,,,,,,,,,,,,,,,,,,,,,,,,,,,,,,,,,,,,,,,,,,,,,,,,4690,6355,5892,3417,6133,811,6040,4690,1478,150,348,316,433,548,1754,744,1038,714,3709,388,241,2549,1428,208,1048,941,218,632,513,903,156,599,987,221,141,414,189,5523,6133,4690,6355,5892,3417,6133
ACSSF,2012m1,co,000,0012,0000059,,,,,,,,,,,,,,,,,,,,,,,,,,,,,,,,,,,,,,,,,,,,,,,,,,,,,,,,,,,,,,,,,,,,,,,,,,,,,,,,,,,,,,,,,,,,,,,,,,,,,,,,,,,,,,2784,4015,3805,3926,3180,999,3184,2784,1171,335,341,777,770,890,1953,2106,1940,191,3183,550,1034,2435,2052,668,1268,944,102,462,1176,1239,215,474,900,508,410,1266,189,2659,3180,2784,4015,3805,3926,3180
ACSSF,2012m1,co,000,0012,0000060,,,,,,,,,,,,,,,,,,,,,,,,,,,,,,,,,,,,,,,,,,,,,,,,,,,,,,,,,,,,,,,,,,,,,,,,,,,,,,,,,,,,,,,,,,,,,,,,,,,,,,,,,,,,,,3145,4144,4206,3382,3320,546,3315,3145,1135,929,328,332,533,646,2005,571,832,559,2781,217,245,2669,1720,162,905,656,546,63,623,1162,103,189,649,274,118,827,189,3248,3320,3145,4144,4206,3382,3320
ACSSF,2012m1,co,000,0012,0000061,,,,,,,,,,,,,,,,,,,,,,,,,,,,,,,,,,,,,,,,,,,,,,,,,,,,,,,,,,,,,,,,,,,,,,,,,,,,,,,,,,,,,,,,,,,,,,,,,,,,,,,,,,,,,,1963,3051,3728,3397,2804,656,2732,1963,1641,198,269,324,288,457,1878,246,912,245,2959,313,585,2280,1791,190,870,699,47,391,512,801,178,242,631,119,134,378,189,2570,2804,1963,3051,3728,3397,2804
ACSSF,2012m1,co,000,0012,0000062,,,,,,,,,,,,,,,,,,,,,,,,,,,,,,,,,,,,,,,,,,,,,,,,,,,,,,,,,,,,,,,,,,,,,,,,,,,,,,,,,,,,,,,,,,,,,,,,,,,,,,,,,,,,,,3334,3527,3154,2894,1989,557,2067,3334,1135,101,176,189,621,696,1270,346,528,163,2056,550,83,1745,869,189,408,1109,53,146,500,554,189,242,526,76,28,319,189,3019,1989,3334,3527,3154,2894,1989
ACSSF,2012m1,co,000,0012,0000063,,,,,,,,,,,,,,,,,,,,,,,,,,,,,,,,,,,,,,,,,,,,,,,,,,,,,,,,,,,,,,,,,,,,,,,,,,,,,,,,,,,,,,,,,,,,,,,,,,,,,,,,,,,,,,4787,4576,4406,3657,1886,366,1895,4787,2081,459,601,936,331,840,2416,1266,1160,466,3143,655,429,2764,1938,155,902,2088,261,776,1024,998,160,118,1386,536,166,612,189,2760,1886,4787,4576,4406,3657,1886
ACSSF,2012m1,co,000,0012,0000064,,,,,,,,,,,,,,,,,,,,,,,,,,,,,,,,,,,,,,,,,,,,,,,,,,,,,,,,,,,,,,,,,,,,,,,,,,,,,,,,,,,,,,,,,,,,,,,,,,,,,,,,,,,,,,4808,6894,5870,4371,5223,1022,5329,4808,2535,115,578,480,728,856,3347,1121,1183,615,2904,435,674,2534,1948,143,1046,1209,106,584,647,1018,410,950,1246,407,286,524,531,5219,5223,4808,6894,5870,4371,5223
ACSSF,2012m1,co,000,0012,0000065,,,,,,,,,,,,,,,,,,,,,,,,,,,,,,,,,,,,,,,,,,,,,,,,,,,,,,,,,,,,,,,,,,,,,,,,,,,,,,,,,,,,,,,,,,,,,,,,,,,,,,,,,,,,,,2871,3378,3777,3588,1701,517,1592,2871,2141,339,892,461,925,768,2045,1105,1039,534,3160,399,310,2175,1926,281,838,1671,376,1022,527,1211,177,693,808,428,251,671,389,3607,1701,2871,3378,3777,3588,1701
ACSSF,2012m1,co,000,0012,0000066,,,,,,,,,,,,,,,,,,,,,,,,,,,,,,,,,,,,,,,,,,,,,,,,,,,,,,,,,,,,,,,,,,,,,,,,,,,,,,,,,,,,,,,,,,,,,,,,,,,,,,,,,,,,,,4338,4543,4869,3778,2444,909,2482,4338,1861,305,720,1037,651,1033,2352,1509,1455,670,3082,402,422,2997,1997,345,1185,1301,113,652,634,1017,403,74,1119,321,361,753,102,3811,2444,4338,4543,4869,3778,2444
ACSSF,2012m1,co,000,0012,0000067,,,,,,,,,,,,,,,,,,,,,,,,,,,,,,,,,,,,,,,,,,,,,,,,,,,,,,,,,,,,,,,,,,,,,,,,,,,,,,,,,,,,,,,,,,,,,,,,,,,,,,,,,,,,,,5208,4772,5061,4089,2434,453,2398,5208,2248,603,510,574,416,910,2543,1156,848,437,2940,319,425,2991,1544,104,1001,962,281,687,1101,879,273,206,704,399,227,1019,334,4308,2434,5208,4772,5061,4089,2434
ACSSF,2012m1,co,000,0012,0000068,,,,,,,,,,,,,,,,,,,,,,,,,,,,,,,,,,,,,,,,,,,,,,,,,,,,,,,,,,,,,,,,,,,,,,,,,,,,,,,,,,,,,,,,,,,,,,,,,,,,,,,,,,,,,,5977,6121,6037,4930,1951,683,1855,5977,4528,865,643,556,363,1208,2337,1113,919,387,3180,166,189,3060,3023,112,1440,801,149,1010,518,1430,47,427,901,783,109,582,84,6199,1951,5977,6121,6037,4930,1951
ACSSF,2012m1,co,000,0012,0000069,,,,,,,,,,,,,,,,,,,,,,,,,,,,,,,,,,,,,,,,,,,,,,,,,,,,,,,,,,,,,,,,,,,,,,,,,,,,,,,,,,,,,,,,,,,,,,,,,,,,,,,,,,,,,,5058,5139,5968,3741,2715,955,2693,5058,3858,487,95,268,515,671,1655,799,1891,146,2651,712,70,1924,1433,189,959,864,261,197,465,621,112,441,694,66,48,454,192,6418,2715,5058,5139,5968,3741,2715
ACSSF,2012m1,co,000,0012,0000070,,,,,,,,,,,,,,,,,,,,,,,,,,,,,,,,,,,,,,,,,,,,,,,,,,,,,,,,,,,,,,,,,,,,,,,,,,,,,,,,,,,,,,,,,,,,,,,,,,,,,,,,,,,,,,5156,5332,4412,4061,2156,642,2101,5156,1155,348,943,392,370,677,1452,954,1180,330,2657,579,208,2110,1202,16,835,961,223,886,808,640,103,2019,703,194,310,534,153,4559,2156,5156,5332,4412,4061,2156
ACSSF,2012m1,co,000,0012,0000071,,,,,,,,,,,,,,,,,,,,,,,,,,,,,,,,,,,,,,,,,,,,,,,,,,,,,,,,,,,,,,,,,,,,,,,,,,,,,,,,,,,,,,,,,,,,,,,,,,,,,,,,,,,,,,6211,6368,5767,4103,2897,521,2953,6211,1709,1466,275,100,336,659,1486,768,1016,382,2820,142,138,2644,1165,42,848,933,241,837,454,1088,190,2594,840,135,1349,430,57,6521,2897,6211,6368,5767,4103,2897
ACSSF,2012m1,co,000,0012,0000072,,,,,,,,,,,,,,,,,,,,,,,,,,,,,,,,,,,,,,,,,,,,,,,,,,,,,,,,,,,,,,,,,,,,,,,,,,,,,,,,,,,,,,,,,,,,,,,,,,,,,,,,,,,,,,5779,5689,5043,2909,2101,237,2060,5779,1480,560,246,282,215,499,1202,752,716,185,1873,379,130,1581,1052,291,603,486,403,496,324,412,153,2164,488,268,121,303,117,5692,2101,5779,5689,5043,2909,2101
ACSSF,2012m1,co,000,0012,0000073,,,,,,,,,,,,,,,,,,,,,,,,,,,,,,,,,,,,,,,,,,,,,,,,,,,,,,,,,,,,,,,,,,,,,,,,,,,,,,,,,,,,,,,,,,,,,,,,,,,,,,,,,,,,,,4711,4694,4419,3173,2485,907,2290,4711,1485,395,377,426,452,1241,2285,1833,697,207,2786,843,492,2661,1764,173,1082,1277,219,2341,423,865,156,414,1302,1242,293,711,94,3643,2485,4711,4694,4419,3173,2485
ACSSF,2012m1,co,000,0012,0000074,,,,,,,,,,,,,,,,,,,,,,,,,,,,,,,,,,,,,,,,,,,,,,,,,,,,,,,,,,,,,,,,,,,,,,,,,,,,,,,,,,,,,,,,,,,,,,,,,,,,,,,,,,,,,,10481,9940,9420,3976,2373,1064,2201,10481,1220,161,474,471,262,776,1537,1192,1392,136,2498,374,256,2501,1346,60,523,1042,189,348,552,1638,117,2186,565,474,269,355,791,8648,2373,10481,9940,9420,3976,2373
ACSSF,2012m1,co,000,0012,0000075,,,,,,,,,,,,,,,,,,,,,,,,,,,,,,,,,,,,,,,,,,,,,,,,,,,,,,,,,,,,,,,,,,,,,,,,,,,,,,,,,,,,,,,,,,,,,,,,,,,,,,,,,,,,,,7896,7495,6668,3491,2505,620,2448,7896,1702,336,359,453,711,609,1192,496,1575,443,2015,372,169,1732,1771,472,777,1077,252,408,378,1167,107,2423,689,408,239,235,97,5674,2505,7896,7495,6668,3491,2505
ACSSF,2012m1,co,000,0012,0000076,,,,,,,,,,,,,,,,,,,,,,,,,,,,,,,,,,,,,,,,,,,,,,,,,,,,,,,,,,,,,,,,,,,,,,,,,,,,,,,,,,,,,,,,,,,,,,,,,,,,,,,,,,,,,,5822,5740,4130,4111,2224,655,2184,5822,1051,299,594,657,857,1130,2215,1317,988,844,3279,479,274,2470,1481,859,1156,1062,204,738,459,1808,672,390,1571,262,357,531,155,3580,2224,5822,5740,4130,4111,2224
ACSSF,2012m1,co,000,0012,0000077,,,,,,,,,,,,,,,,,,,,,,,,,,,,,,,,,,,,,,,,,,,,,,,,,,,,,,,,,,,,,,,,,,,,,,,,,,,,,,,,,,,,,,,,,,,,,,,,,,,,,,,,,,,,,,8256,7538,6942,4172,3525,580,3363,8256,1305,977,1092,617,395,1003,2313,1211,1341,607,2780,868,464,3425,1788,191,1053,1694,609,2026,851,1054,133,3991,1108,250,406,661,391,5911,3525,8256,7538,6942,4172,3525
ACSSF,2012m1,co,000,0012,0000078,,,,,,,,,,,,,,,,,,,,,,,,,,,,,,,,,,,,,,,,,,,,,,,,,,,,,,,,,,,,,,,,,,,,,,,,,,,,,,,,,,,,,,,,,,,,,,,,,,,,,,,,,,,,,,8815,8690,8035,2991,1769,505,1668,8815,1126,103,52,215,398,945,1588,559,674,391,2270,173,223,1038,949,189,968,607,189,430,595,628,189,52,1137,448,158,337,129,8363,1769,8815,8690,8035,2991,1769
ACSSF,2012m1,co,000,0012,0000079,,,,,,,,,,,,,,,,,,,,,,,,,,,,,,,,,,,,,,,,,,,,,,,,,,,,,,,,,,,,,,,,,,,,,,,,,,,,,,,,,,,,,,,,,,,,,,,,,,,,,,,,,,,,,,3395,3965,3635,3339,3023,1189,2739,3395,1141,105,242,555,649,1266,1958,577,657,352,2984,416,484,2215,1826,183,1052,1598,315,621,687,1210,41,24,943,299,417,442,189,3575,3023,3395,3965,3635,3339,3023
ACSSF,2012m1,co,000,0012,0000080,,,,,,,,,,,,,,,,,,,,,,,,,,,,,,,,,,,,,,,,,,,,,,,,,,,,,,,,,,,,,,,,,,,,,,,,,,,,,,,,,,,,,,,,,,,,,,,,,,,,,,,,,,,,,,5108,5579,4796,4360,3502,659,3454,5108,1197,211,788,380,319,536,1740,708,1658,522,2962,255,286,2497,2358,156,478,601,424,348,543,734,184,88,1388,235,126,255,189,4316,3502,5108,5579,4796,4360,3502
ACSSF,2012m1,co,000,0012,0000081,,,,,,,,,,,,,,,,,,,,,,,,,,,,,,,,,,,,,,,,,,,,,,,,,,,,,,,,,,,,,,,,,,,,,,,,,,,,,,,,,,,,,,,,,,,,,,,,,,,,,,,,,,,,,,5159,5097,4805,4149,2304,725,2239,5159,1503,866,491,377,734,589,2531,2128,2025,681,3180,224,560,2639,2078,114,1132,916,281,632,487,1073,227,438,1254,318,224,462,159,4684,2304,5159,5097,4805,4149,2304
ACSSF,2012m1,co,000,0012,0000082,,,,,,,,,,,,,,,,,,,,,,,,,,,,,,,,,,,,,,,,,,,,,,,,,,,,,,,,,,,,,,,,,,,,,,,,,,,,,,,,,,,,,,,,,,,,,,,,,,,,,,,,,,,,,,3514,4103,4273,3342,2734,505,2786,3514,1213,398,427,616,633,1034,1496,1026,1118,211,2833,479,371,2336,1418,269,935,1049,85,607,646,595,113,123,1001,206,108,520,93,4388,2734,3514,4103,4273,3342,2734
ACSSF,2012m1,co,000,0012,0000083,,,,,,,,,,,,,,,,,,,,,,,,,,,,,,,,,,,,,,,,,,,,,,,,,,,,,,,,,,,,,,,,,,,,,,,,,,,,,,,,,,,,,,,,,,,,,,,,,,,,,,,,,,,,,,5448,5385,5041,3854,3586,1087,3296,5448,1718,400,392,366,848,935,2425,918,1258,416,3060,481,253,3340,2220,349,1588,1576,472,762,717,954,66,792,1830,463,146,984,164,3613,3586,5448,5385,5041,3854,3586
ACSSF,2012m1,co,000,0012,0000084,,,,,,,,,,,,,,,,,,,,,,,,,,,,,,,,,,,,,,,,,,,,,,,,,,,,,,,,,,,,,,,,,,,,,,,,,,,,,,,,,,,,,,,,,,,,,,,,,,,,,,,,,,,,,,4551,4710,3705,4129,1901,547,1875,4551,1575,1184,1275,482,1351,924,2716,987,1428,354,4152,275,318,3212,1630,207,1103,1490,410,434,418,1326,435,189,887,537,227,708,128,3136,1901,4551,4710,3705,4129,1901
ACSSF,2012m1,co,000,0012,0000085,,,,,,,,,,,,,,,,,,,,,,,,,,,,,,,,,,,,,,,,,,,,,,,,,,,,,,,,,,,,,,,,,,,,,,,,,,,,,,,,,,,,,,,,,,,,,,,,,,,,,,,,,,,,,,4469,4839,3704,4602,3244,1040,3078,4469,1524,662,297,425,360,1401,3265,1051,948,657,3552,479,575,3381,2017,158,1819,1203,269,908,1088,1671,183,219,1636,381,556,648,189,3508,3244,4469,4839,3704,4602,3244
ACSSF,2012m1,co,000,0012,0000086,,,,,,,,,,,,,,,,,,,,,,,,,,,,,,,,,,,,,,,,,,,,,,,,,,,,,,,,,,,,,,,,,,,,,,,,,,,,,,,,,,,,,,,,,,,,,,,,,,,,,,,,,,,,,,6487,6278,5824,3432,3467,730,3200,6487,3000,158,228,473,433,436,1960,645,533,213,3282,353,191,1954,1074,357,1271,672,104,1514,344,943,161,591,974,75,324,318,125,4883,3467,6487,6278,5824,3432,3467
ACSSF,2012m1,co,000,0012,0000087,,,,,,,,,,,,,,,,,,,,,,,,,,,,,,,,,,,,,,,,,,,,,,,,,,,,,,,,,,,,,,,,,,,,,,,,,,,,,,,,,,,,,,,,,,,,,,,,,,,,,,,,,,,,,,2308,3060,2819,3573,2002,739,2052,2308,1688,257,563,1234,543,1099,2122,960,853,602,2877,224,346,3217,942,345,757,575,276,514,623,1570,43,508,617,387,43,978,206,2351,2002,2308,3060,2819,3573,2002
ACSSF,2012m1,co,000,0012,0000088,,,,,,,,,,,,,,,,,,,,,,,,,,,,,,,,,,,,,,,,,,,,,,,,,,,,,,,,,,,,,,,,,,,,,,,,,,,,,,,,,,,,,,,,,,,,,,,,,,,,,,,,,,,,,,2788,3660,4346,4471,3468,388,3378,2788,1888,348,243,265,824,1387,3113,638,1725,546,3634,109,1067,3528,1830,1106,1559,2099,105,240,3009,1247,337,119,965,140,244,931,767,3215,3468,2788,3660,4346,4471,3468
ACSSF,2012m1,co,000,0012,0000089,,,,,,,,,,,,,,,,,,,,,,,,,,,,,,,,,,,,,,,,,,,,,,,,,,,,,,,,,,,,,,,,,,,,,,,,,,,,,,,,,,,,,,,,,,,,,,,,,,,,,,,,,,,,,,3277,3612,3173,3420,3354,518,3271,3277,1723,58,157,332,902,709,2045,401,962,459,3029,193,252,1649,1154,95,954,582,167,955,1441,1086,189,48,883,513,108,702,133,2287,3354,3277,3612,3173,3420,3354
ACSSF,2012m1,co,000,0012,0000090,,,,,,,,,,,,,,,,,,,,,,,,,,,,,,,,,,,,,,,,,,,,,,,,,,,,,,,,,,,,,,,,,,,,,,,,,,,,,,,,,,,,,,,,,,,,,,,,,,,,,,,,,,,,,,5155,5941,5546,4256,3397,1147,3527,5155,2655,629,573,266,522,1150,3266,1227,1157,648,3834,201,523,2705,1163,475,1804,1675,306,166,1056,923,196,616,1546,798,153,493,362,3854,3397,5155,5941,5546,4256,3397
ACSSF,2012m1,co,000,0012,0000091,,,,,,,,,,,,,,,,,,,,,,,,,,,,,,,,,,,,,,,,,,,,,,,,,,,,,,,,,,,,,,,,,,,,,,,,,,,,,,,,,,,,,,,,,,,,,,,,,,,,,,,,,,,,,,7037,6796,4935,4921,2930,777,2801,7037,1478,1637,466,255,571,1163,2154,1447,1297,340,4050,357,660,2987,2463,324,1014,1289,199,1153,1320,1813,1535,252,791,350,1004,606,2232,4998,2930,7037,6796,4935,4921,2930
ACSSF,2012m1,co,000,0012,0000092,,,,,,,,,,,,,,,,,,,,,,,,,,,,,,,,,,,,,,,,,,,,,,,,,,,,,,,,,,,,,,,,,,,,,,,,,,,,,,,,,,,,,,,,,,,,,,,,,,,,,,,,,,,,,,6382,5742,4246,3984,2528,678,2350,6382,1264,899,150,582,754,1117,1828,942,815,208,3534,135,380,2497,1984,300,646,966,386,870,549,875,66,468,886,549,94,657,470,4056,2528,6382,5742,4246,3984,2528
ACSSF,2012m1,co,000,0012,0000093,,,,,,,,,,,,,,,,,,,,,,,,,,,,,,,,,,,,,,,,,,,,,,,,,,,,,,,,,,,,,,,,,,,,,,,,,,,,,,,,,,,,,,,,,,,,,,,,,,,,,,,,,,,,,,7335,6262,3980,5484,3916,624,3893,7335,1697,292,368,337,265,981,2500,1456,1079,497,4070,637,1343,2780,2459,171,969,1164,337,1143,507,1846,189,834,658,257,601,406,321,4565,3916,7335,6262,3980,5484,3916
ACSSF,2012m1,co,000,0012,0000094,,,,,,,,,,,,,,,,,,,,,,,,,,,,,,,,,,,,,,,,,,,,,,,,,,,,,,,,,,,,,,,,,,,,,,,,,,,,,,,,,,,,,,,,,,,,,,,,,,,,,,,,,,,,,,7434,6393,6013,3161,3605,803,3549,7434,1359,64,146,187,525,575,1731,903,923,172,2654,91,157,2213,1410,67,854,504,179,141,529,670,73,148,544,277,124,468,525,5846,3605,7434,6393,6013,3161,3605
ACSSF,2012m1,co,000,0012,0000095,,,,,,,,,,,,,,,,,,,,,,,,,,,,,,,,,,,,,,,,,,,,,,,,,,,,,,,,,,,,,,,,,,,,,,,,,,,,,,,,,,,,,,,,,,,,,,,,,,,,,,,,,,,,,,8079,7588,5562,5786,2308,997,2084,8079,2113,842,607,277,1103,1141,2414,3320,1939,248,4047,496,930,3522,1238,374,822,1463,631,1628,702,1970,328,340,637,309,150,929,438,4920,2308,8079,7588,5562,5786,2308
ACSSF,2012m1,co,000,0012,0000096,,,,,,,,,,,,,,,,,,,,,,,,,,,,,,,,,,,,,,,,,,,,,,,,,,,,,,,,,,,,,,,,,,,,,,,,,,,,,,,,,,,,,,,,,,,,,,,,,,,,,,,,,,,,,,7080,6811,4853,5324,1845,670,1644,7080,1535,842,443,265,854,966,2214,3467,1713,207,3950,394,559,2837,1466,397,601,1176,577,596,892,1297,163,352,807,271,186,468,438,5099,1845,7080,6811,4853,5324,1845
ACSSF,2012m1,co,000,0012,0000097,,,,,,,,,,,,,,,,,,,,,,,,,,,,,,,,,,,,,,,,,,,,,,,,,,,,,,,,,,,,,,,,,,,,,,,,,,,,,,,,,,,,,,,,,,,,,,,,,,,,,,,,,,,,,,6909,6716,6933,5042,3518,351,3570,6909,2180,618,283,174,396,729,1778,973,1068,429,3187,281,192,2939,1409,125,1406,954,421,869,465,1197,199,3183,906,177,1270,502,194,6792,3518,6909,6716,6933,5042,3518
ACSSF,2012m1,co,000,0012,0000098,,,,,,,,,,,,,,,,,,,,,,,,,,,,,,,,,,,,,,,,,,,,,,,,,,,,,,,,,,,,,,,,,,,,,,,,,,,,,,,,,,,,,,,,,,,,,,,,,,,,,,,,,,,,,,3851,3884,4705,4384,2382,755,2234,3851,2754,463,944,1327,1059,1195,3348,1756,1923,682,4064,669,487,2991,2407,393,1374,1942,376,1119,881,1545,478,684,1270,599,405,1171,394,5190,2382,3851,3884,4705,4384,2382
ACSSF,2012m1,co,000,0012,0000099,,,,,,,,,,,,,,,,,,,,,,,,,,,,,,,,,,,,,,,,,,,,,,,,,,,,,,,,,,,,,,,,,,,,,,,,,,,,,,,,,,,,,,,,,,,,,,,,,,,,,,,,,,,,,,3658,3425,3533,3400,1695,416,1643,3658,3458,189,66,267,466,608,1490,775,1839,139,2090,672,221,1722,1302,189,711,863,125,88,237,442,126,296,641,66,189,395,189,4435,1695,3658,3425,3533,3400,1695
ACSSF,2012m1,co,000,0012,0000100,,,,,,,,,,,,,,,,,,,,,,,,,,,,,,,,,,,,,,,,,,,,,,,,,,,,,,,,,,,,,,,,,,,,,,,,,,,,,,,,,,,,,,,,,,,,,,,,,,,,,,,,,,,,,,6795,7050,6700,5791,3566,1109,3520,6795,3082,1734,1081,642,552,915,3033,1692,1632,380,4004,1092,572,3632,2158,470,1257,1552,495,2776,1190,1291,180,3345,1474,361,452,955,259,6671,3566,6795,7050,6700,5791,3566
ACSSF,2012m1,co,000,0012,0000101,,,,,,,,,,,,,,,,,,,,,,,,,,,,,,,,,,,,,,,,,,,,,,,,,,,,,,,,,,,,,,,,,,,,,,,,,,,,,,,,,,,,,,,,,,,,,,,,,,,,,,,,,,,,,,8103,7580,5311,5604,5331,984,5107,8103,2132,951,452,686,812,1576,2535,1774,1872,583,4872,302,447,3503,2821,432,1192,1607,427,1339,697,2300,66,473,1302,569,1041,993,519,5900,5331,8103,7580,5311,5604,5331
ACSSF,2012m1,co,000,0012,0000102,0,189,189,189,3080,638,235,58,98,273,90,189,349,235,294,265,189,640,586,552,424,741,1324,198,414,1098,189,291,501,189,1125,344,1308,2045,968,3613,189,2158,661,2428,1160,5258,182,1037,189,540,266,1378,4536,344,2977,350,990,158,189,189,189,682,1922,235,2345,628,257,1940,1202,1319,3021,414,344,694,187,189,4064,189,1910,253,189,189,348,199,189,1841,280,186,189,189,3352,72,2646,782,1425,620,1110,904,54,189,151,189,189,189,193,763,320,189,160,189,433,6914,5504,0,5504,7791,7213,5504,1625,4952,0,3080,638,1324,1125,1308,2045,3613,2158,2428,1160,5258,1037,540,4536,2977,990,1922,2345,628,1940,1319,3021,694,4064,2646,782,620,1110,904,7349,5504,0,5504,7791,7213,5504
ACSSF,2012m1,co,000,0012,0000103,,,,,,,,,,,,,,,,,,,,,,,,,,,,,,,,,,,,,,,,,,,,,,,,,,,,,,,,,,,,,,,,,,,,,,,,,,,,,,,,,,,,,,,,,,,,,,,,,,,,,,,,,,,,,,917,4361,6083,5713,4250,1609,4152,917,2651,1301,1320,635,1549,1811,3864,1664,2058,768,5905,736,701,4815,3085,403,2669,2440,633,1276,1200,2445,479,398,2477,764,599,1093,213,4859,4250,917,4361,6083,5713,4250
ACSSF,2012m1,co,000,0012,0000104,,,,,,,,,,,,,,,,,,,,,,,,,,,,,,,,,,,,,,,,,,,,,,,,,,,,,,,,,,,,,,,,,,,,,,,,,,,,,,,,,,,,,,,,,,,,,,,,,,,,,,,,,,,,,,6144,5994,3626,5155,3228,512,3196,6144,2523,271,281,221,507,688,2267,1388,1089,403,3671,614,1314,3186,2338,131,1289,1035,263,1149,419,1935,204,832,840,745,499,804,321,4141,3228,6144,5994,3626,5155,3228
ACSSF,2012m1,co,000,0012,0000105,,,,,,,,,,,,,,,,,,,,,,,,,,,,,,,,,,,,,,,,,,,,,,,,,,,,,,,,,,,,,,,,,,,,,,,,,,,,,,,,,,,,,,,,,,,,,,,,,,,,,,,,,,,,,,4451,5905,5909,4353,3314,681,3241,4451,1546,629,937,712,816,1914,2775,2181,1340,544,4497,755,478,3299,2326,382,1432,1445,242,616,1001,1355,241,404,1215,398,243,970,250,3796,3314,4451,5905,5909,4353,3314
ACSSF,2012m1,co,000,0012,0000106,,,,,,,,,,,,,,,,,,,,,,,,,,,,,,,,,,,,,,,,,,,,,,,,,,,,,,,,,,,,,,,,,,,,,,,,,,,,,,,,,,,,,,,,,,,,,,,,,,,,,,,,,,,,,,1144,3890,4512,4488,3888,431,3850,1144,2165,348,243,265,1069,1485,3226,638,1849,665,3969,109,1067,3545,1877,1106,1723,2121,105,277,3245,1286,337,119,1058,182,244,931,767,3349,3888,1144,3890,4512,4488,3888
ACSSF,2012m1,co,000,0012,0000107,,,,,,,,,,,,,,,,,,,,,,,,,,,,,,,,,,,,,,,,,,,,,,,,,,,,,,,,,,,,,,,,,,,,,,,,,,,,,,,,,,,,,,,,,,,,,,,,,,,,,,,,,,,,,,4553,5179,5027,2219,4915,746,4817,4553,1307,145,285,210,338,479,1263,614,542,157,3156,214,141,1595,1156,208,791,719,204,522,390,664,172,576,620,194,141,394,189,4695,4915,4553,5179,5027,2219,4915
ACSSF,2012m1,co,000,0012,0000108,,,,,,,,,,,,,,,,,,,,,,,,,,,,,,,,,,,,,,,,,,,,,,,,,,,,,,,,,,,,,,,,,,,,,,,,,,,,,,,,,,,,,,,,,,,,,,,,,,,,,,,,,,,,,,6857,6916,5310,4479,1946,765,1753,6857,759,1621,202,87,327,512,1551,171,578,202,2857,189,69,2247,2627,94,700,484,133,123,440,510,112,287,419,256,124,217,1054,5519,1946,6857,6916,5310,4479,1946
ACSSF,2012m1,co,000,0012,0000109,,,,,,,,,,,,,,,,,,,,,,,,,,,,,,,,,,,,,,,,,,,,,,,,,,,,,,,,,,,,,,,,,,,,,,,,,,,,,,,,,,,,,,,,,,,,,,,,,,,,,,,,,,,,,,1411,5861,7665,7881,5622,1683,5401,1411,2801,998,1270,1340,1278,1764,4172,2473,2823,1083,6560,794,956,4465,4351,274,1947,2830,649,1374,1204,2023,430,765,2710,743,559,1112,159,6217,5622,1411,5861,7665,7881,5622
ACSSF,2012m1,co,000,0012,0000110,,,,,,,,,,,,,,,,,,,,,,,,,,,,,,,,,,,,,,,,,,,,,,,,,,,,,,,,,,,,,,,,,,,,,,,,,,,,,,,,,,,,,,,,,,,,,,,,,,,,,,,,,,,,,,3034,3450,3599,3581,2611,556,2564,3034,1375,475,404,451,205,1405,1693,1679,939,245,2960,556,265,2242,1733,263,994,1199,64,472,299,616,164,21,795,1238,151,378,189,3009,2611,3034,3450,3599,3581,2611
ACSSF,2012m1,co,000,0012,0000111,,,,,,,,,,,,,,,,,,,,,,,,,,,,,,,,,,,,,,,,,,,,,,,,,,,,,,,,,,,,,,,,,,,,,,,,,,,,,,,,,,,,,,,,,,,,,,,,,,,,,,,,,,,,,,4718,6592,5343,4439,5265,1020,5319,4718,2552,135,605,338,723,814,2886,1214,1171,633,2766,435,674,2623,1928,198,1076,1150,106,584,578,1000,105,950,1248,406,257,549,531,5169,5265,4718,6592,5343,4439,5265
ACSSF,2012m1,co,000,0012,0000112,,,,,,,,,,,,,,,,,,,,,,,,,,,,,,,,,,,,,,,,,,,,,,,,,,,,,,,,,,,,,,,,,,,,,,,,,,,,,,,,,,,,,,,,,,,,,,,,,,,,,,,,,,,,,,3974,5467,4344,4723,3704,479,3689,3974,1893,130,473,1023,2292,870,3107,1700,1526,336,4613,141,198,3402,1500,162,1081,1084,426,1424,1371,832,189,701,1201,304,60,551,429,3054,3704,3974,5467,4344,4723,3704
ACSSF,2012m1,co,000,0012,0000113,,,,,,,,,,,,,,,,,,,,,,,,,,,,,,,,,,,,,,,,,,,,,,,,,,,,,,,,,,,,,,,,,,,,,,,,,,,,,,,,,,,,,,,,,,,,,,,,,,,,,,,,,,,,,,921,2163,3408,3062,2065,497,2000,921,1251,198,125,183,204,438,1510,235,762,237,2184,170,581,1803,1235,155,715,517,47,307,411,756,145,195,548,112,189,303,189,2371,2065,921,2163,3408,3062,2065
ACSSF,2012m1,co,000,0012,0000114,,,,,,,,,,,,,,,,,,,,,,,,,,,,,,,,,,,,,,,,,,,,,,,,,,,,,,,,,,,,,,,,,,,,,,,,,,,,,,,,,,,,,,,,,,,,,,,,,,,,,,,,,,,,,,6637,6941,7348,5714,3025,1185,2630,6637,4810,1032,790,654,525,1552,2911,1490,1085,604,4197,385,83,3641,3169,224,1870,1436,318,1125,1307,1554,383,329,1084,885,266,1233,374,6923,3025,6637,6941,7348,5714,3025
ACSSF,2012m1,co,000,0012,0000115,,,,,,,,,,,,,,,,,,,,,,,,,,,,,,,,,,,,,,,,,,,,,,,,,,,,,,,,,,,,,,,,,,,,,,,,,,,,,,,,,,,,,,,,,,,,,,,,,,,,,,,,,,,,,,5316,5377,5033,2407,1996,263,1972,5316,914,487,189,103,367,386,843,652,484,162,1891,163,347,1939,1187,82,371,334,213,238,462,601,189,350,575,188,48,170,75,5019,1996,5316,5377,5033,2407,1996
