ACSSF,2012m1,co,000,0021,0000001,2040,13686,21210,12460,4616,5608,18706,11005,13728,6654,2760,3198,18171,11430,18200,8639,2821,4035,4990,2933,2813,1943,569,481,12316,6988,10184,3949,2582,2009,,,,,,,,,,,,,,,,,,,,,,,,,,,,,,,3718,9397,13142,13205,13724,10186,15505,5083,9549,8474,7155,4829,15989,4582,9334,12037,10769,9004,4192,1075,1514,2571,2059,1281,10276,6512,5928,4234,4552,3701,,,,,,,,,,,,,,,,,,,,,,,,,,,,,,,,,,,,,,,,,,,,,,,,,,,,,,,,2040,13686,21210,13770,5608,18706,11005,13728,7531,3198,18171,11430,18200,8967,4035,4990,2933,2813,2003,481,12316,6988,10184,4827,2009,,,,,,,,,,,,,,,,,,,,,,,,,
ACSSF,2012m1,co,000,0021,0000002,10077,14655,20728,11243,4657,5232,17176,10751,12265,6246,2697,3046,17483,11815,15523,7535,2904,3768,4560,2875,2556,1757,461,488,11733,7088,9913,3735,2602,2054,,,,,,,,,,,,,,,,,,,,,,,,,,,,,,,9475,8846,10981,13018,12897,9251,14302,4878,8532,8258,6936,4267,15310,4351,7821,11697,9904,8092,3616,1048,1405,2258,1904,1277,9801,6009,5740,4010,4340,3442,,,,,,,,,,,,,,,,,,,,,,,,,,,,,,,,,,,,,,,,,,,,,,,,,,,,,,,,10077,14655,20728,12807,5232,17176,10751,12265,7274,3046,17483,11815,15523,7997,3768,4560,2875,2556,1766,488,11733,7088,9913,4691,2054,,,,,,,,,,,,,,,,,,,,,,,,,
ACSSF,2012m1,co,000,0021,0000003,10077,5703,8760,4320,1188,1828,7276,3466,5684,1801,587,1150,9060,4482,7723,2881,928,1426,1538,646,947,666,336,56,3061,1433,2252,884,440,340,,,,,,,,,,,,,,,,,,,,,,,,,,,,,,,8842,3234,5006,5649,4711,4190,6023,1666,3044,3413,2289,1620,7794,1637,3448,4621,4181,3820,1477,178,608,844,746,230,2791,1802,1274,1298,874,859,,,,,,,,,,,,,,,,,,,,,,,,,,,,,,,,,,,,,,,,,,,,,,,,,,,,,,,,10077,5703,8760,4543,1828,7276,3466,5684,1780,1150,9060,4482,7723,3027,1426,1538,646,947,735,56,3061,1433,2252,942,340,,,,,,,,,,,,,,,,,,,,,,,,,
ACSSF,2012m1,co,000,0021,0000004,2467,13298,20492,11688,4753,5181,17857,11142,12474,6214,2704,3033,17454,11313,17259,8352,2784,3750,4831,2881,2690,1926,569,490,12060,6953,10106,3895,2568,2047,,,,,,,,,,,,,,,,,,,,,,,,,,,,,,,3385,9089,13081,13180,13444,9693,14859,4779,9155,8290,7015,4698,15192,4468,9183,11169,10522,8716,4034,1043,1499,2522,1973,1294,10248,6320,5786,4113,4421,3573,,,,,,,,,,,,,,,,,,,,,,,,,,,,,,,,,,,,,,,,,,,,,,,,,,,,,,,,2467,13298,20492,13100,5181,17857,11142,12474,7207,3033,17454,11313,17259,8683,3750,4831,2881,2690,1987,490,12060,6953,10106,4743,2047,,,,,,,,,,,,,,,,,,,,,,,,,
ACSSF,2012m1,co,000,0021,0000005,1408,13567,19316,10655,4713,5033,17506,10882,11914,5756,2690,3051,16824,11034,16791,7962,2782,3612,4916,2859,2661,1916,473,488,11723,6609,9648,3855,2476,1941,,,,,,,,,,,,,,,,,,,,,,,,,,,,,,,1969,8503,12457,12542,12840,9279,14389,4656,8520,8054,6804,4585,14483,4300,8665,10377,10125,8382,3983,1043,1383,2486,1908,1260,9778,5843,5531,4049,4484,3475,,,,,,,,,,,,,,,,,,,,,,,,,,,,,,,,,,,,,,,,,,,,,,,,,,,,,,,,1408,13567,19316,11976,5033,17506,10882,11914,6756,3051,16824,11034,16791,8350,3612,4916,2859,2661,1948,488,11723,6609,9648,4623,1941,,,,,,,,,,,,,,,,,,,,,,,,,
ACSSF,2012m1,co,000,0021,0000006,5456,10079,11432,6382,3833,3465,10030,6858,7022,3715,1940,2148,11533,7998,9709,5563,2174,2694,3096,2132,1675,1253,449,410,7549,6037,6400,2375,1999,1406,,,,,,,,,,,,,,,,,,,,,,,,,,,,,,,7227,6916,8420,9560,8162,6690,9065,3219,5728,4780,4775,2513,10491,3417,6362,7882,6703,6065,2411,677,831,1586,1212,983,6507,4937,3935,3205,2650,2241,,,,,,,,,,,,,,,,,,,,,,,,,,,,,,,,,,,,,,,,,,,,,,,,,,,,,,,,5456,10079,11432,6745,3465,10030,6858,7022,3918,2148,11533,7998,9709,5963,2694,3096,2132,1675,1219,410,7549,6037,6400,2930,1406,,,,,,,,,,,,,,,,,,,,,,,,,
ACSSF,2012m1,co,000,0021,0000007,5421,10070,13819,8294,2511,4202,13248,7804,7869,5245,1484,2027,14492,8213,13337,5664,1626,3181,3334,1798,2004,1213,170,225,8945,3872,6718,2724,1613,1483,,,,,,,,,,,,,,,,,,,,,,,,,,,,,,,6995,5488,9812,9935,9001,7919,11539,3141,6658,6565,5015,3729,12458,2652,6571,8013,7512,6630,2959,757,1047,1688,1603,849,7557,3667,3397,3159,3208,2548,,,,,,,,,,,,,,,,,,,,,,,,,,,,,,,,,,,,,,,,,,,,,,,,,,,,,,,,5421,10070,13819,9253,4202,13248,7804,7869,5827,2027,14492,8213,13337,5863,3181,3334,1798,2004,1259,225,8945,3872,6718,3315,1483,,,,,,,,,,,,,,,,,,,,,,,,,
ACSSF,2012m1,co,000,0021,0000008,1898,3631,4873,2913,935,1162,3732,2876,2954,1668,387,724,4263,3279,3910,2158,648,981,718,255,693,167,321,12,2547,1478,2275,699,414,489,,,,,,,,,,,,,,,,,,,,,,,,,,,,,,,2494,2080,2841,3804,2956,2446,3229,1088,1962,2193,1280,876,3747,1262,1947,3298,2772,2075,728,244,456,227,441,303,2314,1540,1234,1218,906,660,,,,,,,,,,,,,,,,,,,,,,,,,,,,,,,,,,,,,,,,,,,,,,,,,,,,,,,,1898,3631,4873,3166,1162,3732,2876,2954,1793,724,4263,3279,3910,2285,981,718,255,693,355,12,2547,1478,2275,848,489,,,,,,,,,,,,,,,,,,,,,,,,,
ACSSF,2012m1,co,000,0021,0000009,4527,3007,3698,1831,545,845,2235,1637,1524,836,302,499,3218,1754,2827,1573,345,535,467,234,438,189,189,189,2157,1339,1323,553,297,360,,,,,,,,,,,,,,,,,,,,,,,,,,,,,,,4049,1417,1683,2380,1659,1249,1849,675,1194,1149,646,393,2747,558,1033,1831,1387,1105,478,189,142,104,338,294,2048,862,766,765,332,641,,,,,,,,,,,,,,,,,,,,,,,,,,,,,,,,,,,,,,,,,,,,,,,,,,,,,,,,4527,3007,3698,1931,845,2235,1637,1524,910,499,3218,1754,2827,1677,535,467,234,438,189,189,2157,1339,1323,621,360,,,,,,,,,,,,,,,,,,,,,,,,,
ACSSF,2012m1,co,000,0021,0000010,5014,4021,4781,2429,685,982,3424,2539,2485,1414,246,584,4598,3145,3801,1542,502,830,568,91,532,167,321,12,2387,1394,2101,401,282,269,,,,,,,,,,,,,,,,,,,,,,,,,,,,,,,4672,1813,2671,3212,2813,2041,2936,867,1675,1912,1085,718,4228,1026,1835,2567,2486,1843,562,244,431,214,231,72,2227,1382,1005,1003,825,209,,,,,,,,,,,,,,,,,,,,,,,,,,,,,,,,,,,,,,,,,,,,,,,,,,,,,,,,5014,4021,4781,2593,982,3424,2539,2485,1464,584,4598,3145,3801,1657,830,568,91,532,355,12,2387,1394,2101,523,269,,,,,,,,,,,,,,,,,,,,,,,,,
ACSSF,2012m1,co,000,0021,0000011,1813,4373,6547,3696,988,1490,4851,3056,4052,2039,625,939,5202,3319,4849,2401,646,1065,591,390,413,241,189,56,2569,1416,1814,833,359,483,,,,,,,,,,,,,,,,,,,,,,,,,,,,,,,3070,2458,3933,3404,3015,2204,3869,1302,2408,2438,1674,1061,4627,1534,2792,2965,2108,1818,568,173,282,262,414,105,2108,1710,1234,838,1040,601,,,,,,,,,,,,,,,,,,,,,,,,,,,,,,,,,,,,,,,,,,,,,,,,,,,,,,,,1813,4373,6547,3806,1490,4851,3056,4052,2037,939,5202,3319,4849,2555,1065,591,390,413,241,56,2569,1416,1814,922,483,,,,,,,,,,,,,,,,,,,,,,,,,
ACSSF,2012m1,co,000,0021,0000012,1316,5971,8211,4510,1247,2001,5791,3843,5246,2467,710,1181,6530,4525,6056,3184,923,1574,988,482,842,271,321,56,3466,2284,2906,1136,544,646,,,,,,,,,,,,,,,,,,,,,,,,,,,,,,,3047,3376,4750,5382,4117,3615,4933,1660,3015,3135,2066,1390,5712,2132,3420,5019,3483,3111,998,307,558,367,621,320,2773,2479,1742,1579,1522,1004,,,,,,,,,,,,,,,,,,,,,,,,,,,,,,,,,,,,,,,,,,,,,,,,,,,,,,,,1316,5971,8211,4688,2001,5791,3843,5246,2517,1181,6530,4525,6056,3413,1574,988,482,842,425,56,3466,2284,2906,1302,646,,,,,,,,,,,,,,,,,,,,,,,,,
ACSSF,2012m1,co,000,0021,0000013,388,4191,5142,3388,1265,1582,6030,3477,3905,2130,756,1174,5643,3422,3739,2713,769,1144,1098,360,873,396,189,90,4933,2937,3741,1481,1047,508,,,,,,,,,,,,,,,,,,,,,,,,,,,,,,,693,3805,4190,3656,3179,2022,4939,1705,3613,2705,1759,1065,4518,1828,3257,2431,2453,1582,1066,473,396,611,453,315,3782,3025,2076,1584,906,675,,,,,,,,,,,,,,,,,,,,,,,,,,,,,,,,,,,,,,,,,,,,,,,,,,,,,,,,388,4191,5142,3938,1582,6030,3477,3905,2273,1174,5643,3422,3739,2971,1144,1098,360,873,396,90,4933,2937,3741,1878,508,,,,,,,,,,,,,,,,,,,,,,,,,
ACSSF,2012m1,co,000,0021,0000014,495,4374,5504,3431,1888,1769,5459,4602,2932,2310,603,891,5413,3896,4176,2301,1373,1388,1760,896,1111,722,120,82,4952,2737,3590,1361,1313,872,,,,,,,,,,,,,,,,,,,,,,,,,,,,,,,366,2518,4560,4814,4122,3409,4080,1333,2807,2288,1827,1581,4554,1360,2631,3330,3240,2715,1608,229,515,1052,665,648,4018,2240,2420,2338,2444,1795,,,,,,,,,,,,,,,,,,,,,,,,,,,,,,,,,,,,,,,,,,,,,,,,,,,,,,,,495,4374,5504,4012,1769,5459,4602,2932,2437,891,5413,3896,4176,2503,1388,1760,896,1111,724,82,4952,2737,3590,1666,872,,,,,,,,,,,,,,,,,,,,,,,,,
ACSSF,2012m1,co,000,0021,0000015,423,3699,5173,2723,666,976,3668,3030,1961,1365,284,507,3588,3747,3776,2082,560,841,1306,974,485,509,107,189,2583,1414,2268,799,224,304,,,,,,,,,,,,,,,,,,,,,,,,,,,,,,,520,1824,2317,3507,3135,3497,2543,813,1293,1681,1320,1100,2315,941,1970,2733,2724,3060,1094,555,158,362,826,331,2173,1321,1022,1022,1137,1373,,,,,,,,,,,,,,,,,,,,,,,,,,,,,,,,,,,,,,,,,,,,,,,,,,,,,,,,423,3699,5173,2891,976,3668,3030,1961,1384,507,3588,3747,3776,2242,841,1306,974,485,516,189,2583,1414,2268,888,304,,,,,,,,,,,,,,,,,,,,,,,,,
ACSSF,2012m1,co,000,0021,0000016,691,5220,6789,4555,2097,2138,6080,5018,3461,2098,1089,1055,5514,5005,4250,3622,1294,1249,1483,1094,727,633,53,368,6086,3338,4657,1605,1271,1032,,,,,,,,,,,,,,,,,,,,,,,,,,,,,,,567,4167,4422,4919,4976,4656,5301,2451,3213,3002,3148,1539,4908,1899,2544,4008,4033,4542,1257,189,432,901,873,441,5227,3672,2735,1956,1746,1251,,,,,,,,,,,,,,,,,,,,,,,,,,,,,,,,,,,,,,,,,,,,,,,,,,,,,,,,691,5220,6789,4703,2138,6080,5018,3461,2262,1055,5514,5005,4250,3940,1249,1483,1094,727,639,368,6086,3338,4657,2106,1032,,,,,,,,,,,,,,,,,,,,,,,,,
ACSSF,2012m1,co,000,0021,0000017,307,2813,4459,2664,535,1226,3907,2224,2466,1193,335,472,4093,2382,4749,1935,383,967,965,620,793,240,189,189,2203,1055,1457,710,57,676,,,,,,,,,,,,,,,,,,,,,,,,,,,,,,,847,1132,2662,3025,2878,2232,2950,666,1506,1992,1475,1188,3296,533,2113,2546,2656,2124,868,189,131,635,528,439,1928,830,913,1007,1087,901,,,,,,,,,,,,,,,,,,,,,,,,,,,,,,,,,,,,,,,,,,,,,,,,,,,,,,,,307,2813,4459,2671,1226,3907,2224,2466,1198,472,4093,2382,4749,1969,967,965,620,793,240,189,2203,1055,1457,708,676,,,,,,,,,,,,,,,,,,,,,,,,,
ACSSF,2012m1,co,000,0021,0000018,306,5116,7583,4447,1896,2202,4766,3122,3268,1630,1099,1051,5447,3471,6259,3521,1252,1555,2843,1765,1704,886,434,148,4143,2422,3526,1025,482,798,,,,,,,,,,,,,,,,,,,,,,,,,,,,,,,471,2953,4414,4649,4243,2801,4230,1101,2128,2525,1680,1181,5413,1527,3210,4574,3827,2787,2218,418,951,1496,890,661,3724,2001,2251,1710,1322,1413,,,,,,,,,,,,,,,,,,,,,,,,,,,,,,,,,,,,,,,,,,,,,,,,,,,,,,,,306,5116,7583,4770,2202,4766,3122,3268,2031,1051,5447,3471,6259,3552,1555,2843,1765,1704,916,148,4143,2422,3526,1129,798,,,,,,,,,,,,,,,,,,,,,,,,,
ACSSF,2012m1,co,000,0021,0000019,381,3925,6190,3883,1201,1573,5826,3586,4072,2668,889,986,6216,3587,5250,2705,691,1449,1153,713,700,493,99,125,2941,1422,2153,1057,456,629,,,,,,,,,,,,,,,,,,,,,,,,,,,,,,,388,2396,4281,4062,3835,3040,4748,1729,2974,3206,2314,1505,5182,1297,2937,2937,3551,2800,1120,336,468,838,653,401,2626,1381,1852,1129,959,944,,,,,,,,,,,,,,,,,,,,,,,,,,,,,,,,,,,,,,,,,,,,,,,,,,,,,,,,381,3925,6190,4072,1573,5826,3586,4072,2892,986,6216,3587,5250,2816,1449,1153,713,700,503,125,2941,1422,2153,1171,629,,,,,,,,,,,,,,,,,,,,,,,,,
ACSSF,2012m1,co,000,0021,0000020,415,3469,5526,2939,663,1183,4275,2597,3453,1427,385,761,4189,3483,3796,2336,406,956,834,432,613,397,23,19,2169,1001,1730,803,353,420,,,,,,,,,,,,,,,,,,,,,,,,,,,,,,,502,1522,2952,3601,2914,2743,3171,824,1872,2035,1526,1267,3163,945,2758,2744,2680,2201,802,378,308,519,447,322,1982,1087,529,1189,602,928,,,,,,,,,,,,,,,,,,,,,,,,,,,,,,,,,,,,,,,,,,,,,,,,,,,,,,,,415,3469,5526,3162,1183,4275,2597,3453,1623,761,4189,3483,3796,2463,956,834,432,613,397,19,2169,1001,1730,875,420,,,,,,,,,,,,,,,,,,,,,,,,,
ACSSF,2012m1,co,000,0021,0000021,409,2307,3875,1951,976,1297,3504,2151,2820,1292,650,836,3812,2299,3310,1508,651,1056,422,258,339,189,189,189,1617,393,1492,263,189,273,,,,,,,,,,,,,,,,,,,,,,,,,,,,,,,950,1595,2671,2900,2217,1350,3059,1018,1963,2005,1238,982,3024,1018,2177,2250,1827,1133,337,88,315,189,120,189,1545,829,851,672,328,217,,,,,,,,,,,,,,,,,,,,,,,,,,,,,,,,,,,,,,,,,,,,,,,,,,,,,,,,409,2307,3875,2070,1297,3504,2151,2820,1418,836,3812,2299,3310,1598,1056,422,258,339,189,189,1617,393,1492,263,273,,,,,,,,,,,,,,,,,,,,,,,,,
ACSSF,2012m1,co,000,0021,0000022,224,2278,2904,2047,922,965,3155,2040,2770,1579,631,741,2860,1554,2095,1166,527,708,505,353,266,170,189,81,1122,496,906,249,138,162,,,,,,,,,,,,,,,,,,,,,,,,,,,,,,,511,2038,1968,2423,1505,1153,2606,1414,1990,2207,1185,825,2429,1184,1374,1730,994,888,488,324,148,253,181,103,1067,507,644,598,197,234,,,,,,,,,,,,,,,,,,,,,,,,,,,,,,,,,,,,,,,,,,,,,,,,,,,,,,,,224,2278,2904,1929,965,3155,2040,2770,1512,741,2860,1554,2095,1233,708,505,353,266,170,81,1122,496,906,285,162,,,,,,,,,,,,,,,,,,,,,,,,,
ACSSF,2012m1,co,000,0021,0000023,407,2632,4590,2535,709,1089,3485,2328,3823,1721,555,785,3490,1904,2898,1357,384,701,904,535,564,310,47,100,2572,1135,2118,853,401,313,,,,,,,,,,,,,,,,,,,,,,,,,,,,,,,448,2286,2801,3086,2243,1528,2990,1531,1786,2269,1439,830,3004,1090,1869,1993,1887,1082,656,416,241,211,271,128,2064,1557,965,782,488,513,,,,,,,,,,,,,,,,,,,,,,,,,,,,,,,,,,,,,,,,,,,,,,,,,,,,,,,,407,2632,4590,2714,1089,3485,2328,3823,1829,785,3490,1904,2898,1397,701,904,535,564,293,100,2572,1135,2118,942,313,,,,,,,,,,,,,,,,,,,,,,,,,
ACSSF,2012m1,co,000,0021,0000024,1850,2312,3072,1998,405,761,3245,2004,1964,1423,245,332,3164,1648,2563,1261,339,717,407,207,332,141,189,125,1329,588,1214,309,189,169,,,,,,,,,,,,,,,,,,,,,,,,,,,,,,,2492,886,2370,1946,1886,1467,2614,459,1478,1673,957,751,2921,600,1393,1735,1479,1298,392,229,196,169,159,175,1270,457,1054,527,436,341,,,,,,,,,,,,,,,,,,,,,,,,,,,,,,,,,,,,,,,,,,,,,,,,,,,,,,,,1850,2312,3072,2021,761,3245,2004,1964,1422,332,3164,1648,2563,1305,717,407,207,332,141,125,1329,588,1214,309,169,,,,,,,,,,,,,,,,,,,,,,,,,
ACSSF,2012m1,co,000,0021,0000025,3463,4481,4437,2769,1734,1337,4339,3408,2495,1793,486,568,5110,3280,3388,2097,1099,1063,1105,691,745,452,65,82,4566,3062,3171,1330,1232,661,,,,,,,,,,,,,,,,,,,,,,,,,,,,,,,3861,2580,3636,3574,2873,2010,3356,1024,2331,1989,1499,1001,4503,815,2290,2649,2230,1507,995,229,250,511,531,523,3988,2491,1931,2032,1279,1083,,,,,,,,,,,,,,,,,,,,,,,,,,,,,,,,,,,,,,,,,,,,,,,,,,,,,,,,3463,4481,4437,3085,1337,4339,3408,2495,1848,568,5110,3280,3388,2237,1063,1105,691,745,456,82,4566,3062,3171,1777,661,,,,,,,,,,,,,,,,,,,,,,,,,
ACSSF,2012m1,co,000,0021,0000026,1478,2457,2458,1212,315,527,2185,1863,811,518,24,236,2548,2556,2328,1133,245,465,595,481,260,100,121,189,1416,880,980,372,103,85,,,,,,,,,,,,,,,,,,,,,,,,,,,,,,,2008,1093,968,1467,1928,1724,1333,113,487,633,767,356,2112,860,741,1401,1686,1610,422,189,189,67,306,241,1287,514,568,374,459,795,,,,,,,,,,,,,,,,,,,,,,,,,,,,,,,,,,,,,,,,,,,,,,,,,,,,,,,,1478,2457,2458,1304,527,2185,1863,811,518,236,2548,2556,2328,1164,465,595,481,260,157,189,1416,880,980,430,85,,,,,,,,,,,,,,,,,,,,,,,,,
ACSSF,2012m1,co,000,0021,0000027,1741,1681,2316,1337,489,757,2163,1501,1359,697,338,269,2767,1357,2215,1086,307,678,436,317,346,189,189,189,1607,680,1215,304,196,215,,,,,,,,,,,,,,,,,,,,,,,,,,,,,,,2138,652,1409,1931,1696,1533,2032,331,923,1147,800,760,2539,341,1173,1609,1501,1161,399,189,170,182,277,176,1315,405,463,538,670,662,,,,,,,,,,,,,,,,,,,,,,,,,,,,,,,,,,,,,,,,,,,,,,,,,,,,,,,,1741,1681,2316,1441,757,2163,1501,1359,808,269,2767,1357,2215,1151,678,436,317,346,189,189,1607,680,1215,347,215,,,,,,,,,,,,,,,,,,,,,,,,,
ACSSF,2012m1,co,000,0021,0000028,3270,4313,6354,3272,1688,1913,3799,2835,2664,1191,1016,843,4743,3235,5144,2783,1008,1403,1959,1295,1097,669,414,66,3646,2226,2912,890,482,698,,,,,,,,,,,,,,,,,,,,,,,,,,,,,,,2997,2644,4122,4204,3845,2466,3394,958,1891,2051,1443,855,4474,1270,2886,3843,3360,2415,1535,415,600,1067,660,461,3113,1882,2098,1342,1188,1062,,,,,,,,,,,,,,,,,,,,,,,,,,,,,,,,,,,,,,,,,,,,,,,,,,,,,,,,3270,4313,6354,3817,1913,3799,2835,2664,1502,843,4743,3235,5144,2991,1403,1959,1295,1097,727,66,3646,2226,2912,1026,698,,,,,,,,,,,,,,,,,,,,,,,,,
ACSSF,2012m1,co,000,0021,0000029,691,5220,6789,4555,2097,2138,6080,5018,3461,2098,1089,1055,5514,5005,4250,3622,1294,1249,1483,1094,727,633,53,368,6086,3338,4657,1605,1271,1032,,,,,,,,,,,,,,,,,,,,,,,,,,,,,,,567,4167,4422,4919,4976,4656,5301,2451,3213,3002,3148,1539,4908,1899,2544,4008,4033,4542,1257,189,432,901,873,441,5227,3672,2735,1956,1746,1251,,,,,,,,,,,,,,,,,,,,,,,,,,,,,,,,,,,,,,,,,,,,,,,,,,,,,,,,691,5220,6789,4703,2138,6080,5018,3461,2262,1055,5514,5005,4250,3940,1249,1483,1094,727,639,368,6086,3338,4657,2106,1032,,,,,,,,,,,,,,,,,,,,,,,,,
ACSSF,2012m1,co,000,0021,0000030,2020,2269,2979,1762,431,757,2828,2061,1528,519,230,352,3198,2548,2593,1669,350,656,538,310,331,352,23,189,1449,878,1178,527,71,171,,,,,,,,,,,,,,,,,,,,,,,,,,,,,,,2603,1003,1699,2736,2286,1984,2119,580,915,1005,1310,745,2841,497,1526,2064,2032,1568,511,171,129,308,341,263,1280,648,166,640,503,834,,,,,,,,,,,,,,,,,,,,,,,,,,,,,,,,,,,,,,,,,,,,,,,,,,,,,,,,2020,2269,2979,1843,757,2828,2061,1528,573,352,3198,2548,2593,1757,656,538,310,331,353,189,1449,878,1178,529,171,,,,,,,,,,,,,,,,,,,,,,,,,
ACSSF,2012m1,co,000,0021,0000031,1926,2187,2257,1587,548,759,2546,1888,1748,1071,462,622,2290,1305,1511,861,125,572,632,490,286,266,47,189,1750,1033,1535,523,284,121,,,,,,,,,,,,,,,,,,,,,,,,,,,,,,,1935,1511,1824,1778,1113,873,2030,796,1211,1326,675,644,1890,814,1085,1136,792,601,401,217,175,114,249,122,1374,1092,742,643,225,406,,,,,,,,,,,,,,,,,,,,,,,,,,,,,,,,,,,,,,,,,,,,,,,,,,,,,,,,1926,2187,2257,1704,759,2546,1888,1748,1185,622,2290,1305,1511,872,572,632,490,286,252,189,1750,1033,1535,594,121,,,,,,,,,,,,,,,,,,,,,,,,,
ACSSF,2012m1,co,000,0021,0000032,3595,2228,3115,1579,277,706,2288,1449,1362,613,220,117,3353,1567,2875,1268,164,579,583,333,444,129,189,189,1547,822,1070,485,57,336,,,,,,,,,,,,,,,,,,,,,,,,,,,,,,,3005,810,1534,1868,2328,1530,1623,131,656,1005,1001,637,2779,215,1126,1644,2124,1343,584,189,189,298,379,265,1466,736,610,725,761,671,,,,,,,,,,,,,,,,,,,,,,,,,,,,,,,,,,,,,,,,,,,,,,,,,,,,,,,,3595,2228,3115,1626,706,2288,1449,1362,627,117,3353,1567,2875,1274,579,583,333,444,129,189,1547,822,1070,483,336,,,,,,,,,,,,,,,,,,,,,,,,,
ACSSF,2012m1,co,000,0021,0000033,2309,2889,3213,1921,699,939,3446,2040,2394,1282,366,605,3436,2462,2348,1559,356,820,746,454,287,299,189,189,2349,1125,1700,488,461,252,,,,,,,,,,,,,,,,,,,,,,,,,,,,,,,2912,1390,2026,3048,2128,1579,2690,1064,1488,1759,1235,598,2964,690,1379,2261,1604,1322,739,246,99,669,239,150,1925,1126,975,781,610,693,,,,,,,,,,,,,,,,,,,,,,,,,,,,,,,,,,,,,,,,,,,,,,,,,,,,,,,,2309,2889,3213,2043,939,3446,2040,2394,1332,605,3436,2462,2348,1638,820,746,454,287,299,189,2349,1125,1700,689,252,,,,,,,,,,,,,,,,,,,,,,,,,
ACSSF,2012m1,co,000,0021,0000034,1800,2191,2709,1554,412,773,2567,2056,1277,794,217,295,2917,1484,1927,1110,254,591,1012,828,284,487,68,189,2260,1033,1932,468,173,243,,,,,,,,,,,,,,,,,,,,,,,,,,,,,,,2117,1383,1793,2050,1729,1756,1746,764,958,1160,721,691,2719,414,1463,1742,1388,1365,815,553,134,268,527,87,1851,1186,774,738,438,549,,,,,,,,,,,,,,,,,,,,,,,,,,,,,,,,,,,,,,,,,,,,,,,,,,,,,,,,1800,2191,2709,1608,773,2567,2056,1277,810,295,2917,1484,1927,1134,591,1012,828,284,490,189,2260,1033,1932,499,243,,,,,,,,,,,,,,,,,,,,,,,,,
ACSSF,2012m1,co,000,0021,0000035,1915,2357,2607,1637,295,893,2314,1731,1529,812,242,468,2327,1366,2356,1135,171,709,500,335,366,153,189,19,1153,211,1022,560,189,201,,,,,,,,,,,,,,,,,,,,,,,,,,,,,,,2153,1185,1851,1979,1406,1054,1727,520,839,1221,758,505,2468,603,1724,1532,1196,845,500,328,228,304,94,132,1153,872,205,811,312,117,,,,,,,,,,,,,,,,,,,,,,,,,,,,,,,,,,,,,,,,,,,,,,,,,,,,,,,,1915,2357,2607,1736,893,2314,1731,1529,908,468,2327,1366,2356,1177,709,500,335,366,153,19,1153,211,1022,560,201,,,,,,,,,,,,,,,,,,,,,,,,,
ACSSF,2012m1,co,000,0021,0000036,1165,2192,2264,1530,726,933,2620,1934,2046,1195,573,768,2275,1308,1551,937,400,606,439,353,218,96,189,81,899,421,776,190,87,162,,,,,,,,,,,,,,,,,,,,,,,,,,,,,,,1291,1911,2017,2284,1367,913,2373,1346,1885,1954,1064,605,2041,1088,1214,1432,888,714,417,324,108,154,144,103,895,434,513,517,100,213,,,,,,,,,,,,,,,,,,,,,,,,,,,,,,,,,,,,,,,,,,,,,,,,,,,,,,,,1165,2192,2264,1481,933,2620,1934,2046,1236,768,2275,1308,1551,1053,606,439,353,218,96,81,899,421,776,205,162,,,,,,,,,,,,,,,,,,,,,,,,,
ACSSF,2012m1,co,000,0021,0000037,2648,3108,2877,1471,492,861,3883,2758,2172,1042,327,281,3527,2195,2495,1116,242,702,839,138,678,349,189,90,2443,1395,1626,487,318,369,,,,,,,,,,,,,,,,,,,,,,,,,,,,,,,2237,1544,2474,2090,1861,1184,3048,645,2060,1515,915,622,3042,550,1440,1672,1573,911,830,345,319,446,204,78,2112,1405,994,864,408,504,,,,,,,,,,,,,,,,,,,,,,,,,,,,,,,,,,,,,,,,,,,,,,,,,,,,,,,,2648,3108,2877,1608,861,3883,2758,2172,1132,281,3527,2195,2495,1149,702,839,138,678,349,90,2443,1395,1626,588,369,,,,,,,,,,,,,,,,,,,,,,,,,
ACSSF,2012m1,co,000,0021,0000038,1695,2260,2662,1587,544,847,2609,1932,1840,979,397,620,2633,1443,2156,1230,359,537,514,235,337,271,189,189,1669,545,1615,565,144,265,,,,,,,,,,,,,,,,,,,,,,,,,,,,,,,1965,1476,1974,2044,2080,1420,2288,734,1487,1375,1167,782,2509,441,1250,1564,1568,1163,514,189,253,223,402,114,1654,1160,603,819,697,375,,,,,,,,,,,,,,,,,,,,,,,,,,,,,,,,,,,,,,,,,,,,,,,,,,,,,,,,1695,2260,2662,1678,847,2609,1932,1840,1055,620,2633,1443,2156,1339,537,514,235,337,271,189,1669,545,1615,550,265,,,,,,,,,,,,,,,,,,,,,,,,,
ACSSF,2012m1,co,000,0021,0000039,1478,2457,2458,1212,315,527,2185,1863,811,518,24,236,2548,2556,2328,1133,245,465,595,481,260,100,121,189,1416,880,980,372,103,85,,,,,,,,,,,,,,,,,,,,,,,,,,,,,,,2008,1093,968,1467,1928,1724,1333,113,487,633,767,356,2112,860,741,1401,1686,1610,422,189,189,67,306,241,1287,514,568,374,459,795,,,,,,,,,,,,,,,,,,,,,,,,,,,,,,,,,,,,,,,,,,,,,,,,,,,,,,,,1478,2457,2458,1304,527,2185,1863,811,518,236,2548,2556,2328,1164,465,595,481,260,157,189,1416,880,980,430,85,,,,,,,,,,,,,,,,,,,,,,,,,
ACSSF,2012m1,co,000,0021,0000040,3270,4313,6354,3272,1688,1913,3799,2835,2664,1191,1016,843,4743,3235,5144,2783,1008,1403,1959,1295,1097,669,414,66,3646,2226,2912,890,482,698,,,,,,,,,,,,,,,,,,,,,,,,,,,,,,,2997,2644,4122,4204,3845,2466,3394,958,1891,2051,1443,855,4474,1270,2886,3843,3360,2415,1535,415,600,1067,660,461,3113,1882,2098,1342,1188,1062,,,,,,,,,,,,,,,,,,,,,,,,,,,,,,,,,,,,,,,,,,,,,,,,,,,,,,,,3270,4313,6354,3817,1913,3799,2835,2664,1502,843,4743,3235,5144,2991,1403,1959,1295,1097,727,66,3646,2226,2912,1026,698,,,,,,,,,,,,,,,,,,,,,,,,,
ACSSF,2012m1,co,000,0021,0000041,3463,4481,4437,2769,1734,1337,4339,3408,2495,1793,486,568,5110,3280,3388,2097,1099,1063,1105,691,745,452,65,82,4566,3062,3171,1330,1232,661,,,,,,,,,,,,,,,,,,,,,,,,,,,,,,,3861,2580,3636,3574,2873,2010,3356,1024,2331,1989,1499,1001,4503,815,2290,2649,2230,1507,995,229,250,511,531,523,3988,2491,1931,2032,1279,1083,,,,,,,,,,,,,,,,,,,,,,,,,,,,,,,,,,,,,,,,,,,,,,,,,,,,,,,,3463,4481,4437,3085,1337,4339,3408,2495,1848,568,5110,3280,3388,2237,1063,1105,691,745,456,82,4566,3062,3171,1777,661,,,,,,,,,,,,,,,,,,,,,,,,,
ACSSF,2012m1,co,000,0021,0000042,691,5220,6789,4555,2097,2138,6080,5018,3461,2098,1089,1055,5514,5005,4250,3622,1294,1249,1483,1094,727,633,53,368,6086,3338,4657,1605,1271,1032,,,,,,,,,,,,,,,,,,,,,,,,,,,,,,,567,4167,4422,4919,4976,4656,5301,2451,3213,3002,3148,1539,4908,1899,2544,4008,4033,4542,1257,189,432,901,873,441,5227,3672,2735,1956,1746,1251,,,,,,,,,,,,,,,,,,,,,,,,,,,,,,,,,,,,,,,,,,,,,,,,,,,,,,,,691,5220,6789,4703,2138,6080,5018,3461,2262,1055,5514,5005,4250,3940,1249,1483,1094,727,639,368,6086,3338,4657,2106,1032,,,,,,,,,,,,,,,,,,,,,,,,,
ACSSF,2012m1,co,000,0021,0000043,2020,2269,2979,1762,431,757,2828,2061,1528,519,230,352,3198,2548,2593,1669,350,656,538,310,331,352,23,189,1449,878,1178,527,71,171,,,,,,,,,,,,,,,,,,,,,,,,,,,,,,,2603,1003,1699,2736,2286,1984,2119,580,915,1005,1310,745,2841,497,1526,2064,2032,1568,511,171,129,308,341,263,1280,648,166,640,503,834,,,,,,,,,,,,,,,,,,,,,,,,,,,,,,,,,,,,,,,,,,,,,,,,,,,,,,,,2020,2269,2979,1843,757,2828,2061,1528,573,352,3198,2548,2593,1757,656,538,310,331,353,189,1449,878,1178,529,171,,,,,,,,,,,,,,,,,,,,,,,,,
ACSSF,2012m1,co,000,0021,0000044,1915,2357,2607,1637,295,893,2314,1731,1529,812,242,468,2327,1366,2356,1135,171,709,500,335,366,153,189,19,1153,211,1022,560,189,201,,,,,,,,,,,,,,,,,,,,,,,,,,,,,,,2153,1185,1851,1979,1406,1054,1727,520,839,1221,758,505,2468,603,1724,1532,1196,845,500,328,228,304,94,132,1153,872,205,811,312,117,,,,,,,,,,,,,,,,,,,,,,,,,,,,,,,,,,,,,,,,,,,,,,,,,,,,,,,,1915,2357,2607,1736,893,2314,1731,1529,908,468,2327,1366,2356,1177,709,500,335,366,153,19,1153,211,1022,560,201,,,,,,,,,,,,,,,,,,,,,,,,,
ACSSF,2012m1,co,000,0021,0000045,1926,2187,2257,1587,548,759,2546,1888,1748,1071,462,622,2290,1305,1511,861,125,572,632,490,286,266,47,189,1750,1033,1535,523,284,121,,,,,,,,,,,,,,,,,,,,,,,,,,,,,,,1935,1511,1824,1778,1113,873,2030,796,1211,1326,675,644,1890,814,1085,1136,792,601,401,217,175,114,249,122,1374,1092,742,643,225,406,,,,,,,,,,,,,,,,,,,,,,,,,,,,,,,,,,,,,,,,,,,,,,,,,,,,,,,,1926,2187,2257,1704,759,2546,1888,1748,1185,622,2290,1305,1511,872,572,632,490,286,252,189,1750,1033,1535,594,121,,,,,,,,,,,,,,,,,,,,,,,,,
ACSSF,2012m1,co,000,0021,0000046,1165,2192,2264,1530,726,933,2620,1934,2046,1195,573,768,2275,1308,1551,937,400,606,439,353,218,96,189,81,899,421,776,190,87,162,,,,,,,,,,,,,,,,,,,,,,,,,,,,,,,1291,1911,2017,2284,1367,913,2373,1346,1885,1954,1064,605,2041,1088,1214,1432,888,714,417,324,108,154,144,103,895,434,513,517,100,213,,,,,,,,,,,,,,,,,,,,,,,,,,,,,,,,,,,,,,,,,,,,,,,,,,,,,,,,1165,2192,2264,1481,933,2620,1934,2046,1236,768,2275,1308,1551,1053,606,439,353,218,96,81,899,421,776,205,162,,,,,,,,,,,,,,,,,,,,,,,,,
ACSSF,2012m1,co,000,0021,0000047,4282,6801,7128,4319,2184,2386,6616,5074,4129,2225,1155,1286,6262,5286,4972,3401,1518,1358,1761,1248,833,701,53,368,6308,3570,4644,1799,1295,1042,,,,,,,,,,,,,,,,,,,,,,,,,,,,,,,4051,4418,4707,5526,5216,4798,6130,2535,3457,3472,3314,1621,5764,2128,2750,4309,4076,4832,1502,189,542,948,912,510,5500,3720,2960,2179,1796,1394,,,,,,,,,,,,,,,,,,,,,,,,,,,,,,,,,,,,,,,,,,,,,,,,,,,,,,,,4282,6801,7128,4583,2386,6616,5074,4129,2442,1286,6262,5286,4972,3784,1358,1761,1248,833,706,368,6308,3570,4644,2291,1042,,,,,,,,,,,,,,,,,,,,,,,,,
ACSSF,2012m1,co,000,0021,0000048,5093,5652,8296,4450,1197,2045,6545,4345,4657,2264,536,1007,6818,4875,5987,3643,775,1687,1403,818,860,459,158,19,3316,1865,2794,1369,366,588,,,,,,,,,,,,,,,,,,,,,,,,,,,,,,,4036,2272,4798,4728,5545,4873,4552,1056,2231,2967,2374,1769,6206,1367,4309,4081,5108,4545,1219,380,360,578,767,578,3234,1670,1175,1893,1309,1637,,,,,,,,,,,,,,,,,,,,,,,,,,,,,,,,,,,,,,,,,,,,,,,,,,,,,,,,5093,5652,8296,5096,2045,6545,4345,4657,2451,1007,6818,4875,5987,3980,1687,1403,818,860,497,19,3316,1865,2794,1426,588,,,,,,,,,,,,,,,,,,,,,,,,,
ACSSF,2012m1,co,000,0021,0000049,3208,5647,6569,4496,1698,2286,6830,4291,5181,2834,1097,1438,7383,4848,5944,3013,1071,1762,897,426,726,294,189,74,3331,2136,2890,846,474,549,,,,,,,,,,,,,,,,,,,,,,,,,,,,,,,3200,3512,4799,5928,4347,3813,5535,2004,3593,3396,2225,1894,6320,2207,3631,4983,3359,3003,823,359,435,348,552,276,2727,2251,1835,1390,1528,979,,,,,,,,,,,,,,,,,,,,,,,,,,,,,,,,,,,,,,,,,,,,,,,,,,,,,,,,3208,5647,6569,4382,2286,6830,4291,5181,2869,1438,7383,4848,5944,3201,1762,897,426,726,294,74,3331,2136,2890,970,549,,,,,,,,,,,,,,,,,,,,,,,,,
ACSSF,2012m1,co,000,0021,0000050,4954,4865,7522,3922,1078,1976,6633,4167,5201,2464,781,1248,5911,3072,5565,2608,706,1404,1718,1179,970,816,90,107,4331,2016,3378,1290,580,792,,,,,,,,,,,,,,,,,,,,,,,,,,,,,,,4757,3222,4581,5703,3392,3649,5615,1878,3057,3787,2209,1408,5426,1469,3446,3832,3197,2868,1475,700,427,869,830,421,3600,2243,1722,1463,1206,1021,,,,,,,,,,,,,,,,,,,,,,,,,,,,,,,,,,,,,,,,,,,,,,,,,,,,,,,,4954,4865,7522,4154,1976,6633,4167,5201,2561,1248,5911,3072,5565,2754,1404,1718,1179,970,805,107,4331,2016,3378,1490,792,,,,,,,,,,,,,,,,,,,,,,,,,
ACSSF,2012m1,co,000,0021,0000051,1565,5621,7908,4505,1915,2294,5245,3555,3284,1770,1152,1104,5784,3858,7021,3654,1285,1602,2941,1799,1783,888,540,148,4272,2436,3528,1090,495,794,,,,,,,,,,,,,,,,,,,,,,,,,,,,,,,1809,3244,4794,5089,4637,3050,4505,1460,2502,2887,1668,1280,5789,1767,3709,4898,4055,2950,2345,418,1104,1486,887,679,3850,2011,2327,1691,1353,1420,,,,,,,,,,,,,,,,,,,,,,,,,,,,,,,,,,,,,,,,,,,,,,,,,,,,,,,,1565,5621,7908,4767,2294,5245,3555,3284,2140,1104,5784,3858,7021,3694,1602,2941,1799,1783,975,148,4272,2436,3528,1195,794,,,,,,,,,,,,,,,,,,,,,,,,,
ACSSF,2012m1,co,000,0021,0000052,5453,5904,7154,4242,2149,1884,6505,4937,3917,2221,730,814,7138,4132,5939,2916,1297,1573,1489,794,1199,622,120,123,6039,3849,4027,1593,1546,914,,,,,,,,,,,,,,,,,,,,,,,,,,,,,,,4843,3280,5581,5576,5162,3763,5151,1317,3093,2737,2157,1859,5941,1326,3084,4106,3934,2883,1419,229,443,810,719,583,4799,3094,2697,2616,2709,1949,,,,,,,,,,,,,,,,,,,,,,,,,,,,,,,,,,,,,,,,,,,,,,,,,,,,,,,,5453,5904,7154,4897,1884,6505,4937,3917,2305,814,7138,4132,5939,3043,1573,1489,794,1199,620,123,6039,3849,4027,2161,914,,,,,,,,,,,,,,,,,,,,,,,,,
ACSSF,2012m1,co,000,0021,0000053,5405,6608,7221,4041,1603,2019,7561,4799,4840,3178,1131,1459,8022,4744,5875,3536,874,1669,1502,681,1053,563,189,125,5519,2670,4267,1466,1012,745,,,,,,,,,,,,,,,,,,,,,,,,,,,,,,,4797,4138,5822,5738,4119,3557,6207,2345,4350,3761,2361,1768,6779,1892,3685,3840,3200,3020,1420,595,489,939,794,331,4854,3119,2455,1985,1344,1087,,,,,,,,,,,,,,,,,,,,,,,,,,,,,,,,,,,,,,,,,,,,,,,,,,,,,,,,5405,6608,7221,4661,2019,7561,4799,4840,3426,1459,8022,4744,5875,3807,1669,1502,681,1053,563,125,5519,2670,4267,1809,745,,,,,,,,,,,,,,,,,,,,,,,,,
ACSSF,2012m1,co,000,0021,0000054,1792,2064,2423,1360,583,877,2419,1702,1880,865,408,612,2219,1088,1667,871,326,637,331,249,240,21,29,38,1299,687,964,455,347,332,,,,,,,,,,,,,,,,,,,,,,,,,,,,,,,1841,1137,1679,1488,986,677,1969,807,1276,1391,728,424,2026,695,1295,1104,718,444,331,208,221,101,59,112,1079,775,698,510,113,11,,,,,,,,,,,,,,,,,,,,,,,,,,,,,,,,,,,,,,,,,,,,,,,,,,,,,,,,1792,2064,2423,1471,877,2419,1702,1880,1013,612,2219,1088,1667,1020,637,331,249,240,34,38,1299,687,964,564,332,,,,,,,,,,,,,,,,,,,,,,,,,
ACSSF,2012m1,co,000,0021,0000055,3810,3056,3622,1960,322,1111,3086,1959,2327,980,248,672,3387,1818,2897,1368,205,855,561,277,433,191,189,19,1374,391,1159,560,189,348,,,,,,,,,,,,,,,,,,,,,,,,,,,,,,,3507,1286,2127,2939,2192,1948,2402,592,1250,1653,1104,846,3244,682,1967,2216,1756,1557,561,328,279,374,262,132,1320,885,205,853,484,265,,,,,,,,,,,,,,,,,,,,,,,,,,,,,,,,,,,,,,,,,,,,,,,,,,,,,,,,3810,3056,3622,2048,1111,3086,1959,2327,1052,672,3387,1818,2897,1411,855,561,277,433,191,19,1374,391,1159,560,348,,,,,,,,,,,,,,,,,,,,,,,,,
ACSSF,2012m1,co,000,0021,0000056,3729,2217,4101,2200,659,889,3529,2066,2247,1045,292,412,3682,2770,3030,1780,392,727,585,315,388,352,23,189,1847,916,1244,545,353,206,,,,,,,,,,,,,,,,,,,,,,,,,,,,,,,3485,1137,1815,3027,2434,1997,2615,637,1164,1383,1365,768,3321,562,1722,2325,2271,1677,548,171,129,352,334,306,1415,684,489,716,522,876,,,,,,,,,,,,,,,,,,,,,,,,,,,,,,,,,,,,,,,,,,,,,,,,,,,,,,,,3729,2217,4101,2422,889,3529,2066,2247,1165,412,3682,2770,3030,1901,727,585,315,388,353,189,1847,916,1244,654,206,,,,,,,,,,,,,,,,,,,,,,,,,
ACSSF,2012m1,co,000,0021,0000057,1975,2629,3232,1641,545,637,2399,1731,1791,703,286,432,2735,1878,2336,1258,337,571,282,68,202,146,189,189,1368,984,1261,419,286,299,,,,,,,,,,,,,,,,,,,,,,,,,,,,,,,1896,1456,2153,1882,1502,1115,1993,610,1241,1356,869,440,2170,621,1571,1525,1405,941,268,150,144,90,83,26,1198,1100,922,568,235,484,,,,,,,,,,,,,,,,,,,,,,,,,,,,,,,,,,,,,,,,,,,,,,,,,,,,,,,,1975,2629,3232,1881,637,2399,1731,1791,810,432,2735,1878,2336,1328,571,282,68,202,146,189,1368,984,1261,541,299,,,,,,,,,,,,,,,,,,,,,,,,,
ACSSF,2012m1,co,000,0021,0000058,3528,2681,3993,1860,709,997,3423,2283,3020,1353,542,768,2983,1499,2592,1114,242,660,758,498,489,268,47,189,2357,1100,1906,643,401,131,,,,,,,,,,,,,,,,,,,,,,,,,,,,,,,3090,2106,2444,2744,1586,1165,2546,1358,1623,1993,1116,791,2581,983,1557,1649,1233,781,559,400,179,125,255,122,1931,1335,965,722,247,428,,,,,,,,,,,,,,,,,,,,,,,,,,,,,,,,,,,,,,,,,,,,,,,,,,,,,,,,3528,2681,3993,2074,997,3423,2283,3020,1441,768,2983,1499,2592,1163,660,758,498,489,254,189,2357,1100,1906,761,131,,,,,,,,,,,,,,,,,,,,,,,,,
ACSSF,2012m1,co,000,0021,0000059,2241,3449,4150,2462,510,716,2897,1782,1823,1199,138,191,3560,3093,3076,2138,409,649,477,338,364,95,189,189,2145,1662,1840,394,249,206,,,,,,,,,,,,,,,,,,,,,,,,,,,,,,,2295,1102,1667,2826,2970,1889,2334,205,808,1336,1041,682,3142,452,1400,2569,2446,1684,472,149,214,148,374,92,1725,1085,905,1021,1183,676,,,,,,,,,,,,,,,,,,,,,,,,,,,,,,,,,,,,,,,,,,,,,,,,,,,,,,,,2241,3449,4150,2583,716,2897,1782,1823,1215,191,3560,3093,3076,2251,649,477,338,364,95,189,2145,1662,1840,469,206,,,,,,,,,,,,,,,,,,,,,,,,,
ACSSF,2012m1,co,000,0021,0000060,2552,2140,3065,1736,578,962,2762,1566,2045,940,340,515,2713,1784,2701,1247,360,608,554,296,315,155,321,189,1157,517,930,205,44,203,,,,,,,,,,,,,,,,,,,,,,,,,,,,,,,2276,1297,2469,2104,1555,1420,2581,1030,1668,1365,594,438,2651,875,1696,1630,1270,1283,466,189,374,206,15,177,1017,304,483,408,783,244,,,,,,,,,,,,,,,,,,,,,,,,,,,,,,,,,,,,,,,,,,,,,,,,,,,,,,,,2552,2140,3065,1911,962,2762,1566,2045,1000,515,2713,1784,2701,1283,608,554,296,315,355,189,1157,517,930,208,203,,,,,,,,,,,,,,,,,,,,,,,,,
ACSSF,2012m1,co,000,0021,0000061,1392,2346,2924,2007,923,953,3047,2038,2530,1523,632,741,2859,1554,2023,1110,527,687,505,353,266,170,189,81,1064,483,864,249,138,162,,,,,,,,,,,,,,,,,,,,,,,,,,,,,,,1102,1985,2088,2423,1489,1142,2490,1362,1977,2132,1184,834,2465,1192,1285,1750,987,888,488,324,148,253,181,103,1025,503,603,570,197,234,,,,,,,,,,,,,,,,,,,,,,,,,,,,,,,,,,,,,,,,,,,,,,,,,,,,,,,,1392,2346,2924,1931,953,3047,2038,2530,1473,741,2859,1554,2023,1219,687,505,353,266,170,81,1064,483,864,285,162,,,,,,,,,,,,,,,,,,,,,,,,,
ACSSF,2012m1,co,000,0021,0000062,2831,1891,2806,1479,639,803,2581,1531,2093,992,468,651,2243,1041,1799,1062,305,462,226,115,182,189,189,52,1258,272,969,422,132,234,,,,,,,,,,,,,,,,,,,,,,,,,,,,,,,2189,1604,1798,1654,1157,688,2068,764,1443,1413,785,515,2012,891,997,1176,738,524,185,189,84,161,38,36,1158,986,466,317,173,104,,,,,,,,,,,,,,,,,,,,,,,,,,,,,,,,,,,,,,,,,,,,,,,,,,,,,,,,2831,1891,2806,1615,803,2581,1531,2093,1084,651,2243,1041,1799,1127,462,226,115,182,189,52,1258,272,969,422,234,,,,,,,,,,,,,,,,,,,,,,,,,
ACSSF,2012m1,co,000,0021,0000063,3651,1970,2795,1931,352,921,2459,1416,1381,804,181,480,3691,1954,2725,1710,254,736,562,256,452,148,99,189,891,399,680,166,93,289,,,,,,,,,,,,,,,,,,,,,,,,,,,,,,,3204,646,2019,2872,2089,1776,1904,420,746,1340,834,569,3215,295,1776,2398,1974,1760,500,189,160,254,420,172,888,299,216,522,317,473,,,,,,,,,,,,,,,,,,,,,,,,,,,,,,,,,,,,,,,,,,,,,,,,,,,,,,,,3651,1970,2795,1972,921,2459,1416,1381,811,480,3691,1954,2725,1725,736,562,256,452,176,189,891,399,680,231,289,,,,,,,,,,,,,,,,,,,,,,,,,
ACSSF,2012m1,co,000,0021,0000064,3921,2574,3718,1708,445,952,3400,2482,1899,1083,221,374,3891,1966,2807,1313,342,716,1067,832,365,491,68,189,2589,1237,2250,592,173,262,,,,,,,,,,,,,,,,,,,,,,,,,,,,,,,3842,1554,2487,2749,2486,2585,2659,802,1544,1467,1069,861,3594,536,1851,1882,2031,2072,881,553,140,295,618,104,2148,1321,847,1022,755,704,,,,,,,,,,,,,,,,,,,,,,,,,,,,,,,,,,,,,,,,,,,,,,,,,,,,,,,,3921,2574,3718,1839,952,3400,2482,1899,1112,374,3891,1966,2807,1416,716,1067,832,365,494,189,2589,1237,2250,618,262,,,,,,,,,,,,,,,,,,,,,,,,,
ACSSF,2012m1,co,000,0021,0000065,2880,2633,3114,1587,378,551,2373,2086,983,551,24,266,3360,2771,2767,1433,333,528,625,486,251,100,121,189,1481,877,1171,505,82,110,,,,,,,,,,,,,,,,,,,,,,,,,,,,,,,2822,1088,1187,1921,2408,1845,1506,173,708,787,829,467,2838,842,841,1815,2126,1712,465,189,189,185,306,208,1394,526,569,498,535,904,,,,,,,,,,,,,,,,,,,,,,,,,,,,,,,,,,,,,,,,,,,,,,,,,,,,,,,,2880,2633,3114,1713,551,2373,2086,983,549,266,3360,2771,2767,1520,528,625,486,251,157,189,1481,877,1171,558,110,,,,,,,,,,,,,,,,,,,,,,,,,
ACSSF,2012m1,co,000,0021,0000066,3439,2267,3981,1839,505,1029,2336,1760,2170,917,170,396,3330,1750,2996,1286,469,881,553,190,442,291,189,189,1633,615,1680,552,189,182,,,,,,,,,,,,,,,,,,,,,,,,,,,,,,,3377,927,1959,2135,2482,2240,2301,371,1194,1301,1187,840,3115,415,1415,1752,1874,1810,538,233,223,238,314,230,1687,675,458,765,998,858,,,,,,,,,,,,,,,,,,,,,,,,,,,,,,,,,,,,,,,,,,,,,,,,,,,,,,,,3439,2267,3981,1939,1029,2336,1760,2170,951,396,3330,1750,2996,1343,881,553,190,442,291,189,1633,615,1680,552,182,,,,,,,,,,,,,,,,,,,,,,,,,
ACSSF,2012m1,co,000,0021,0000067,4201,2830,3178,1834,586,1014,3576,2221,2187,826,402,725,3131,1625,2485,1536,391,481,403,187,340,84,189,189,2258,463,1970,537,229,318,,,,,,,,,,,,,,,,,,,,,,,,,,,,,,,3776,2033,2497,2363,2168,1468,2862,933,1650,1756,1029,663,2887,768,1560,1597,1772,1211,403,189,176,194,315,112,2264,1477,1013,906,630,372,,,,,,,,,,,,,,,,,,,,,,,,,,,,,,,,,,,,,,,,,,,,,,,,,,,,,,,,4201,2830,3178,1999,1014,3576,2221,2187,899,725,3131,1625,2485,1632,481,403,187,340,84,189,2258,463,1970,632,318,,,,,,,,,,,,,,,,,,,,,,,,,
ACSSF,2012m1,co,000,0021,0000068,4875,3569,3550,1832,594,884,4307,3069,2082,1340,442,294,3498,2313,2459,1186,296,746,840,164,798,216,189,189,3002,1488,2220,732,330,390,,,,,,,,,,,,,,,,,,,,,,,,,,,,,,,3938,2400,2949,2299,1815,1125,3161,791,2231,1646,815,576,3027,915,1705,1688,1591,858,832,426,319,427,224,248,2711,2039,1079,831,458,504,,,,,,,,,,,,,,,,,,,,,,,,,,,,,,,,,,,,,,,,,,,,,,,,,,,,,,,,4875,3569,3550,2015,884,4307,3069,2082,1495,294,3498,2313,2459,1177,746,840,164,798,216,189,3002,1488,2220,795,390,,,,,,,,,,,,,,,,,,,,,,,,,
ACSSF,2012m1,co,000,0021,0000069,4578,3700,3407,2391,1069,1085,4506,2851,2784,1263,353,867,3936,2375,2675,1576,605,601,415,288,118,314,189,90,3909,1776,2804,1147,870,358,,,,,,,,,,,,,,,,,,,,,,,,,,,,,,,3702,2740,2704,2430,1761,804,3685,1166,2087,1931,1017,563,3224,1183,1971,1895,1106,515,389,164,114,312,237,189,3018,2174,1338,886,585,195,,,,,,,,,,,,,,,,,,,,,,,,,,,,,,,,,,,,,,,,,,,,,,,,,,,,,,,,4578,3700,3407,2860,1085,4506,2851,2784,1387,867,3936,2375,2675,1750,601,415,288,118,314,90,3909,1776,2804,1598,358,,,,,,,,,,,,,,,,,,,,,,,,,
ACSSF,2012m1,co,000,0021,0000070,3737,2231,2962,1348,626,777,2385,1891,1325,523,396,196,2748,1430,2074,1119,276,569,773,363,616,234,189,189,2364,793,1683,669,550,435,,,,,,,,,,,,,,,,,,,,,,,,,,,,,,,3017,752,1849,2269,1985,1471,1799,460,924,1363,630,351,2250,338,1068,1532,1394,1030,727,81,293,561,285,134,2175,510,815,795,1355,845,,,,,,,,,,,,,,,,,,,,,,,,,,,,,,,,,,,,,,,,,,,,,,,,,,,,,,,,3737,2231,2962,1463,777,2385,1891,1325,648,196,2748,1430,2074,1158,569,773,363,616,234,189,2364,793,1683,871,435,,,,,,,,,,,,,,,,,,,,,,,,,
ACSSF,2012m1,co,000,0021,0000071,4334,3381,3636,1786,1245,921,3136,2470,1560,1264,399,305,2914,1933,2483,1264,765,689,552,331,315,423,65,189,3881,1817,2182,699,846,565,,,,,,,,,,,,,,,,,,,,,,,,,,,,,,,3611,2043,2374,2892,1749,1191,2197,508,1315,1538,765,620,2608,528,1717,1825,1285,968,453,145,95,391,171,189,3394,1825,926,1457,976,576,,,,,,,,,,,,,,,,,,,,,,,,,,,,,,,,,,,,,,,,,,,,,,,,,,,,,,,,4334,3381,3636,1969,921,3136,2470,1560,1388,305,2914,1933,2483,1318,689,552,331,315,428,189,3881,1817,2182,966,565,,,,,,,,,,,,,,,,,,,,,,,,,
ACSSF,2012m1,co,000,0021,0000072,4556,3484,2684,1468,1272,923,2500,2097,1158,905,272,412,3180,2263,1514,1162,773,722,575,320,564,175,189,189,3458,1968,2269,1013,933,429,,,,,,,,,,,,,,,,,,,,,,,,,,,,,,,3881,2176,2348,2099,1431,1126,1788,661,1157,1051,782,644,2671,508,1429,1528,1076,732,612,175,120,205,212,512,3010,2157,1443,1142,626,473,,,,,,,,,,,,,,,,,,,,,,,,,,,,,,,,,,,,,,,,,,,,,,,,,,,,,,,,4556,3484,2684,2063,923,2500,2097,1158,947,412,3180,2263,1514,1467,722,575,320,564,175,189,3458,1968,2269,1346,429,,,,,,,,,,,,,,,,,,,,,,,,,
ACSSF,2012m1,co,000,0021,0000073,3771,2287,3522,1603,400,817,2036,1550,1315,758,91,296,3386,1624,2853,1226,324,699,599,312,335,142,98,189,2375,978,1708,462,196,267,,,,,,,,,,,,,,,,,,,,,,,,,,,,,,,3008,730,1671,2022,2179,1708,1788,295,896,815,960,803,3074,551,1421,1642,1887,1344,486,189,237,156,284,232,1737,383,424,1158,831,826,,,,,,,,,,,,,,,,,,,,,,,,,,,,,,,,,,,,,,,,,,,,,,,,,,,,,,,,3771,2287,3522,1706,817,2036,1550,1315,763,296,3386,1624,2853,1325,699,599,312,335,178,189,2375,978,1708,492,267,,,,,,,,,,,,,,,,,,,,,,,,,
ACSSF,2012m1,co,000,0021,0000074,7465,4565,4219,2595,779,1140,3630,2650,1564,1002,444,730,4920,3192,2922,2023,416,595,790,520,319,78,53,213,4479,2244,2728,740,506,561,,,,,,,,,,,,,,,,,,,,,,,,,,,,,,,6021,2968,1999,2815,2806,2810,3004,1266,1233,1417,1622,562,4474,1396,1158,2338,2082,2669,558,189,40,468,262,149,3817,2235,1171,1333,880,546,,,,,,,,,,,,,,,,,,,,,,,,,,,,,,,,,,,,,,,,,,,,,,,,,,,,,,,,7465,4565,4219,2727,1140,3630,2650,1564,1131,730,4920,3192,2922,2097,595,790,520,319,97,213,4479,2244,2728,946,561,,,,,,,,,,,,,,,,,,,,,,,,,
ACSSF,2012m1,co,000,0021,0000075,6016,4310,3026,2606,809,730,3576,2806,1491,1207,535,343,3255,2673,1867,1852,496,519,787,458,352,453,189,275,2419,1398,1349,887,402,373,,,,,,,,,,,,,,,,,,,,,,,,,,,,,,,4513,1973,2024,2596,2317,1333,2676,911,1599,1569,1001,724,2761,811,1012,1659,2035,1301,698,189,324,545,337,169,1958,1484,936,360,418,392,,,,,,,,,,,,,,,,,,,,,,,,,,,,,,,,,,,,,,,,,,,,,,,,,,,,,,,,6016,4310,3026,2748,730,3576,2806,1491,1292,343,3255,2673,1867,1954,519,787,458,352,453,275,2419,1398,1349,1017,373,,,,,,,,,,,,,,,,,,,,,,,,,
ACSSF,2012m1,co,000,0021,0000076,4704,4088,3382,1577,615,809,3052,2277,1672,681,149,443,3748,3178,2558,1274,602,596,559,493,262,186,189,62,1409,822,855,611,66,269,,,,,,,,,,,,,,,,,,,,,,,,,,,,,,,4300,1250,1282,2073,3157,2832,2954,449,763,1232,2137,886,3492,719,1025,1644,2458,2318,544,189,149,325,386,209,1349,642,245,261,756,823,,,,,,,,,,,,,,,,,,,,,,,,,,,,,,,,,,,,,,,,,,,,,,,,,,,,,,,,4704,4088,3382,1697,809,3052,2277,1672,695,443,3748,3178,2558,1444,596,559,493,262,186,62,1409,822,855,615,269,,,,,,,,,,,,,,,,,,,,,,,,,
ACSSF,2012m1,co,000,0021,0000077,5995,4069,4489,2393,1255,1039,3229,2627,1687,1269,592,418,3934,2914,2936,1871,599,668,863,509,574,418,189,99,4593,2221,3456,792,764,705,,,,,,,,,,,,,,,,,,,,,,,,,,,,,,,4887,1669,2491,2701,3149,2753,2635,457,1476,1637,1375,963,3638,910,1359,2015,2315,2228,821,189,357,291,564,356,4064,1575,1675,1624,1976,1221,,,,,,,,,,,,,,,,,,,,,,,,,,,,,,,,,,,,,,,,,,,,,,,,,,,,,,,,5995,4069,4489,2616,1039,3229,2627,1687,1441,418,3934,2914,2936,1904,668,863,509,574,418,99,4593,2221,3456,1020,705,,,,,,,,,,,,,,,,,,,,,,,,,
ACSSF,2012m1,co,000,0021,0000078,5943,3197,3863,1730,1367,1003,3857,2460,1841,1182,509,515,2781,1467,1789,1151,706,753,309,252,102,140,189,189,4061,1585,2739,915,1009,307,,,,,,,,,,,,,,,,,,,,,,,,,,,,,,,4598,2932,3005,2309,1862,977,2729,1266,1869,1514,1001,384,2591,690,1321,1383,1202,775,242,189,165,82,137,189,3662,2773,2147,859,652,328,,,,,,,,,,,,,,,,,,,,,,,,,,,,,,,,,,,,,,,,,,,,,,,,,,,,,,,,5943,3197,3863,2362,1003,3857,2460,1841,1281,515,2781,1467,1789,1445,753,309,252,102,140,189,4061,1585,2739,1372,307,,,,,,,,,,,,,,,,,,,,,,,,,
ACSSF,2012m1,co,000,0021,0000079,3013,2627,3382,2111,406,831,3461,2077,2125,1546,265,384,2822,1755,2255,1310,339,816,364,211,257,88,189,125,1369,712,1193,283,46,173,,,,,,,,,,,,,,,,,,,,,,,,,,,,,,,2849,950,2632,2114,1848,1610,2660,461,1607,1647,980,820,2610,626,1512,1800,1457,1315,345,189,196,150,159,169,1257,632,1054,541,423,362,,,,,,,,,,,,,,,,,,,,,,,,,,,,,,,,,,,,,,,,,,,,,,,,,,,,,,,,3013,2627,3382,2113,831,3461,2077,2125,1553,384,2822,1755,2255,1324,816,364,211,257,88,125,1369,712,1193,298,173,,,,,,,,,,,,,,,,,,,,,,,,,
ACSSF,2012m1,co,000,0021,0000080,3740,2736,2737,1994,835,878,2931,2022,1663,1318,725,417,2926,1672,2320,1536,336,707,451,301,299,74,189,189,2111,1173,1142,665,110,382,,,,,,,,,,,,,,,,,,,,,,,,,,,,,,,3303,1638,2301,2303,2031,1386,2336,1347,1474,1856,1140,658,2730,687,1571,1393,1636,1269,363,144,189,297,149,70,1709,813,771,684,514,449,,,,,,,,,,,,,,,,,,,,,,,,,,,,,,,,,,,,,,,,,,,,,,,,,,,,,,,,3740,2736,2737,2188,878,2931,2022,1663,1499,417,2926,1672,2320,1643,707,451,301,299,74,189,2111,1173,1142,681,382,,,,,,,,,,,,,,,,,,,,,,,,,
ACSSF,2012m1,co,000,0021,0000081,3864,2825,3363,1845,609,894,3549,1984,2533,1080,353,524,3673,2030,2490,1230,323,765,780,445,341,310,189,189,1852,714,1548,431,443,268,,,,,,,,,,,,,,,,,,,,,,,,,,,,,,,3248,1417,2145,2605,2025,1460,2957,682,1460,1587,1128,727,3105,793,1383,1955,1719,1148,772,194,165,686,307,150,1521,1057,893,605,533,582,,,,,,,,,,,,,,,,,,,,,,,,,,,,,,,,,,,,,,,,,,,,,,,,,,,,,,,,3864,2825,3363,1995,894,3549,1984,2533,1158,524,3673,2030,2490,1323,765,780,445,341,310,189,1852,714,1548,625,268,,,,,,,,,,,,,,,,,,,,,,,,,
ACSSF,2012m1,co,000,0021,0000082,2921,2538,2429,1827,639,1045,3204,2269,1393,1286,285,522,2927,2053,2237,1127,546,950,489,226,371,236,189,189,1283,489,883,601,231,214,,,,,,,,,,,,,,,,,,,,,,,,,,,,,,,2457,963,1679,2094,1577,1155,2278,662,1236,1362,951,503,2527,752,1373,1483,1384,1033,451,189,126,224,316,232,1214,838,536,530,437,453,,,,,,,,,,,,,,,,,,,,,,,,,,,,,,,,,,,,,,,,,,,,,,,,,,,,,,,,2921,2538,2429,1952,1045,3204,2269,1393,1350,522,2927,2053,2237,1227,950,489,226,371,236,189,1283,489,883,660,214,,,,,,,,,,,,,,,,,,,,,,,,,
ACSSF,2012m1,co,000,0021,0000083,4210,2852,3579,1577,272,992,3411,2105,2101,675,192,449,3848,1787,3110,1304,189,773,733,566,470,129,189,189,1608,948,919,431,57,335,,,,,,,,,,,,,,,,,,,,,,,,,,,,,,,3629,681,1774,2216,2298,1635,2604,457,1020,1465,1098,791,3418,431,1291,1737,2153,1641,668,189,189,473,385,287,1430,652,557,638,684,514,,,,,,,,,,,,,,,,,,,,,,,,,,,,,,,,,,,,,,,,,,,,,,,,,,,,,,,,4210,2852,3579,1582,992,3411,2105,2101,650,449,3848,1787,3110,1321,773,733,566,470,129,189,1608,948,919,438,335,,,,,,,,,,,,,,,,,,,,,,,,,
ACSSF,2012m1,co,000,0021,0000084,3336,2085,3057,1391,297,528,2665,1525,1562,826,255,311,3542,1353,3041,1051,154,338,631,131,604,98,189,189,1568,518,1223,341,189,236,,,,,,,,,,,,,,,,,,,,,,,,,,,,,,,2912,884,1416,2251,1979,1536,2065,475,891,1223,920,669,3121,402,1075,1899,1721,1348,631,189,189,269,420,404,1353,579,430,444,833,537,,,,,,,,,,,,,,,,,,,,,,,,,,,,,,,,,,,,,,,,,,,,,,,,,,,,,,,,3336,2085,3057,1419,528,2665,1525,1562,842,311,3542,1353,3041,1112,338,631,131,604,98,189,1568,518,1223,341,236,,,,,,,,,,,,,,,,,,,,,,,,,
ACSSF,2012m1,co,000,0021,0000085,3208,2237,3468,1610,363,713,3039,1760,1917,686,186,301,3459,1549,3528,1240,322,533,548,400,324,160,189,189,1574,793,871,492,189,530,,,,,,,,,,,,,,,,,,,,,,,,,,,,,,,2759,570,2211,2474,1987,1799,2260,377,838,1416,1044,578,3080,341,1681,1924,1955,1666,355,189,168,232,174,182,1167,206,650,714,400,511,,,,,,,,,,,,,,,,,,,,,,,,,,,,,,,,,,,,,,,,,,,,,,,,,,,,,,,,3208,2237,3468,1696,713,3039,1760,1917,708,301,3459,1549,3528,1327,533,548,400,324,160,189,1574,793,871,492,530,,,,,,,,,,,,,,,,,,,,,,,,,
ACSSF,2012m1,co,000,0021,0000086,4683,1995,3755,1722,523,805,3079,1472,2148,892,220,215,2822,1416,2114,1032,424,566,951,392,406,542,189,133,2537,965,2016,759,152,542,,,,,,,,,,,,,,,,,,,,,,,,,,,,,,,4217,1596,2051,2671,1816,1093,2788,765,1245,1281,1484,348,2368,512,1493,1787,1097,787,884,124,251,593,369,108,2296,1396,1167,684,542,774,,,,,,,,,,,,,,,,,,,,,,,,,,,,,,,,,,,,,,,,,,,,,,,,,,,,,,,,4683,1995,3755,1825,805,3079,1472,2148,861,215,2822,1416,2114,1212,566,951,392,406,542,133,2537,965,2016,764,542,,,,,,,,,,,,,,,,,,,,,,,,,
ACSSF,2012m1,co,000,0021,0000087,1878,2168,3215,1604,303,680,2429,1766,1605,752,81,393,2696,2088,2765,1199,265,558,559,110,534,166,189,21,986,428,424,341,189,255,,,,,,,,,,,,,,,,,,,,,,,,,,,,,,,1563,1034,1689,2092,1525,1613,1826,587,1080,1004,895,717,2319,694,1233,1896,1307,1326,536,79,102,231,491,61,884,474,282,327,249,210,,,,,,,,,,,,,,,,,,,,,,,,,,,,,,,,,,,,,,,,,,,,,,,,,,,,,,,,1878,2168,3215,1648,680,2429,1766,1605,756,393,2696,2088,2765,1233,558,559,110,534,166,21,986,428,424,341,255,,,,,,,,,,,,,,,,,,,,,,,,,
ACSSF,2012m1,co,000,0021,0000088,2176,2449,3979,1895,971,1245,2900,2035,2521,1201,650,794,3814,2274,3253,1465,648,1040,427,258,346,189,189,189,1582,389,1433,263,189,273,,,,,,,,,,,,,,,,,,,,,,,,,,,,,,,1986,1476,2538,2916,2024,1096,2676,878,1738,1821,1190,717,3105,970,2149,2251,1672,866,343,88,322,189,120,189,1502,821,839,672,328,198,,,,,,,,,,,,,,,,,,,,,,,,,,,,,,,,,,,,,,,,,,,,,,,,,,,,,,,,2176,2449,3979,2040,1245,2900,2035,2521,1348,794,3814,2274,3253,1581,1040,427,258,346,189,189,1582,389,1433,263,273,,,,,,,,,,,,,,,,,,,,,,,,,
ACSSF,2012m1,co,000,0021,0000089,2343,2034,3074,1599,489,731,2627,1569,1820,696,326,402,2724,1155,2737,1116,349,568,274,29,250,113,189,15,1083,503,759,401,175,78,,,,,,,,,,,,,,,,,,,,,,,,,,,,,,,2099,1141,1588,1644,1410,1402,1801,750,1297,1214,675,791,2545,997,1202,1467,1265,1335,274,189,112,35,189,250,1006,605,522,349,347,188,,,,,,,,,,,,,,,,,,,,,,,,,,,,,,,,,,,,,,,,,,,,,,,,,,,,,,,,2343,2034,3074,1613,731,2627,1569,1820,789,402,2724,1155,2737,1147,568,274,29,250,113,15,1083,503,759,441,78,,,,,,,,,,,,,,,,,,,,,,,,,
ACSSF,2012m1,co,000,0021,0000090,3884,1892,3862,1477,456,889,2199,1288,1502,674,229,349,3898,1326,3473,1447,357,797,1362,772,989,185,134,189,1353,419,1159,311,189,152,,,,,,,,,,,,,,,,,,,,,,,,,,,,,,,3725,1032,2207,3193,1794,1310,1855,408,1110,983,757,330,3679,830,1393,2992,1648,1274,1045,42,541,672,482,42,1281,485,598,828,223,330,,,,,,,,,,,,,,,,,,,,,,,,,,,,,,,,,,,,,,,,,,,,,,,,,,,,,,,,3884,1892,3862,1505,889,2199,1288,1502,682,349,3898,1326,3473,1482,797,1362,772,989,224,189,1353,419,1159,311,152,,,,,,,,,,,,,,,,,,,,,,,,,
ACSSF,2012m1,co,000,0021,0000091,5498,3255,4329,1824,474,872,2654,1845,1416,597,155,598,4277,2243,3410,1554,458,743,858,478,584,397,189,189,2220,1247,1477,627,59,176,,,,,,,,,,,,,,,,,,,,,,,,,,,,,,,4402,968,2013,3067,2116,1873,2293,342,936,1426,1082,616,3586,685,1759,2380,1563,1516,746,137,292,576,423,245,2024,634,662,935,732,881,,,,,,,,,,,,,,,,,,,,,,,,,,,,,,,,,,,,,,,,,,,,,,,,,,,,,,,,5498,3255,4329,1850,872,2654,1845,1416,599,598,4277,2243,3410,1616,743,858,478,584,397,189,2220,1247,1477,628,176,,,,,,,,,,,,,,,,,,,,,,,,,
ACSSF,2012m1,co,000,0021,0000092,4925,3479,3177,1397,1111,1102,2525,1800,1578,792,618,389,3346,2448,2253,1205,802,902,1255,841,567,228,343,66,1842,1298,1037,383,243,528,,,,,,,,,,,,,,,,,,,,,,,,,,,,,,,3942,1156,2531,2720,1499,1056,2208,422,1321,1321,756,479,2685,605,2036,1981,1276,814,734,111,272,597,334,98,1393,879,500,474,461,264,,,,,,,,,,,,,,,,,,,,,,,,,,,,,,,,,,,,,,,,,,,,,,,,,,,,,,,,4925,3479,3177,1732,1102,2525,1800,1578,1021,389,3346,2448,2253,1336,902,1255,841,567,412,66,1842,1298,1037,456,528,,,,,,,,,,,,,,,,,,,,,,,,,
ACSSF,2012m1,co,000,0021,0000093,4945,2711,4010,1311,591,756,2556,1480,1590,552,454,123,3942,2110,3077,1301,258,613,889,558,583,311,162,189,1855,745,1430,343,148,416,,,,,,,,,,,,,,,,,,,,,,,,,,,,,,,4095,936,2338,2867,2295,1177,1669,257,814,1222,692,299,3373,632,1801,2476,1986,1114,883,96,498,529,434,248,1695,578,904,644,501,331,,,,,,,,,,,,,,,,,,,,,,,,,,,,,,,,,,,,,,,,,,,,,,,,,,,,,,,,4945,2711,4010,1388,756,2556,1480,1590,718,123,3942,2110,3077,1375,613,889,558,583,313,189,1855,745,1430,350,416,,,,,,,,,,,,,,,,,,,,,,,,,
ACSSF,2012m1,co,000,0021,0000094,5487,3132,3301,1907,1018,836,2559,1748,1308,872,776,262,4003,2139,2596,1383,436,718,1221,635,677,426,174,129,2750,1486,2129,591,356,416,,,,,,,,,,,,,,,,,,,,,,,,,,,,,,,4106,2083,2654,2646,1440,917,1892,801,957,1246,352,408,3058,622,1707,2273,1245,767,1085,302,419,696,369,126,2315,1767,1691,646,478,211,,,,,,,,,,,,,,,,,,,,,,,,,,,,,,,,,,,,,,,,,,,,,,,,,,,,,,,,5487,3132,3301,2177,836,2559,1748,1308,1213,262,4003,2139,2596,1454,718,1221,635,677,457,129,2750,1486,2129,670,416,,,,,,,,,,,,,,,,,,,,,,,,,
ACSSF,2012m1,co,000,0021,0000095,6015,2846,3945,1643,389,1072,2130,1435,1378,624,78,444,5146,2143,3437,1239,381,930,943,721,596,336,189,189,2017,609,1620,484,189,182,,,,,,,,,,,,,,,,,,,,,,,,,,,,,,,4683,613,1578,2434,2335,1960,1779,401,575,890,998,627,4058,440,1539,1992,2146,1592,754,189,105,453,535,433,1963,206,487,864,836,746,,,,,,,,,,,,,,,,,,,,,,,,,,,,,,,,,,,,,,,,,,,,,,,,,,,,,,,,6015,2846,3945,1680,1072,2130,1435,1378,633,444,5146,2143,3437,1271,930,943,721,596,336,189,2017,609,1620,484,182,,,,,,,,,,,,,,,,,,,,,,,,,
ACSSF,2012m1,co,000,0021,0000096,4994,2601,3431,1447,304,985,2055,1385,1343,383,78,244,4192,1999,3139,1167,292,894,869,653,543,256,189,189,1509,415,1208,556,189,130,,,,,,,,,,,,,,,,,,,,,,,,,,,,,,,3558,450,1567,2187,2260,1849,1649,163,407,834,863,563,3359,374,1479,1800,1893,1579,655,189,157,498,268,264,1347,210,464,712,761,597,,,,,,,,,,,,,,,,,,,,,,,,,,,,,,,,,,,,,,,,,,,,,,,,,,,,,,,,4994,2601,3431,1431,985,2055,1385,1343,412,244,4192,1999,3139,1152,894,869,653,543,256,189,1509,415,1208,556,130,,,,,,,,,,,,,,,,,,,,,,,,,
ACSSF,2012m1,co,000,0021,0000097,5303,4072,4310,2228,1606,1158,3640,2943,1861,1594,514,488,3984,2669,2671,1405,838,879,765,463,442,435,65,189,4852,2920,3283,1103,1228,654,,,,,,,,,,,,,,,,,,,,,,,,,,,,,,,4301,2513,3041,3342,2145,1391,2728,900,1824,1561,1166,670,3271,729,2089,2260,1477,992,649,217,123,465,419,71,4208,2522,1559,1844,1001,650,,,,,,,,,,,,,,,,,,,,,,,,,,,,,,,,,,,,,,,,,,,,,,,,,,,,,,,,5303,4072,4310,2787,1158,3640,2943,1861,1654,488,3984,2669,2671,1436,879,765,463,442,440,189,4852,2920,3283,1615,654,,,,,,,,,,,,,,,,,,,,,,,,,
ACSSF,2012m1,co,000,0021,0000098,3171,3462,4457,2300,512,1049,3116,2440,1739,1081,172,460,3813,3047,3658,1742,481,846,781,546,425,151,121,189,1940,1107,1934,778,103,271,,,,,,,,,,,,,,,,,,,,,,,,,,,,,,,2965,903,2036,2580,2642,2671,2223,280,954,1329,1149,880,3391,475,1482,2428,2464,2352,656,36,77,276,466,311,1875,791,714,854,1078,1290,,,,,,,,,,,,,,,,,,,,,,,,,,,,,,,,,,,,,,,,,,,,,,,,,,,,,,,,3171,3462,4457,2407,1049,3116,2440,1739,1091,460,3813,3047,3658,1805,846,781,546,425,191,189,1940,1107,1934,823,271,,,,,,,,,,,,,,,,,,,,,,,,,
ACSSF,2012m1,co,000,0021,0000099,3239,2621,2534,1572,562,552,2940,2094,2105,848,296,287,3158,1665,2256,886,434,332,340,87,77,310,189,90,2678,1213,1486,705,301,205,,,,,,,,,,,,,,,,,,,,,,,,,,,,,,,2665,1398,1518,2207,1462,843,2560,574,1307,1552,862,561,2453,696,1145,1789,993,531,340,189,189,319,129,189,1930,1165,812,559,436,182,,,,,,,,,,,,,,,,,,,,,,,,,,,,,,,,,,,,,,,,,,,,,,,,,,,,,,,,3239,2621,2534,1776,552,2940,2094,2105,933,287,3158,1665,2256,1034,332,340,87,77,310,90,2678,1213,1486,893,205,,,,,,,,,,,,,,,,,,,,,,,,,
ACSSF,2012m1,co,000,0021,0000100,5647,3825,4810,2634,1338,1011,3596,2817,2201,1096,458,482,4536,2873,3502,1739,1046,900,1207,649,944,277,98,82,4035,2237,3313,1138,907,697,,,,,,,,,,,,,,,,,,,,,,,,,,,,,,,4703,1433,3221,3970,3562,2362,2622,568,1566,1818,1351,1117,3681,742,1754,2813,2479,1969,1121,81,431,603,456,557,3486,1130,1912,1747,2108,1576,,,,,,,,,,,,,,,,,,,,,,,,,,,,,,,,,,,,,,,,,,,,,,,,,,,,,,,,5647,3825,4810,2715,1011,3596,2817,2201,1099,482,4536,2873,3502,1859,900,1207,649,944,269,82,4035,2237,3313,1378,697,,,,,,,,,,,,,,,,,,,,,,,,,
ACSSF,2012m1,co,000,0021,0000101,5928,4195,5058,2213,1343,1532,3183,2376,2189,847,698,662,4544,2993,3737,1939,923,1138,1545,997,784,512,382,66,2533,1742,1866,623,328,548,,,,,,,,,,,,,,,,,,,,,,,,,,,,,,,4716,2072,3598,3640,2751,1646,2819,721,1669,1695,1213,626,3696,1028,2334,2790,2238,1398,1148,201,546,825,593,246,2212,1599,1330,936,585,781,,,,,,,,,,,,,,,,,,,,,,,,,,,,,,,,,,,,,,,,,,,,,,,,,,,,,,,,5928,4195,5058,2601,1532,3183,2376,2189,1137,662,4544,2993,3737,2125,1138,1545,997,784,569,66,2533,1742,1866,699,548,,,,,,,,,,,,,,,,,,,,,,,,,
ACSSF,2012m1,co,000,0021,0000102,691,5220,6789,4555,2097,2138,6080,5018,3461,2098,1089,1055,5514,5005,4250,3622,1294,1249,1483,1094,727,633,53,368,6086,3338,4657,1605,1271,1032,,,,,,,,,,,,,,,,,,,,,,,,,,,,,,,567,4167,4422,4919,4976,4656,5301,2451,3213,3002,3148,1539,4908,1899,2544,4008,4033,4542,1257,189,432,901,873,441,5227,3672,2735,1956,1746,1251,,,,,,,,,,,,,,,,,,,,,,,,,,,,,,,,,,,,,,,,,,,,,,,,,,,,,,,,691,5220,6789,4703,2138,6080,5018,3461,2262,1055,5514,5005,4250,3940,1249,1483,1094,727,639,368,6086,3338,4657,2106,1032,,,,,,,,,,,,,,,,,,,,,,,,,
ACSSF,2012m1,co,000,0021,0000103,815,2833,4455,2664,535,1226,3969,2285,2453,1193,335,472,4074,2362,4727,1935,383,967,965,620,793,240,189,189,2274,1055,1505,710,57,676,,,,,,,,,,,,,,,,,,,,,,,,,,,,,,,967,1134,2662,2997,2885,2237,2950,666,1506,2001,1487,1174,3326,533,2113,2476,2668,2153,868,189,131,635,528,439,1987,854,913,1007,1087,901,,,,,,,,,,,,,,,,,,,,,,,,,,,,,,,,,,,,,,,,,,,,,,,,,,,,,,,,815,2833,4455,2671,1226,3969,2285,2453,1198,472,4074,2362,4727,1969,967,965,620,793,240,189,2274,1055,1505,708,676,,,,,,,,,,,,,,,,,,,,,,,,,
ACSSF,2012m1,co,000,0021,0000104,4151,2096,3268,1295,337,795,1993,1065,1213,555,299,430,3570,1699,2921,1168,100,452,820,655,462,163,189,189,1281,620,947,100,117,505,,,,,,,,,,,,,,,,,,,,,,,,,,,,,,,3255,523,1488,2459,1944,1270,1270,373,495,912,448,315,3041,350,1378,2135,1717,1114,779,189,451,425,561,209,1073,84,426,739,466,314,,,,,,,,,,,,,,,,,,,,,,,,,,,,,,,,,,,,,,,,,,,,,,,,,,,,,,,,4151,2096,3268,1310,795,1993,1065,1213,636,430,3570,1699,2921,1170,452,820,655,462,163,189,1281,620,947,149,505,,,,,,,,,,,,,,,,,,,,,,,,,
ACSSF,2012m1,co,000,0021,0000105,3656,2335,4285,2144,636,889,3569,2058,2337,1039,292,412,3829,2930,3231,1756,373,727,650,315,491,352,23,189,1901,916,1298,545,353,206,,,,,,,,,,,,,,,,,,,,,,,,,,,,,,,3194,1134,1772,3029,2432,2136,2688,637,1171,1459,1365,766,3291,571,1694,2282,2248,1751,618,171,129,463,334,306,1484,684,489,704,539,891,,,,,,,,,,,,,,,,,,,,,,,,,,,,,,,,,,,,,,,,,,,,,,,,,,,,,,,,3656,2335,4285,2363,889,3569,2058,2337,1159,412,3829,2930,3231,1868,727,650,315,491,353,189,1901,916,1298,654,206,,,,,,,,,,,,,,,,,,,,,,,,,
ACSSF,2012m1,co,000,0021,0000106,1078,2245,3890,1959,976,1270,3485,2095,2847,1293,650,832,3900,2320,3350,1490,651,1052,427,258,346,189,189,189,1635,387,1492,263,189,273,,,,,,,,,,,,,,,,,,,,,,,,,,,,,,,1141,1580,2659,2878,2203,1324,3086,1015,1941,2019,1225,967,3098,1004,2175,2241,1829,1123,343,88,322,189,120,189,1546,829,853,672,328,216,,,,,,,,,,,,,,,,,,,,,,,,,,,,,,,,,,,,,,,,,,,,,,,,,,,,,,,,1078,2245,3890,2075,1270,3485,2095,2847,1421,832,3900,2320,3350,1585,1052,427,258,346,189,189,1635,387,1492,263,273,,,,,,,,,,,,,,,,,,,,,,,,,
ACSSF,2012m1,co,000,0021,0000107,3254,2645,2912,1751,694,843,3032,2050,2369,1077,525,686,2590,1528,1896,933,227,598,726,465,486,266,47,189,2368,1097,1904,643,401,131,,,,,,,,,,,,,,,,,,,,,,,,,,,,,,,2832,2011,2183,2059,1113,830,2251,1172,1295,1569,737,637,2336,873,1463,1376,791,568,556,400,179,114,249,122,1948,1361,934,712,228,415,,,,,,,,,,,,,,,,,,,,,,,,,,,,,,,,,,,,,,,,,,,,,,,,,,,,,,,,3254,2645,2912,2045,843,3032,2050,2369,1218,686,2590,1528,1896,987,598,726,465,486,252,189,2368,1097,1904,761,131,,,,,,,,,,,,,,,,,,,,,,,,,
ACSSF,2012m1,co,000,0021,0000108,4811,2804,3095,1947,830,608,2080,1533,870,760,668,241,3515,1821,2267,1644,417,538,802,406,528,132,173,189,3025,1721,1870,395,314,192,,,,,,,,,,,,,,,,,,,,,,,,,,,,,,,4053,1719,2085,3020,1177,686,1606,638,879,1408,363,218,3113,500,1585,2146,1039,593,727,302,221,523,118,126,2212,1458,1369,627,478,211,,,,,,,,,,,,,,,,,,,,,,,,,,,,,,,,,,,,,,,,,,,,,,,,,,,,,,,,4811,2804,3095,2168,608,2080,1533,870,1086,241,3515,1821,2267,1698,538,802,406,528,218,189,3025,1721,1870,501,192,,,,,,,,,,,,,,,,,,,,,,,,,
ACSSF,2012m1,co,000,0021,0000109,1127,4322,6220,3862,1210,1563,5904,3881,4049,2658,889,986,6251,3773,5235,2676,708,1448,1153,713,700,493,99,125,2969,1422,2198,1057,456,630,,,,,,,,,,,,,,,,,,,,,,,,,,,,,,,788,2399,4286,4087,3996,3060,4719,1735,2968,3179,2360,1526,5134,1297,2950,2982,3657,2819,1120,336,468,838,653,401,2643,1381,1852,1129,956,944,,,,,,,,,,,,,,,,,,,,,,,,,,,,,,,,,,,,,,,,,,,,,,,,,,,,,,,,1127,4322,6220,4049,1563,5904,3881,4049,2883,986,6251,3773,5235,2780,1448,1153,713,700,503,125,2969,1422,2198,1171,630,,,,,,,,,,,,,,,,,,,,,,,,,
ACSSF,2012m1,co,000,0021,0000110,2457,2211,2653,1604,303,1087,2158,1684,1223,1054,160,387,2703,1765,2489,1270,267,1047,280,179,155,72,189,189,1141,377,936,325,189,175,,,,,,,,,,,,,,,,,,,,,,,,,,,,,,,2202,777,1654,1854,1703,1569,1823,543,1222,879,808,656,2461,430,1288,1550,1509,1243,196,189,66,138,92,66,1036,494,364,422,447,428,,,,,,,,,,,,,,,,,,,,,,,,,,,,,,,,,,,,,,,,,,,,,,,,,,,,,,,,2457,2211,2653,1651,1087,2158,1684,1223,1090,387,2703,1765,2489,1269,1047,280,179,155,72,189,1141,377,936,325,175,,,,,,,,,,,,,,,,,,,,,,,,,
ACSSF,2012m1,co,000,0021,0000111,3619,2509,3490,1809,445,934,3189,2421,1623,1099,221,384,3906,2026,2761,1454,342,734,1028,832,322,491,68,189,2419,1234,2073,578,173,259,,,,,,,,,,,,,,,,,,,,,,,,,,,,,,,3640,1784,2454,2700,2512,2439,2470,800,1436,1521,1048,848,3527,937,1872,1891,2065,1977,832,553,140,293,535,104,1897,1323,799,896,623,700,,,,,,,,,,,,,,,,,,,,,,,,,,,,,,,,,,,,,,,,,,,,,,,,,,,,,,,,3619,2509,3490,1941,934,3189,2421,1623,1128,384,3906,2026,2761,1551,734,1028,832,322,494,189,2419,1234,2073,604,259,,,,,,,,,,,,,,,,,,,,,,,,,
ACSSF,2012m1,co,000,0021,0000112,3435,2723,3457,1926,350,1009,3147,1963,2120,981,248,522,3055,1658,2638,1340,240,805,533,335,377,191,189,19,1207,211,1061,560,189,348,,,,,,,,,,,,,,,,,,,,,,,,,,,,,,,3082,1239,2210,2519,1966,1710,2408,592,1193,1532,1051,790,2914,649,2007,1902,1607,1363,533,328,279,304,132,132,1207,872,205,825,366,173,,,,,,,,,,,,,,,,,,,,,,,,,,,,,,,,,,,,,,,,,,,,,,,,,,,,,,,,3435,2723,3457,2016,1009,3147,1963,2120,1054,522,3055,1658,2638,1391,805,533,335,377,191,19,1207,211,1061,560,348,,,,,,,,,,,,,,,,,,,,,,,,,
ACSSF,2012m1,co,000,0021,0000113,1260,2134,2365,1557,726,933,2670,1914,2150,1232,573,768,2292,1302,1573,937,400,606,439,353,218,96,189,81,1017,461,804,220,87,162,,,,,,,,,,,,,,,,,,,,,,,,,,,,,,,1310,1941,2017,2276,1369,927,2367,1337,1872,1934,1076,605,2074,1088,1219,1438,886,720,417,324,108,154,144,103,948,487,523,517,100,213,,,,,,,,,,,,,,,,,,,,,,,,,,,,,,,,,,,,,,,,,,,,,,,,,,,,,,,,1260,2134,2365,1500,933,2670,1914,2150,1263,768,2292,1302,1573,1053,606,439,353,218,96,81,1017,461,804,233,162,,,,,,,,,,,,,,,,,,,,,,,,,
ACSSF,2012m1,co,000,0021,0000114,4685,3807,4349,2149,770,1262,4345,3073,2415,951,585,744,4437,2512,3439,2112,482,991,827,260,771,225,189,189,3229,1619,2519,692,332,309,,,,,,,,,,,,,,,,,,,,,,,,,,,,,,,3885,2472,3519,3262,2299,1945,3494,1010,2281,1935,1053,939,3856,1033,2701,2396,2024,1602,797,384,357,444,353,267,2959,2159,1394,1108,693,748,,,,,,,,,,,,,,,,,,,,,,,,,,,,,,,,,,,,,,,,,,,,,,,,,,,,,,,,4685,3807,4349,2425,1262,4345,3073,2415,1132,744,4437,2512,3439,2166,991,827,260,771,225,189,3229,1619,2519,781,309,,,,,,,,,,,,,,,,,,,,,,,,,
ACSSF,2012m1,co,000,0021,0000115,3674,2370,2832,1464,547,731,2475,1707,1530,779,266,449,2300,1429,1389,1002,401,421,397,269,303,129,189,189,2142,762,1766,545,256,292,,,,,,,,,,,,,,,,,,,,,,,,,,,,,,,3091,1902,1911,1554,1111,540,1978,835,1363,979,562,223,2217,885,893,1033,828,498,383,253,164,147,234,86,1886,1483,806,569,280,167,,,,,,,,,,,,,,,,,,,,,,,,,,,,,,,,,,,,,,,,,,,,,,,,,,,,,,,,3674,2370,2832,1680,731,2475,1707,1530,800,449,2300,1429,1389,1218,421,397,269,303,129,189,2142,762,1766,695,292,,,,,,,,,,,,,,,,,,,,,,,,,
