ACSSF,2012m1,co,000,0022,0000001,2040,11372,11241,13653,9024,11048,8930,11877,9329,6065,9423,18706,6920,17467,8881,6127,6683,5172,7900,5064,3092,5399,18171,7940,16498,7624,5994,9275,7521,9914,7374,4832,7745,4990,1659,4356,2032,1028,1705,1513,1503,1014,944,1707,12316,5052,11266,5431,3356,5086,4112,4141,3358,1751,2846,,,,,,,,,,,,,,,,,,,,,,,,,,,,,,,,,,,,,,,,,,,,,,,,,,,,,,,,430,617,555,2380,876,,,,,,2557,20406,15993,22207,21638,13683,10696,23791,20422,11283,7585,20289,5551,2061,1705,4555,13266,7663,6609,12602,,,,,,,,,,,,,,,,,,,,,,,,,,,,,,,,,,,,,,,,,,,,,,,,,,,,,,,,,,,,,,,,,,,
ACSSF,2012m1,co,000,0022,0000002,10077,10453,13525,13057,8353,10126,8799,11116,8562,5545,8616,17176,6371,16105,8209,5858,6438,5120,7167,4812,2958,4815,17483,7254,16494,7320,5619,8382,7160,9458,6855,4087,7278,4560,1508,4034,2049,957,1652,1429,1296,944,946,1617,11733,4869,10698,5213,3254,5029,4024,4110,3239,1730,2634,,,,,,,,,,,,,,,,,,,,,,,,,,,,,,,,,,,,,,,,,,,,,,,,,,,,,,,,490,719,617,2704,887,,,,,,13777,19366,15040,25491,21061,13192,10465,23289,19686,10509,6669,19095,5271,2047,1668,4084,12824,7491,6637,12306,,,,,,,,,,,,,,,,,,,,,,,,,,,,,,,,,,,,,,,,,,,,,,,,,,,,,,,,,,,,,,,,,,,
ACSSF,2012m1,co,000,0022,0000003,10077,4443,8781,5149,2782,4094,3381,4068,2902,2151,3381,7276,2513,6553,3267,1617,2564,1958,2326,1972,1135,1789,9060,3132,7507,3509,1866,3018,2596,3406,2357,1847,2874,1538,548,1303,452,312,452,376,556,277,58,534,3061,1265,2413,1028,932,1275,806,704,556,415,858,,,,,,,,,,,,,,,,,,,,,,,,,,,,,,,,,,,,,,,,,,,,,,,,,,,,,,,,843,1155,1587,4517,3189,,,,,,13631,5986,5592,12753,10476,4301,3363,8930,10170,3003,3488,9017,1572,305,269,1551,3487,1732,723,2635,,,,,,,,,,,,,,,,,,,,,,,,,,,,,,,,,,,,,,,,,,,,,,,,,,,,,,,,,,,,,,,,,,,
ACSSF,2012m1,co,000,0022,0000004,2467,10544,10414,12659,8311,10414,9050,11607,9149,6059,9101,17857,6648,16621,8307,5624,6328,5221,7450,4965,2912,5222,17454,7377,16157,7487,5696,8878,7085,9908,7001,4831,7704,4831,1646,4243,1982,947,1704,1527,1444,959,946,1724,12060,4883,10989,5334,3207,4864,4056,4085,3309,1726,2750,,,,,,,,,,,,,,,,,,,,,,,,,,,,,,,,,,,,,,,,,,,,,,,,,,,,,,,,278,691,598,2430,945,,,,,,4077,19459,15737,22140,20525,13408,10662,23339,19557,10837,7424,19174,5418,2057,1695,4396,13001,7547,6620,12043,,,,,,,,,,,,,,,,,,,,,,,,,,,,,,,,,,,,,,,,,,,,,,,,,,,,,,,,,,,,,,,,,,,
ACSSF,2012m1,co,000,0022,0000005,1408,10100,10083,11885,8050,9904,8470,11184,8857,5873,8821,17506,6471,16497,7738,5470,6260,5123,7046,4763,2927,5103,16824,7401,15925,7310,5054,8384,6826,9560,7121,4653,7483,4916,1571,4330,1964,958,1698,1500,1434,961,868,1739,11723,4845,10647,4883,3178,4682,4066,3895,3108,1705,2756,,,,,,,,,,,,,,,,,,,,,,,,,,,,,,,,,,,,,,,,,,,,,,,,,,,,,,,,245,620,477,2674,968,,,,,,4111,18608,15622,21145,20201,12298,10317,22871,19014,10772,7488,18376,5531,2073,1701,4429,12736,7317,6453,11886,,,,,,,,,,,,,,,,,,,,,,,,,,,,,,,,,,,,,,,,,,,,,,,,,,,,,,,,,,,,,,,,,,,
ACSSF,2012m1,co,000,0022,0000006,5456,5955,7550,8788,5322,7185,7317,6512,5865,3674,6821,10030,4593,9745,5203,3501,4411,3654,4192,2858,1642,2810,11533,4344,11326,5592,3324,5471,4871,6297,4699,2895,5828,3096,907,2833,1213,782,1351,1210,878,829,615,959,7549,3752,6555,3616,2530,3421,2915,2417,1985,1043,1731,,,,,,,,,,,,,,,,,,,,,,,,,,,,,,,,,,,,,,,,,,,,,,,,,,,,,,,,355,610,488,3055,757,,,,,,2985,13102,10113,15406,12293,9722,6813,14714,12815,7956,4668,13280,3453,1178,1429,2864,8588,6326,4452,7271,,,,,,,,,,,,,,,,,,,,,,,,,,,,,,,,,,,,,,,,,,,,,,,,,,,,,,,,,,,,,,,,,,,
ACSSF,2012m1,co,000,0022,0000007,5421,6496,8421,7562,6451,7858,6197,8609,6084,4311,7122,13248,4400,12671,5160,3632,4951,4031,5385,3923,2404,3655,14492,5436,12949,4866,4380,6102,5022,6770,4977,3392,6198,3334,1192,2947,1457,514,953,1032,1132,671,639,1303,8945,3463,7710,3231,2159,2569,2718,2836,2138,1210,2102,,,,,,,,,,,,,,,,,,,,,,,,,,,,,,,,,,,,,,,,,,,,,,,,,,,,,,,,363,1096,658,4831,1254,,,,,,3795,14523,11660,17724,15612,9616,6623,16200,16523,6658,5782,16664,3580,1601,777,2879,9502,4302,4592,8300,,,,,,,,,,,,,,,,,,,,,,,,,,,,,,,,,,,,,,,,,,,,,,,,,,,,,,,,,,,,,,,,,,,
ACSSF,2012m1,co,000,0022,0000008,1898,2094,2611,2954,2033,2547,2328,2952,2550,1252,1970,3732,1208,3772,1966,1192,1690,1381,1446,1299,566,873,4263,1394,4086,1917,1570,2328,1990,2162,1476,1303,1765,718,325,674,192,97,271,275,212,270,345,372,2547,1113,2442,1715,445,1150,873,1243,1074,336,557,,,,,,,,,,,,,,,,,,,,,,,,,,,,,,,,,,,,,,,,,,,,,,,,,,,,,,,,1018,999,1147,15716,3552,,,,,,3271,4694,3793,6160,4172,3005,2665,4269,4316,2289,1669,4842,682,85,243,641,2739,1473,1441,2591,,,,,,,,,,,,,,,,,,,,,,,,,,,,,,,,,,,,,,,,,,,,,,,,,,,,,,,,,,,,,,,,,,,
ACSSF,2012m1,co,000,0022,0000009,4527,1394,4227,2169,1619,1645,1632,1657,1096,925,1173,2235,710,2205,1404,957,1142,655,868,528,299,437,3218,990,2972,1177,1265,1175,1319,1083,849,841,969,467,92,462,189,69,82,103,81,250,85,345,2157,611,1999,605,294,858,548,832,205,165,245,,,,,,,,,,,,,,,,,,,,,,,,,,,,,,,,,,,,,,,,,,,,,,,,,,,,,,,,1804,2408,3350,39275,6296,,,,,,5657,3334,2583,5377,3103,2430,1788,2748,3404,1308,1169,3158,463,189,189,463,2278,860,516,2127,,,,,,,,,,,,,,,,,,,,,,,,,,,,,,,,,,,,,,,,,,,,,,,,,,,,,,,,,,,,,,,,,,,
ACSSF,2012m1,co,000,0022,0000010,5014,1983,4532,2458,1413,2655,1786,2594,2219,1037,1783,3424,1045,3327,1548,806,1512,1131,1174,1149,428,847,4598,1172,4333,1835,1148,2026,1486,2067,1280,1097,1549,568,321,523,57,68,246,243,196,127,331,136,2387,937,2236,1386,370,1018,562,951,1070,293,507,,,,,,,,,,,,,,,,,,,,,,,,,,,,,,,,,,,,,,,,,,,,,,,,,,,,,,,,1689,1281,1686,14268,4853,,,,,,6412,3636,3120,6448,4297,2022,2252,3792,4226,1902,1238,4316,531,85,243,473,2427,1239,1357,2371,,,,,,,,,,,,,,,,,,,,,,,,,,,,,,,,,,,,,,,,,,,,,,,,,,,,,,,,,,,,,,,,,,,
ACSSF,2012m1,co,000,0022,0000011,1813,2597,2928,4165,2162,3108,2524,2729,2000,1273,1939,4851,1976,4388,2676,1633,1870,1420,1659,1138,869,1113,5202,2218,4554,2774,1570,2060,1987,2275,1760,968,1676,591,128,600,263,274,172,242,362,210,58,136,2569,933,2219,1575,623,976,768,664,441,202,689,,,,,,,,,,,,,,,,,,,,,,,,,,,,,,,,,,,,,,,,,,,,,,,,,,,,,,,,872,980,1094,16032,4039,,,,,,2964,5674,3956,5894,5995,3675,2698,5546,6083,3101,1963,5417,604,222,95,565,2700,1798,1341,2209,,,,,,,,,,,,,,,,,,,,,,,,,,,,,,,,,,,,,,,,,,,,,,,,,,,,,,,,,,,,,,,,,,,
ACSSF,2012m1,co,000,0022,0000012,1316,3454,3483,5050,3016,4040,2860,3712,3054,1546,2751,5791,2332,5624,3323,2119,2532,1963,2133,1783,902,1498,6530,2766,5832,3429,2194,3120,2706,3064,2070,1394,2452,988,376,935,314,289,350,339,433,355,349,405,3466,1735,3062,2278,643,1282,1135,1319,1240,390,848,,,,,,,,,,,,,,,,,,,,,,,,,,,,,,,,,,,,,,,,,,,,,,,,,,,,,,,,639,723,1044,5632,1660,,,,,,3122,7223,5289,7566,6457,4656,3700,6308,7328,4073,2164,7038,922,242,249,886,3714,2242,1958,3412,,,,,,,,,,,,,,,,,,,,,,,,,,,,,,,,,,,,,,,,,,,,,,,,,,,,,,,,,,,,,,,,,,,
ACSSF,2012m1,co,000,0022,0000013,388,2387,2457,3776,2896,3459,2424,3484,2534,1641,2091,6030,2164,5383,2521,1569,2056,2031,2346,1738,1094,1366,5643,1830,4988,2552,2076,2240,1886,2072,1725,1187,1547,1098,320,1014,509,321,338,316,388,388,290,227,4933,2054,4158,1967,1352,1878,1636,1799,529,695,588,,,,,,,,,,,,,,,,,,,,,,,,,,,,,,,,,,,,,,,,,,,,,,,,,,,,,,,,777,1717,1103,13773,984,,,,,,2064,6755,7152,8500,7159,5489,4540,7764,6550,3083,2840,6278,1342,449,535,1025,5181,2605,2700,4416,,,,,,,,,,,,,,,,,,,,,,,,,,,,,,,,,,,,,,,,,,,,,,,,,,,,,,,,,,,,,,,,,,,
ACSSF,2012m1,co,000,0022,0000014,495,3106,3154,3608,2816,3851,2940,3350,2848,2016,2892,5459,1960,4978,2521,1399,2372,1919,1665,1322,1157,1457,5413,2370,5103,2331,1803,2485,2045,2475,2062,1439,2274,1760,393,1716,596,304,637,743,515,171,420,532,4952,1636,4515,2141,1683,2047,1648,1566,1428,679,1216,,,,,,,,,,,,,,,,,,,,,,,,,,,,,,,,,,,,,,,,,,,,,,,,,,,,,,,,609,2185,1081,3092,2102,,,,,,1283,6378,6410,7998,6724,4485,3727,7177,6304,2483,2009,6161,2077,376,1209,1800,5139,3309,3132,5445,,,,,,,,,,,,,,,,,,,,,,,,,,,,,,,,,,,,,,,,,,,,,,,,,,,,,,,,,,,,,,,,,,,
ACSSF,2012m1,co,000,0022,0000015,423,2825,2852,3117,2107,2692,2469,2675,1969,1517,2617,3668,1423,3400,1902,1189,1331,1047,987,822,425,1234,3588,1872,3575,2355,1540,1593,1882,2184,1488,1128,2236,1306,267,1269,807,172,306,296,311,210,178,348,2583,1198,2470,1318,771,1223,1312,701,887,520,966,,,,,,,,,,,,,,,,,,,,,,,,,,,,,,,,,,,,,,,,,,,,,,,,,,,,,,,,933,2497,1552,5550,3469,,,,,,2100,4392,3852,5403,4666,2927,2330,4825,4378,2724,1709,4115,1439,415,189,1379,2944,1332,1502,2690,,,,,,,,,,,,,,,,,,,,,,,,,,,,,,,,,,,,,,,,,,,,,,,,,,,,,,,,,,,,,,,,,,,
ACSSF,2012m1,co,000,0022,0000016,691,3352,3197,4011,3588,3504,4072,3386,4218,2255,4120,6080,2345,5382,2715,1859,2433,2773,2045,1640,892,1615,5514,2013,5917,3239,2112,2424,2624,2686,3529,1810,3843,1483,504,1294,487,560,453,551,438,173,414,584,6086,2631,5047,2347,2082,2232,1935,1603,1229,607,993,,,,,,,,,,,,,,,,,,,,,,,,,,,,,,,,,,,,,,,,,,,,,,,,,,,,,,,,917,1762,2302,3533,2119,,,,,,2117,8330,7125,10513,7091,5709,4998,8677,6014,3805,2135,5463,1594,630,557,1500,7001,4450,3111,5287,,,,,,,,,,,,,,,,,,,,,,,,,,,,,,,,,,,,,,,,,,,,,,,,,,,,,,,,,,,,,,,,,,,
ACSSF,2012m1,co,000,0022,0000017,307,2492,2484,2099,1648,1870,2280,2536,2207,1595,2795,3907,1672,3375,1541,1011,1147,1014,1315,1072,826,1390,4093,2152,3730,1891,1115,1557,1530,2010,1927,1310,2699,965,218,957,548,206,295,309,395,359,249,529,2203,1137,1854,640,527,489,707,879,520,361,901,,,,,,,,,,,,,,,,,,,,,,,,,,,,,,,,,,,,,,,,,,,,,,,,,,,,,,,,3309,3418,1170,23833,4202,,,,,,755,2783,1933,3211,4926,1753,1490,4783,5283,1964,1009,5221,1062,73,189,1048,2352,973,381,2182,,,,,,,,,,,,,,,,,,,,,,,,,,,,,,,,,,,,,,,,,,,,,,,,,,,,,,,,,,,,,,,,,,,
ACSSF,2012m1,co,000,0022,0000018,306,3778,3775,4445,3101,4726,3622,4684,3229,2390,3551,4766,2189,4831,2936,1107,2527,1819,1931,1489,707,1342,5447,2672,5884,3155,2728,3588,3327,4119,2906,1935,3362,2843,925,2550,1010,424,1274,900,675,763,530,733,4143,1450,3614,1791,1085,1603,1378,1010,943,526,905,,,,,,,,,,,,,,,,,,,,,,,,,,,,,,,,,,,,,,,,,,,,,,,,,,,,,,,,1059,1375,821,4033,1518,,,,,,2330,7881,5108,9707,6663,4110,2913,6552,6695,5259,3358,8231,3135,1530,476,2475,4497,2683,1261,4077,,,,,,,,,,,,,,,,,,,,,,,,,,,,,,,,,,,,,,,,,,,,,,,,,,,,,,,,,,,,,,,,,,,
ACSSF,2012m1,co,000,0022,0000019,381,2997,2891,3466,2583,3525,3134,3703,2575,1943,3099,5826,1991,5841,2348,1669,2414,2032,2687,2021,1104,2083,6216,1948,5890,2430,1877,3321,2345,2944,1568,1712,2710,1153,515,1061,427,187,346,393,400,337,138,593,2941,1177,2630,1318,873,1101,834,1088,598,616,1138,,,,,,,,,,,,,,,,,,,,,,,,,,,,,,,,,,,,,,,,,,,,,,,,,,,,,,,,1122,1435,1643,11406,4407,,,,,,2771,5804,3908,7362,6961,4073,2431,7872,7135,3242,2746,6874,1231,505,231,1158,3015,1057,1237,2793,,,,,,,,,,,,,,,,,,,,,,,,,,,,,,,,,,,,,,,,,,,,,,,,,,,,,,,,,,,,,,,,,,,
ACSSF,2012m1,co,000,0022,0000020,415,2109,2064,2726,2386,3276,2451,2952,2139,1165,2375,4275,1445,3930,2530,1683,1877,1470,1675,885,675,1220,4189,1660,4004,2507,1428,2463,2161,2046,1876,1158,1751,834,252,793,361,275,417,229,401,97,45,440,2169,802,1895,862,843,806,630,547,470,103,785,,,,,,,,,,,,,,,,,,,,,,,,,,,,,,,,,,,,,,,,,,,,,,,,,,,,,,,,904,2076,1528,16700,3563,,,,,,1710,4411,3647,5019,4777,2869,2560,5657,4904,2435,2102,4585,956,493,332,823,2402,1034,898,1896,,,,,,,,,,,,,,,,,,,,,,,,,,,,,,,,,,,,,,,,,,,,,,,,,,,,,,,,,,,,,,,,,,,
ACSSF,2012m1,co,000,0022,0000021,409,1912,1844,2311,1630,2142,2027,2224,1650,1234,1369,3504,1121,3424,1574,1078,1560,1416,1365,911,592,1098,3812,1657,3259,1727,1087,1654,1596,1483,1315,973,980,422,189,422,120,151,189,322,189,189,97,94,1617,438,1563,578,318,676,584,570,230,120,348,,,,,,,,,,,,,,,,,,,,,,,,,,,,,,,,,,,,,,,,,,,,,,,,,,,,,,,,1211,2932,1462,13176,3061,,,,,,1116,4260,3710,5517,4589,3143,2447,4890,4651,2439,1349,4680,547,189,88,543,1749,495,1262,1131,,,,,,,,,,,,,,,,,,,,,,,,,,,,,,,,,,,,,,,,,,,,,,,,,,,,,,,,,,,,,,,,,,,
ACSSF,2012m1,co,000,0022,0000022,224,2029,2028,2312,1299,1918,1659,1347,1345,831,985,3155,1918,3076,1799,1125,1450,1256,1220,1038,645,711,2860,962,2570,1380,744,1234,1346,930,862,509,755,505,72,497,292,107,144,189,200,105,121,189,1122,505,978,699,317,324,209,353,157,156,204,,,,,,,,,,,,,,,,,,,,,,,,,,,,,,,,,,,,,,,,,,,,,,,,,,,,,,,,1190,1438,2741,16825,6736,,,,,,1099,5020,3400,5198,4014,3949,2594,4880,3633,1981,1612,3353,564,301,86,443,1239,887,291,853,,,,,,,,,,,,,,,,,,,,,,,,,,,,,,,,,,,,,,,,,,,,,,,,,,,,,,,,,,,,,,,,,,,
ACSSF,2012m1,co,000,0022,0000023,407,2521,2400,2538,2052,2138,2024,2311,1600,1210,1774,3485,1692,3344,1868,1486,1679,1494,1684,1380,985,1290,3490,1813,3092,1414,1061,1431,1537,1328,1066,812,1281,904,461,698,244,254,166,301,204,210,189,155,2572,1262,1931,664,890,1007,887,823,428,358,301,,,,,,,,,,,,,,,,,,,,,,,,,,,,,,,,,,,,,,,,,,,,,,,,,,,,,,,,1036,2071,1219,8319,4204,,,,,,2256,5186,5232,6802,4474,3428,3051,6318,4144,2023,1937,3594,1085,210,386,984,3024,1530,2160,2153,,,,,,,,,,,,,,,,,,,,,,,,,,,,,,,,,,,,,,,,,,,,,,,,,,,,,,,,,,,,,,,,,,,
ACSSF,2012m1,co,000,0022,0000024,1850,1300,2043,1557,1040,1314,1334,1443,1299,814,1409,3245,995,2980,1049,792,804,1044,1096,938,616,843,3164,825,2881,1297,702,923,1008,1141,1022,604,1129,407,255,348,142,189,125,150,106,129,189,201,1329,290,1272,396,204,790,282,258,213,112,599,,,,,,,,,,,,,,,,,,,,,,,,,,,,,,,,,,,,,,,,,,,,,,,,,,,,,,,,2450,2048,1599,20598,8220,,,,,,1600,1783,1190,2935,3675,1164,733,4017,3249,1138,810,3072,418,163,189,403,1381,318,127,1396,,,,,,,,,,,,,,,,,,,,,,,,,,,,,,,,,,,,,,,,,,,,,,,,,,,,,,,,,,,,,,,,,,,
ACSSF,2012m1,co,000,0022,0000025,3463,2620,4012,2896,2299,2903,2778,2870,2044,1319,2024,4339,1747,4060,1956,1082,1943,1479,1412,1192,898,1178,5110,1861,4879,2025,1436,2063,1590,2082,1667,896,1402,1105,308,1145,410,294,546,396,226,133,357,338,4566,1637,4199,2094,1586,1812,1701,1549,891,567,735,,,,,,,,,,,,,,,,,,,,,,,,,,,,,,,,,,,,,,,,,,,,,,,,,,,,,,,,722,2850,1168,9284,1065,,,,,,1271,5584,5468,6113,5551,3766,3286,4905,5636,2413,2059,5336,1614,481,1181,1326,4679,3178,2556,4646,,,,,,,,,,,,,,,,,,,,,,,,,,,,,,,,,,,,,,,,,,,,,,,,,,,,,,,,,,,,,,,,,,,
ACSSF,2012m1,co,000,0022,0000026,1478,1511,2155,2262,1593,1483,1416,1377,1017,679,1510,2185,609,2117,1246,685,603,530,587,496,86,407,2548,1305,2734,2162,1269,1268,1174,1248,943,621,1402,595,262,525,270,148,189,208,128,158,144,184,1416,432,1213,491,474,599,480,219,271,156,454,,,,,,,,,,,,,,,,,,,,,,,,,,,,,,,,,,,,,,,,,,,,,,,,,,,,,,,,2183,1561,3013,34025,4490,,,,,,1509,2578,2366,3228,2517,1326,1389,2060,2793,2330,1094,2783,761,335,189,694,1542,498,1002,1059,,,,,,,,,,,,,,,,,,,,,,,,,,,,,,,,,,,,,,,,,,,,,,,,,,,,,,,,,,,,,,,,,,,
ACSSF,2012m1,co,000,0022,0000027,1741,1422,1992,1265,786,1194,1120,1077,1347,889,1672,2163,1006,1932,742,375,593,622,672,789,492,541,2767,901,2708,952,699,982,827,905,1023,791,1545,436,141,384,128,189,84,262,200,189,74,207,1607,530,1354,658,261,408,346,389,261,363,497,,,,,,,,,,,,,,,,,,,,,,,,,,,,,,,,,,,,,,,,,,,,,,,,,,,,,,,,1997,4404,2665,17662,9793,,,,,,565,1137,1799,2110,2589,718,692,2495,2873,613,705,3014,449,189,189,449,1839,275,1295,1520,,,,,,,,,,,,,,,,,,,,,,,,,,,,,,,,,,,,,,,,,,,,,,,,,,,,,,,,,,,,,,,,,,,
ACSSF,2012m1,co,000,0022,0000028,3270,2890,4166,3798,2458,3950,2930,3081,2480,1608,2875,3799,1876,3715,2588,931,2260,1422,1399,1199,527,1113,4743,2296,5007,2651,2150,3040,2573,2832,2212,1450,2670,1959,518,1855,895,350,1171,678,459,683,236,499,3646,1204,3242,1729,894,1364,1081,687,702,547,871,,,,,,,,,,,,,,,,,,,,,,,,,,,,,,,,,,,,,,,,,,,,,,,,,,,,,,,,710,1487,962,8927,1812,,,,,,2079,6403,4045,6925,5344,3882,2461,5038,5709,4244,2197,6480,1984,683,373,1803,3834,2608,1013,3390,,,,,,,,,,,,,,,,,,,,,,,,,,,,,,,,,,,,,,,,,,,,,,,,,,,,,,,,,,,,,,,,,,,
ACSSF,2012m1,co,000,0022,0000029,691,3352,3197,4011,3588,3504,4072,3386,4218,2255,4120,6080,2345,5382,2715,1859,2433,2773,2045,1640,892,1615,5514,2013,5917,3239,2112,2424,2624,2686,3529,1810,3843,1483,504,1294,487,560,453,551,438,173,414,584,6086,2631,5047,2347,2082,2232,1935,1603,1229,607,993,,,,,,,,,,,,,,,,,,,,,,,,,,,,,,,,,,,,,,,,,,,,,,,,,,,,,,,,917,1762,2302,3533,2119,,,,,,2117,8330,7125,10513,7091,5709,4998,8677,6014,3805,2135,5463,1594,630,557,1500,7001,4450,3111,5287,,,,,,,,,,,,,,,,,,,,,,,,,,,,,,,,,,,,,,,,,,,,,,,,,,,,,,,,,,,,,,,,,,,
ACSSF,2012m1,co,000,0022,0000030,2020,1573,2659,1694,1733,2237,1684,1579,1299,864,1585,2828,900,2646,1889,1225,1344,717,692,531,300,634,3198,1123,3206,1680,1027,1621,1401,1349,1134,805,1421,538,176,506,95,275,234,221,362,30,45,111,1449,625,1259,599,594,575,317,463,431,78,281,,,,,,,,,,,,,,,,,,,,,,,,,,,,,,,,,,,,,,,,,,,,,,,,,,,,,,,,934,1458,3517,14320,6127,,,,,,1677,3155,2370,3577,3134,2101,1458,2639,3495,2003,1442,3514,653,348,320,449,1660,653,690,1505,,,,,,,,,,,,,,,,,,,,,,,,,,,,,,,,,,,,,,,,,,,,,,,,,,,,,,,,,,,,,,,,,,,
ACSSF,2012m1,co,000,0022,0000031,1926,1560,2148,1703,1169,1373,1263,1596,777,607,862,2546,1184,2125,1384,1050,1126,790,1055,539,377,686,2290,910,2119,1155,600,762,942,755,534,477,593,632,300,468,204,227,156,181,175,204,189,189,1750,922,1423,574,407,671,562,618,415,226,239,,,,,,,,,,,,,,,,,,,,,,,,,,,,,,,,,,,,,,,,,,,,,,,,,,,,,,,,1230,1969,4040,24032,3991,,,,,,1711,3049,2847,3790,2509,2268,2086,3027,2198,1233,795,2193,795,206,186,764,1903,946,1267,1677,,,,,,,,,,,,,,,,,,,,,,,,,,,,,,,,,,,,,,,,,,,,,,,,,,,,,,,,,,,,,,,,,,,
ACSSF,2012m1,co,000,0022,0000032,3595,1720,3105,1453,743,1098,1290,1969,1275,704,1736,2288,1213,1726,835,492,644,732,652,579,285,850,3353,1201,3014,1127,403,800,816,1756,1094,568,1607,583,134,566,165,109,189,72,373,152,245,173,1547,657,1294,555,319,361,622,522,369,259,670,,,,,,,,,,,,,,,,,,,,,,,,,,,,,,,,,,,,,,,,,,,,,,,,,,,,,,,,3048,9376,2590,22918,7602,,,,,,4744,997,1283,4992,2908,569,1169,2897,3891,677,317,3964,659,189,189,659,1635,343,354,1532,,,,,,,,,,,,,,,,,,,,,,,,,,,,,,,,,,,,,,,,,,,,,,,,,,,,,,,,,,,,,,,,,,,
ACSSF,2012m1,co,000,0022,0000033,2309,1891,2908,1949,1716,1887,1759,2190,1729,1022,1447,3446,1102,3378,1382,1064,1199,1013,1390,962,538,818,3436,1136,3421,1411,1144,1510,1193,1424,1218,820,1271,746,189,746,248,151,282,348,299,101,99,180,2349,1059,1706,938,445,685,783,683,508,382,722,,,,,,,,,,,,,,,,,,,,,,,,,,,,,,,,,,,,,,,,,,,,,,,,,,,,,,,,1465,2476,2519,10157,6485,,,,,,1688,3537,2338,3842,3738,2424,1648,3485,3606,1975,1423,3290,803,238,186,774,2356,858,871,1955,,,,,,,,,,,,,,,,,,,,,,,,,,,,,,,,,,,,,,,,,,,,,,,,,,,,,,,,,,,,,,,,,,,
ACSSF,2012m1,co,000,0022,0000034,1800,1628,2180,1828,1207,1583,1600,1307,1035,793,1470,2567,1135,2272,1241,935,1003,645,542,526,316,746,2917,963,2819,1230,671,852,932,1068,774,642,1093,1012,189,1012,732,189,240,112,285,68,63,72,2260,649,2113,1084,583,917,1079,524,625,246,328,,,,,,,,,,,,,,,,,,,,,,,,,,,,,,,,,,,,,,,,,,,,,,,,,,,,,,,,2969,2536,2510,14230,3987,,,,,,387,3723,2214,3731,3108,2420,1526,2928,3251,1267,1060,3279,986,244,189,959,2791,1290,937,2671,,,,,,,,,,,,,,,,,,,,,,,,,,,,,,,,,,,,,,,,,,,,,,,,,,,,,,,,,,,,,,,,,,,
ACSSF,2012m1,co,000,0022,0000035,1915,1011,2188,1583,1492,1517,1720,1715,1201,686,1174,2314,759,2334,923,1169,790,965,943,548,246,588,2327,734,2379,1171,828,1231,1323,1320,1105,628,853,500,190,464,328,189,53,143,75,44,189,319,1153,189,1153,520,217,378,531,171,117,69,612,,,,,,,,,,,,,,,,,,,,,,,,,,,,,,,,,,,,,,,,,,,,,,,,,,,,,,,,3878,3218,2870,62803,14771,,,,,,251,2399,1333,2751,2519,1744,832,3085,2537,1100,969,2609,499,328,48,394,1175,565,230,1051,,,,,,,,,,,,,,,,,,,,,,,,,,,,,,,,,,,,,,,,,,,,,,,,,,,,,,,,,,,,,,,,,,,
ACSSF,2012m1,co,000,0022,0000036,1165,1676,2096,2124,1204,1818,1403,1152,1029,654,616,2620,1617,2713,1703,1004,1363,1132,960,810,491,429,2275,813,2128,1119,654,988,1154,703,622,366,506,439,72,430,289,107,82,157,200,97,61,189,899,389,784,652,294,248,203,208,20,156,147,,,,,,,,,,,,,,,,,,,,,,,,,,,,,,,,,,,,,,,,,,,,,,,,,,,,,,,,1607,1849,3466,24937,4545,,,,,,1105,4486,2980,4265,2973,3650,2285,3838,2582,1531,1055,2068,515,301,86,385,992,794,274,603,,,,,,,,,,,,,,,,,,,,,,,,,,,,,,,,,,,,,,,,,,,,,,,,,,,,,,,,,,,,,,,,,,,
ACSSF,2012m1,co,000,0022,0000037,2648,1764,2594,1734,1589,1761,1911,1928,1556,1001,1049,3883,1393,3603,1405,824,1289,1264,1393,979,673,622,3527,982,3220,1404,1130,1104,1034,1201,1014,742,919,839,216,756,409,216,301,222,142,305,176,189,2443,1227,1842,678,518,957,1138,770,361,81,320,,,,,,,,,,,,,,,,,,,,,,,,,,,,,,,,,,,,,,,,,,,,,,,,,,,,,,,,1108,2163,4122,18845,5597,,,,,,910,3747,4197,4949,3782,2403,2753,4897,4028,1769,872,3530,838,216,423,665,2615,1185,1517,1957,,,,,,,,,,,,,,,,,,,,,,,,,,,,,,,,,,,,,,,,,,,,,,,,,,,,,,,,,,,,,,,,,,,
ACSSF,2012m1,co,000,0022,0000038,1695,1161,2140,1746,1315,1453,1531,1422,1349,843,1812,2609,683,2589,1149,964,1079,1278,1066,773,224,783,2633,619,2587,1137,936,956,828,1146,1011,775,1256,514,213,471,189,189,157,189,245,57,79,381,1669,761,1506,847,466,599,485,480,305,213,553,,,,,,,,,,,,,,,,,,,,,,,,,,,,,,,,,,,,,,,,,,,,,,,,,,,,,,,,2500,2867,3402,41488,7581,,,,,,850,2265,2512,3207,3009,2017,1530,2986,3061,1076,583,3085,514,127,189,510,1673,478,1070,1646,,,,,,,,,,,,,,,,,,,,,,,,,,,,,,,,,,,,,,,,,,,,,,,,,,,,,,,,,,,,,,,,,,,
ACSSF,2012m1,co,000,0022,0000039,1478,1511,2155,2262,1593,1483,1416,1377,1017,679,1510,2185,609,2117,1246,685,603,530,587,496,86,407,2548,1305,2734,2162,1269,1268,1174,1248,943,621,1402,595,262,525,270,148,189,208,128,158,144,184,1416,432,1213,491,474,599,480,219,271,156,454,,,,,,,,,,,,,,,,,,,,,,,,,,,,,,,,,,,,,,,,,,,,,,,,,,,,,,,,2183,1561,3013,34025,4490,,,,,,1509,2578,2366,3228,2517,1326,1389,2060,2793,2330,1094,2783,761,335,189,694,1542,498,1002,1059,,,,,,,,,,,,,,,,,,,,,,,,,,,,,,,,,,,,,,,,,,,,,,,,,,,,,,,,,,,,,,,,,,,
ACSSF,2012m1,co,000,0022,0000040,3270,2890,4166,3798,2458,3950,2930,3081,2480,1608,2875,3799,1876,3715,2588,931,2260,1422,1399,1199,527,1113,4743,2296,5007,2651,2150,3040,2573,2832,2212,1450,2670,1959,518,1855,895,350,1171,678,459,683,236,499,3646,1204,3242,1729,894,1364,1081,687,702,547,871,,,,,,,,,,,,,,,,,,,,,,,,,,,,,,,,,,,,,,,,,,,,,,,,,,,,,,,,710,1487,962,8927,1812,,,,,,2079,6403,4045,6925,5344,3882,2461,5038,5709,4244,2197,6480,1984,683,373,1803,3834,2608,1013,3390,,,,,,,,,,,,,,,,,,,,,,,,,,,,,,,,,,,,,,,,,,,,,,,,,,,,,,,,,,,,,,,,,,,
ACSSF,2012m1,co,000,0022,0000041,3463,2620,4012,2896,2299,2903,2778,2870,2044,1319,2024,4339,1747,4060,1956,1082,1943,1479,1412,1192,898,1178,5110,1861,4879,2025,1436,2063,1590,2082,1667,896,1402,1105,308,1145,410,294,546,396,226,133,357,338,4566,1637,4199,2094,1586,1812,1701,1549,891,567,735,,,,,,,,,,,,,,,,,,,,,,,,,,,,,,,,,,,,,,,,,,,,,,,,,,,,,,,,722,2850,1168,9284,1065,,,,,,1271,5584,5468,6113,5551,3766,3286,4905,5636,2413,2059,5336,1614,481,1181,1326,4679,3178,2556,4646,,,,,,,,,,,,,,,,,,,,,,,,,,,,,,,,,,,,,,,,,,,,,,,,,,,,,,,,,,,,,,,,,,,
ACSSF,2012m1,co,000,0022,0000042,691,3352,3197,4011,3588,3504,4072,3386,4218,2255,4120,6080,2345,5382,2715,1859,2433,2773,2045,1640,892,1615,5514,2013,5917,3239,2112,2424,2624,2686,3529,1810,3843,1483,504,1294,487,560,453,551,438,173,414,584,6086,2631,5047,2347,2082,2232,1935,1603,1229,607,993,,,,,,,,,,,,,,,,,,,,,,,,,,,,,,,,,,,,,,,,,,,,,,,,,,,,,,,,917,1762,2302,3533,2119,,,,,,2117,8330,7125,10513,7091,5709,4998,8677,6014,3805,2135,5463,1594,630,557,1500,7001,4450,3111,5287,,,,,,,,,,,,,,,,,,,,,,,,,,,,,,,,,,,,,,,,,,,,,,,,,,,,,,,,,,,,,,,,,,,
ACSSF,2012m1,co,000,0022,0000043,2020,1573,2659,1694,1733,2237,1684,1579,1299,864,1585,2828,900,2646,1889,1225,1344,717,692,531,300,634,3198,1123,3206,1680,1027,1621,1401,1349,1134,805,1421,538,176,506,95,275,234,221,362,30,45,111,1449,625,1259,599,594,575,317,463,431,78,281,,,,,,,,,,,,,,,,,,,,,,,,,,,,,,,,,,,,,,,,,,,,,,,,,,,,,,,,934,1458,3517,14320,6127,,,,,,1677,3155,2370,3577,3134,2101,1458,2639,3495,2003,1442,3514,653,348,320,449,1660,653,690,1505,,,,,,,,,,,,,,,,,,,,,,,,,,,,,,,,,,,,,,,,,,,,,,,,,,,,,,,,,,,,,,,,,,,
ACSSF,2012m1,co,000,0022,0000044,1915,1011,2188,1583,1492,1517,1720,1715,1201,686,1174,2314,759,2334,923,1169,790,965,943,548,246,588,2327,734,2379,1171,828,1231,1323,1320,1105,628,853,500,190,464,328,189,53,143,75,44,189,319,1153,189,1153,520,217,378,531,171,117,69,612,,,,,,,,,,,,,,,,,,,,,,,,,,,,,,,,,,,,,,,,,,,,,,,,,,,,,,,,3878,3218,2870,62803,14771,,,,,,251,2399,1333,2751,2519,1744,832,3085,2537,1100,969,2609,499,328,48,394,1175,565,230,1051,,,,,,,,,,,,,,,,,,,,,,,,,,,,,,,,,,,,,,,,,,,,,,,,,,,,,,,,,,,,,,,,,,,
ACSSF,2012m1,co,000,0022,0000045,1926,1560,2148,1703,1169,1373,1263,1596,777,607,862,2546,1184,2125,1384,1050,1126,790,1055,539,377,686,2290,910,2119,1155,600,762,942,755,534,477,593,632,300,468,204,227,156,181,175,204,189,189,1750,922,1423,574,407,671,562,618,415,226,239,,,,,,,,,,,,,,,,,,,,,,,,,,,,,,,,,,,,,,,,,,,,,,,,,,,,,,,,1230,1969,4040,24032,3991,,,,,,1711,3049,2847,3790,2509,2268,2086,3027,2198,1233,795,2193,795,206,186,764,1903,946,1267,1677,,,,,,,,,,,,,,,,,,,,,,,,,,,,,,,,,,,,,,,,,,,,,,,,,,,,,,,,,,,,,,,,,,,
ACSSF,2012m1,co,000,0022,0000046,1165,1676,2096,2124,1204,1818,1403,1152,1029,654,616,2620,1617,2713,1703,1004,1363,1132,960,810,491,429,2275,813,2128,1119,654,988,1154,703,622,366,506,439,72,430,289,107,82,157,200,97,61,189,899,389,784,652,294,248,203,208,20,156,147,,,,,,,,,,,,,,,,,,,,,,,,,,,,,,,,,,,,,,,,,,,,,,,,,,,,,,,,1607,1849,3466,24937,4545,,,,,,1105,4486,2980,4265,2973,3650,2285,3838,2582,1531,1055,2068,515,301,86,385,992,794,274,603,,,,,,,,,,,,,,,,,,,,,,,,,,,,,,,,,,,,,,,,,,,,,,,,,,,,,,,,,,,,,,,,,,,
ACSSF,2012m1,co,000,0022,0000047,4282,3800,4954,4328,3939,3890,4120,3759,4553,2567,4398,6616,2519,6009,3116,2118,2782,2819,2110,1753,972,1909,6262,2134,6499,3381,2365,2576,2783,3045,3737,1998,3977,1761,532,1597,647,560,491,564,503,344,434,661,6308,2654,5249,2352,2082,2218,2059,1713,1236,616,1063,,,,,,,,,,,,,,,,,,,,,,,,,,,,,,,,,,,,,,,,,,,,,,,,,,,,,,,,721,1498,2217,5792,2080,,,,,,6074,8254,7225,12286,8182,5835,4935,9177,6773,3642,2462,6338,1867,761,541,1684,7267,4565,3159,5501,,,,,,,,,,,,,,,,,,,,,,,,,,,,,,,,,,,,,,,,,,,,,,,,,,,,,,,,,,,,,,,,,,,
ACSSF,2012m1,co,000,0022,0000048,5093,3249,5716,4828,3240,4475,3813,4398,3609,1894,3967,6545,2198,6041,3075,2232,2450,1685,2193,1759,895,1926,6818,2713,6474,3803,2168,3170,3354,3793,2853,1908,3218,1403,555,1269,547,362,463,338,581,265,254,618,3316,1312,3146,1553,966,1431,1146,959,929,497,1442,,,,,,,,,,,,,,,,,,,,,,,,,,,,,,,,,,,,,,,,,,,,,,,,,,,,,,,,564,1024,910,9960,4038,,,,,,6101,6172,5581,8113,7663,3948,3663,8159,7612,4101,2988,7463,1611,579,341,1504,3687,1542,1908,3285,,,,,,,,,,,,,,,,,,,,,,,,,,,,,,,,,,,,,,,,,,,,,,,,,,,,,,,,,,,,,,,,,,,
ACSSF,2012m1,co,000,0022,0000049,3208,4037,5098,5676,2989,4076,3776,3360,3261,1861,3086,6830,2642,6471,3539,2135,2763,2483,2558,1747,1177,1854,7383,3065,6621,3424,2025,3180,2981,2506,2561,1471,2189,897,133,897,338,354,304,563,330,338,160,407,3331,1370,3147,2212,740,1399,1119,1457,1224,401,740,,,,,,,,,,,,,,,,,,,,,,,,,,,,,,,,,,,,,,,,,,,,,,,,,,,,,,,,694,774,893,5832,1880,,,,,,4332,9306,6997,10346,8444,5946,4737,9262,8767,4920,2762,9068,1020,376,222,941,3673,1937,2025,3173,,,,,,,,,,,,,,,,,,,,,,,,,,,,,,,,,,,,,,,,,,,,,,,,,,,,,,,,,,,,,,,,,,,
ACSSF,2012m1,co,000,0022,0000050,4954,4720,6373,4475,2953,3275,3594,4020,2879,2114,3517,6633,2660,6520,3361,2103,2676,2045,2573,1958,1228,1841,5911,2937,5838,2662,1783,2298,2752,2448,2015,1662,3001,1718,469,1645,1000,294,456,458,556,474,94,501,4331,1859,3545,1365,1225,1659,1469,1223,884,510,846,,,,,,,,,,,,,,,,,,,,,,,,,,,,,,,,,,,,,,,,,,,,,,,,,,,,,,,,1008,1294,1380,7849,1943,,,,,,6776,8256,6719,11322,8973,5561,4314,9706,8014,2920,2774,7729,1819,338,442,1860,4724,2580,2291,4036,,,,,,,,,,,,,,,,,,,,,,,,,,,,,,,,,,,,,,,,,,,,,,,,,,,,,,,,,,,,,,,,,,,
ACSSF,2012m1,co,000,0022,0000051,1565,3952,4251,4797,3495,4845,3983,4831,3293,2577,3621,5245,2362,5092,3219,1571,2759,1863,2009,1521,720,1381,5784,2826,6102,3415,2930,3594,3420,4336,3003,2091,3492,2941,984,2634,1075,435,1373,914,675,763,593,745,4272,1412,3780,1940,1086,1625,1396,1070,982,560,930,,,,,,,,,,,,,,,,,,,,,,,,,,,,,,,,,,,,,,,,,,,,,,,,,,,,,,,,637,1083,809,4072,1520,,,,,,3813,8949,5250,10740,7339,4872,3393,7171,7194,5705,3307,8763,3294,1532,476,2633,4590,2687,1267,4194,,,,,,,,,,,,,,,,,,,,,,,,,,,,,,,,,,,,,,,,,,,,,,,,,,,,,,,,,,,,,,,,,,,
ACSSF,2012m1,co,000,0022,0000052,5453,3439,6020,4968,3459,4067,3279,4487,3372,2143,3334,6505,2058,6032,2786,1528,2459,2210,1973,1772,1247,1780,7138,3055,6520,2951,2140,2996,1966,3052,2749,1701,2788,1489,445,1441,517,325,559,648,517,346,490,469,6039,2106,5324,2539,2008,2581,1934,1993,1512,998,1443,,,,,,,,,,,,,,,,,,,,,,,,,,,,,,,,,,,,,,,,,,,,,,,,,,,,,,,,794,1655,1018,5370,1805,,,,,,6920,7116,6550,9410,9013,4706,3804,8243,8235,3055,2613,8364,1937,534,1215,1704,6128,3731,3450,6323,,,,,,,,,,,,,,,,,,,,,,,,,,,,,,,,,,,,,,,,,,,,,,,,,,,,,,,,,,,,,,,,,,,
ACSSF,2012m1,co,000,0022,0000053,5405,3804,5602,4519,3583,4781,3643,5009,3133,2466,3385,7561,2643,7056,3150,2070,3231,2713,3388,2348,1384,2130,8022,2398,7584,3299,2562,3407,2658,3355,2149,1861,2785,1502,572,1339,567,372,439,436,576,217,327,560,5519,2313,4618,2069,1517,1654,1471,2013,673,651,1250,,,,,,,,,,,,,,,,,,,,,,,,,,,,,,,,,,,,,,,,,,,,,,,,,,,,,,,,534,1611,1508,8758,2066,,,,,,5633,8698,7828,10569,7833,6482,4927,8441,8976,3406,3227,8414,1570,452,614,1328,5667,2633,2803,4553,,,,,,,,,,,,,,,,,,,,,,,,,,,,,,,,,,,,,,,,,,,,,,,,,,,,,,,,,,,,,,,,,,,
ACSSF,2012m1,co,000,0022,0000054,1792,1385,1838,2330,1041,1197,1030,1506,906,452,928,2419,882,2470,1511,781,801,781,1136,749,323,763,2219,792,2082,1434,621,1121,700,844,472,360,575,331,32,334,181,39,216,129,90,28,189,189,1299,513,1120,660,283,635,294,526,152,11,84,,,,,,,,,,,,,,,,,,,,,,,,,,,,,,,,,,,,,,,,,,,,,,,,,,,,,,,,1058,1275,2541,8031,2717,,,,,,2349,2277,2844,2970,2904,1447,1874,2831,2461,985,1477,2086,280,73,210,169,1371,768,375,1004,,,,,,,,,,,,,,,,,,,,,,,,,,,,,,,,,,,,,,,,,,,,,,,,,,,,,,,,,,,,,,,,,,,
ACSSF,2012m1,co,000,0022,0000055,3810,1477,3557,1896,1705,2188,1856,2201,1639,1009,1863,3086,1161,2938,1308,1242,1012,1063,1344,717,600,886,3387,1173,3040,1486,1124,1728,1501,1546,1491,849,1303,561,204,530,328,189,229,143,157,44,189,396,1374,141,1362,535,217,614,563,171,164,69,693,,,,,,,,,,,,,,,,,,,,,,,,,,,,,,,,,,,,,,,,,,,,,,,,,,,,,,,,3195,3662,2585,50947,10512,,,,,,4492,2893,1964,5135,3769,2002,1240,4500,3582,1446,1193,3349,561,328,48,545,1390,565,340,1193,,,,,,,,,,,,,,,,,,,,,,,,,,,,,,,,,,,,,,,,,,,,,,,,,,,,,,,,,,,,,,,,,,,
ACSSF,2012m1,co,000,0022,0000056,3729,2014,3690,2145,1835,2654,2036,1689,1443,898,1765,3529,1008,3375,2236,1177,1616,1011,904,601,329,957,3682,1275,3634,1843,1097,1806,1536,1395,1175,867,1345,585,149,570,113,275,286,227,362,86,45,182,1847,807,1500,636,814,628,333,526,431,78,366,,,,,,,,,,,,,,,,,,,,,,,,,,,,,,,,,,,,,,,,,,,,,,,,,,,,,,,,919,1617,2757,11275,5158,,,,,,5194,3749,3380,4606,4343,2344,2284,3425,4237,1990,1727,4234,767,348,320,588,2075,1047,855,1641,,,,,,,,,,,,,,,,,,,,,,,,,,,,,,,,,,,,,,,,,,,,,,,,,,,,,,,,,,,,,,,,,,,
ACSSF,2012m1,co,000,0022,0000057,1975,1417,2272,2085,993,1411,1338,1660,1169,655,1318,2399,999,2086,1133,696,771,788,916,614,394,731,2735,1331,2324,1198,730,1085,885,1454,1012,480,1005,282,90,261,91,189,189,150,102,120,28,189,1368,669,1348,1108,454,457,537,542,376,116,419,,,,,,,,,,,,,,,,,,,,,,,,,,,,,,,,,,,,,,,,,,,,,,,,,,,,,,,,2714,3064,3816,25978,7335,,,,,,2060,2879,2715,3455,3137,1564,1609,3078,2963,1180,1226,2992,296,123,189,259,1508,1366,959,1600,,,,,,,,,,,,,,,,,,,,,,,,,,,,,,,,,,,,,,,,,,,,,,,,,,,,,,,,,,,,,,,,,,,
ACSSF,2012m1,co,000,0022,0000058,3528,2155,3661,2322,1683,1865,1695,2082,1493,941,1366,3423,1567,3158,1724,1360,1423,1160,1419,1211,916,1032,2983,1164,2822,1289,900,1079,1216,1125,855,670,1100,758,455,529,204,250,156,235,183,204,189,189,2357,1198,1656,666,579,879,822,707,415,226,249,,,,,,,,,,,,,,,,,,,,,,,,,,,,,,,,,,,,,,,,,,,,,,,,,,,,,,,,1096,1720,2247,19845,4218,,,,,,5044,3957,4970,6424,4381,2588,2980,5415,3881,1758,1435,3445,938,206,375,839,2672,1031,2182,1731,,,,,,,,,,,,,,,,,,,,,,,,,,,,,,,,,,,,,,,,,,,,,,,,,,,,,,,,,,,,,,,,,,,
ACSSF,2012m1,co,000,0022,0000059,2241,1475,2460,2057,1311,2213,1712,2203,1998,952,1624,2897,781,2618,1319,623,1125,959,976,803,229,473,3560,865,3628,1421,1208,1888,1780,1997,1247,969,1663,477,92,463,71,60,189,227,352,127,146,101,2145,963,2051,1405,348,915,807,846,1156,205,645,,,,,,,,,,,,,,,,,,,,,,,,,,,,,,,,,,,,,,,,,,,,,,,,,,,,,,,,2609,2735,2707,4469,7543,,,,,,2832,2848,2328,3839,3226,1554,1029,2977,3676,1575,1227,3302,477,96,189,463,2344,1351,1162,2217,,,,,,,,,,,,,,,,,,,,,,,,,,,,,,,,,,,,,,,,,,,,,,,,,,,,,,,,,,,,,,,,,,,
ACSSF,2012m1,co,000,0022,0000060,2552,1512,2724,2019,1299,1321,1445,1500,1182,842,1026,2762,1138,2368,1448,757,865,746,865,595,236,429,2713,1095,2523,1560,989,1099,1123,1062,954,683,1009,554,408,340,202,69,156,73,17,189,258,95,1157,463,969,484,156,252,351,665,182,333,271,,,,,,,,,,,,,,,,,,,,,,,,,,,,,,,,,,,,,,,,,,,,,,,,,,,,,,,,1908,3166,1935,13570,10527,,,,,,4018,3043,2540,4114,3069,2511,1655,2623,2990,1535,1494,2745,566,66,154,463,1070,157,300,1037,,,,,,,,,,,,,,,,,,,,,,,,,,,,,,,,,,,,,,,,,,,,,,,,,,,,,,,,,,,,,,,,,,,
ACSSF,2012m1,co,000,0022,0000061,1392,2040,2137,2194,1221,1913,1647,1308,1322,830,902,3047,1867,2933,1702,1067,1377,1254,1209,1019,631,712,2859,940,2627,1301,724,1243,1344,910,834,503,657,505,72,497,292,107,144,189,200,105,121,189,1064,461,934,705,317,319,209,314,157,156,191,,,,,,,,,,,,,,,,,,,,,,,,,,,,,,,,,,,,,,,,,,,,,,,,,,,,,,,,1236,1458,2703,16825,6225,,,,,,2074,4926,3230,5130,3639,3747,2505,4796,3494,1984,1149,3025,564,301,86,443,1185,836,291,839,,,,,,,,,,,,,,,,,,,,,,,,,,,,,,,,,,,,,,,,,,,,,,,,,,,,,,,,,,,,,,,,,,,
ACSSF,2012m1,co,000,0022,0000062,2831,1189,3011,2076,1435,1380,1177,1238,815,597,789,2581,960,2469,1678,1112,929,881,889,641,527,579,2243,786,2131,1188,759,825,669,668,485,319,427,226,33,226,95,21,12,148,52,152,40,36,1258,391,1055,693,309,650,177,227,189,74,297,,,,,,,,,,,,,,,,,,,,,,,,,,,,,,,,,,,,,,,,,,,,,,,,,,,,,,,,1396,1583,2438,26866,5960,,,,,,3127,3127,2194,3600,2857,2477,1781,2726,2343,1654,816,2153,216,41,44,220,1279,677,869,775,,,,,,,,,,,,,,,,,,,,,,,,,,,,,,,,,,,,,,,,,,,,,,,,,,,,,,,,,,,,,,,,,,,
ACSSF,2012m1,co,000,0022,0000063,3651,1292,3414,1702,1403,1729,1478,1703,1231,782,1873,2459,766,2410,1131,599,699,496,658,726,351,799,3691,993,3512,1204,1327,1629,1355,1542,982,617,1649,562,391,413,216,79,83,155,93,103,104,193,891,141,876,387,137,381,236,228,171,189,360,,,,,,,,,,,,,,,,,,,,,,,,,,,,,,,,,,,,,,,,,,,,,,,,,,,,,,,,3005,7986,3415,22289,11042,,,,,,4733,1785,2100,4330,3377,784,658,3186,4000,1253,1955,3490,663,134,189,667,906,209,54,867,,,,,,,,,,,,,,,,,,,,,,,,,,,,,,,,,,,,,,,,,,,,,,,,,,,,,,,,,,,,,,,,,,,
ACSSF,2012m1,co,000,0022,0000064,3921,1897,3880,2001,1394,1979,2059,1878,1356,1064,2142,3400,1237,3223,1479,1039,1318,920,971,728,350,1054,3891,1122,3729,1414,848,1015,1198,1549,1174,857,1684,1067,72,1062,732,189,240,112,286,98,63,245,2589,857,2358,1094,641,1065,1262,528,716,281,580,,,,,,,,,,,,,,,,,,,,,,,,,,,,,,,,,,,,,,,,,,,,,,,,,,,,,,,,1947,3461,2206,26333,4726,,,,,,4912,4121,2173,5598,4285,2530,1615,3843,4514,1457,1094,4382,1046,244,189,1024,3049,1702,947,2954,,,,,,,,,,,,,,,,,,,,,,,,,,,,,,,,,,,,,,,,,,,,,,,,,,,,,,,,,,,,,,,,,,,
ACSSF,2012m1,co,000,0022,0000065,2880,1662,3177,2428,1579,1535,1869,1453,1104,794,1639,2373,725,2235,1362,698,638,614,767,493,156,451,3360,1436,3429,2204,1253,1279,1563,1400,931,786,1497,625,262,556,262,123,185,208,128,158,128,184,1481,421,1328,583,468,605,495,210,392,156,544,,,,,,,,,,,,,,,,,,,,,,,,,,,,,,,,,,,,,,,,,,,,,,,,,,,,,,,,1524,1411,2676,27123,5132,,,,,,2793,2729,2364,4417,2717,1335,1338,2473,3564,2469,1084,3586,785,335,189,707,1581,541,1002,1176,,,,,,,,,,,,,,,,,,,,,,,,,,,,,,,,,,,,,,,,,,,,,,,,,,,,,,,,,,,,,,,,,,,
ACSSF,2012m1,co,000,0022,0000066,3439,1661,3478,2068,1108,1600,1822,1792,1630,871,1664,2336,949,2358,991,711,918,1216,710,954,479,871,3330,1041,3016,1274,902,1112,1131,1399,969,739,1496,553,259,492,147,110,189,129,186,131,74,352,1633,641,1640,815,506,915,530,634,570,402,657,,,,,,,,,,,,,,,,,,,,,,,,,,,,,,,,,,,,,,,,,,,,,,,,,,,,,,,,2881,1806,2005,31827,13556,,,,,,4302,2565,2082,4915,3642,1583,1536,3721,3503,1087,611,3391,629,119,64,618,1791,872,692,1825,,,,,,,,,,,,,,,,,,,,,,,,,,,,,,,,,,,,,,,,,,,,,,,,,,,,,,,,,,,,,,,,,,,
ACSSF,2012m1,co,000,0022,0000067,4201,1732,3638,2095,1462,1764,1510,1991,1427,881,1737,3576,1276,3221,1189,797,1081,1157,1348,836,388,963,3131,717,2991,1317,1225,1148,893,1444,1109,817,1215,403,213,352,145,189,157,189,63,57,137,219,2258,842,1999,856,408,822,538,677,230,204,545,,,,,,,,,,,,,,,,,,,,,,,,,,,,,,,,,,,,,,,,,,,,,,,,,,,,,,,,2283,3567,3833,58486,3539,,,,,,5124,2894,3948,5970,4564,2167,2128,4439,3589,1120,1536,3578,403,172,189,346,2251,529,1144,1962,,,,,,,,,,,,,,,,,,,,,,,,,,,,,,,,,,,,,,,,,,,,,,,,,,,,,,,,,,,,,,,,,,,
ACSSF,2012m1,co,000,0022,0000068,4875,1934,4271,1826,1894,2001,2020,2076,1610,975,1029,4307,1400,3807,1416,799,1434,1339,1615,1102,651,658,3498,1001,3234,1563,1227,1051,1056,1240,912,711,924,840,224,753,416,321,301,222,290,100,263,189,3002,1317,2280,851,709,1159,1120,809,355,129,296,,,,,,,,,,,,,,,,,,,,,,,,,,,,,,,,,,,,,,,,,,,,,,,,,,,,,,,,1910,2950,2195,20119,2853,,,,,,5742,4454,4473,6432,4742,3011,2856,5270,3994,1803,853,3409,923,229,426,766,3257,1440,1920,2315,,,,,,,,,,,,,,,,,,,,,,,,,,,,,,,,,,,,,,,,,,,,,,,,,,,,,,,,,,,,,,,,,,,
ACSSF,2012m1,co,000,0022,0000069,4578,1801,4301,2886,1516,2497,2142,1880,1462,1192,1161,4506,1463,3966,1982,1039,1149,1316,1407,893,766,734,3936,1234,3349,1582,917,1776,1252,1348,815,635,862,415,189,415,213,189,124,87,244,294,189,189,3909,1361,3179,1283,724,1262,978,1175,357,632,296,,,,,,,,,,,,,,,,,,,,,,,,,,,,,,,,,,,,,,,,,,,,,,,,,,,,,,,,1695,2965,1537,21833,2455,,,,,,5290,5377,4208,5898,6270,4488,2610,5031,4532,1640,1500,4242,512,145,186,387,4192,2101,1609,3056,,,,,,,,,,,,,,,,,,,,,,,,,,,,,,,,,,,,,,,,,,,,,,,,,,,,,,,,,,,,,,,,,,,
ACSSF,2012m1,co,000,0022,0000070,3737,1442,3250,1570,943,1122,1196,1436,1318,702,1453,2385,1122,2009,943,454,783,653,801,685,432,469,2748,843,2584,1065,636,777,697,1125,1075,521,1124,773,207,751,233,120,215,552,148,136,43,200,2364,806,2108,919,428,523,474,664,652,130,659,,,,,,,,,,,,,,,,,,,,,,,,,,,,,,,,,,,,,,,,,,,,,,,,,,,,,,,,3142,4021,2759,3000,6584,,,,,,5200,2267,2391,5393,3787,1422,1099,3599,3587,923,753,3556,776,90,172,756,2495,911,1327,2187,,,,,,,,,,,,,,,,,,,,,,,,,,,,,,,,,,,,,,,,,,,,,,,,,,,,,,,,,,,,,,,,,,,
ACSSF,2012m1,co,000,0022,0000071,4334,2109,3729,2387,1164,2039,1841,2119,1311,818,925,3136,1112,2777,1415,601,1291,1000,1017,712,352,364,2914,1223,2678,1378,795,1232,1229,1569,1060,611,776,552,145,530,79,141,478,315,92,62,189,105,3881,1210,3415,1578,665,1125,956,1211,527,445,452,,,,,,,,,,,,,,,,,,,,,,,,,,,,,,,,,,,,,,,,,,,,,,,,,,,,,,,,2013,6710,1601,12660,4009,,,,,,6265,4188,3625,6044,4202,2360,1810,3298,3130,1828,1372,3040,1085,159,1103,743,3941,1647,1683,3406,,,,,,,,,,,,,,,,,,,,,,,,,,,,,,,,,,,,,,,,,,,,,,,,,,,,,,,,,,,,,,,,,,,
ACSSF,2012m1,co,000,0022,0000072,4556,1690,3939,1871,1641,1805,2078,1487,842,592,865,2500,933,2270,1169,608,966,964,817,458,252,396,3180,993,2809,1170,1039,967,1004,689,842,443,553,575,175,626,219,156,52,213,113,71,327,221,3458,1060,2941,1317,1221,1578,1274,817,323,302,376,,,,,,,,,,,,,,,,,,,,,,,,,,,,,,,,,,,,,,,,,,,,,,,,,,,,,,,,1028,3074,1320,25643,1537,,,,,,5951,3720,3844,5695,3758,2457,2151,2979,3405,1291,1608,3067,749,395,334,570,3710,2587,1588,2682,,,,,,,,,,,,,,,,,,,,,,,,,,,,,,,,,,,,,,,,,,,,,,,,,,,,,,,,,,,,,,,,,,,
ACSSF,2012m1,co,000,0022,0000073,3771,1628,3305,1646,751,1463,1124,1367,1394,993,1823,2036,938,1901,899,312,782,578,763,570,525,616,3386,1213,3099,1112,640,1106,930,1173,1062,779,1786,599,190,496,131,69,167,192,181,72,132,206,2375,421,2237,832,239,754,345,194,607,360,688,,,,,,,,,,,,,,,,,,,,,,,,,,,,,,,,,,,,,,,,,,,,,,,,,,,,,,,,2110,5379,2787,28171,25625,,,,,,4642,1321,1381,4820,2817,755,672,2804,3520,1065,735,3531,691,189,320,595,2576,265,823,2455,,,,,,,,,,,,,,,,,,,,,,,,,,,,,,,,,,,,,,,,,,,,,,,,,,,,,,,,,,,,,,,,,,,
ACSSF,2012m1,co,000,0022,0000074,7465,2424,6155,2538,1687,1813,1954,1965,2531,1143,1643,3630,1240,3000,1119,1051,998,1133,898,712,410,683,4920,1531,4627,1894,994,1330,1398,1481,2148,976,1575,790,388,588,285,274,54,299,40,82,253,107,4479,1673,3650,987,1047,1002,1198,1015,774,475,462,,,,,,,,,,,,,,,,,,,,,,,,,,,,,,,,,,,,,,,,,,,,,,,,,,,,,,,,2032,3887,5762,9948,4215,,,,,,10257,5803,4198,8528,5137,3187,2807,4580,5147,2212,1217,4417,962,388,268,802,4860,3037,1474,3477,,,,,,,,,,,,,,,,,,,,,,,,,,,,,,,,,,,,,,,,,,,,,,,,,,,,,,,,,,,,,,,,,,,
ACSSF,2012m1,co,000,0022,0000075,6016,1558,5456,2843,1447,1926,1492,1752,1745,1227,1520,3576,1274,3082,1590,847,1204,932,688,992,508,781,3255,602,3061,1827,1052,1002,842,1551,1362,991,1246,787,215,727,292,306,367,189,411,189,330,177,2419,717,2080,965,886,1052,642,357,316,263,360,,,,,,,,,,,,,,,,,,,,,,,,,,,,,,,,,,,,,,,,,,,,,,,,,,,,,,,,2967,2409,5025,16689,4652,,,,,,7880,4913,2889,4456,5154,3101,2263,3054,3615,2388,1220,2706,828,332,205,786,2621,1345,709,1696,,,,,,,,,,,,,,,,,,,,,,,,,,,,,,,,,,,,,,,,,,,,,,,,,,,,,,,,,,,,,,,,,,,
ACSSF,2012m1,co,000,0022,0000076,4704,1499,4565,1989,1325,1510,1731,1933,1862,1160,2367,3052,693,2844,1038,911,960,1308,1308,811,453,927,3748,977,3746,1395,922,1256,1497,1312,1562,947,1942,559,189,559,192,189,289,272,114,85,189,272,1409,343,1353,619,240,400,409,387,424,170,730,,,,,,,,,,,,,,,,,,,,,,,,,,,,,,,,,,,,,,,,,,,,,,,,,,,,,,,,2839,2737,2402,6081,10362,,,,,,5704,2031,1113,5239,4226,1454,788,3911,3624,1243,735,3369,553,192,189,518,1620,638,268,1328,,,,,,,,,,,,,,,,,,,,,,,,,,,,,,,,,,,,,,,,,,,,,,,,,,,,,,,,,,,,,,,,,,,
ACSSF,2012m1,co,000,0022,0000077,5995,2388,5302,2507,2039,2420,2493,2186,1739,921,1873,3229,1242,2841,1179,635,1026,1675,938,916,348,967,3934,1009,3769,1568,1368,1657,1643,1567,1367,841,1804,863,196,839,255,360,264,322,291,124,181,461,4593,1484,3849,2048,1167,1052,1157,810,1217,341,674,,,,,,,,,,,,,,,,,,,,,,,,,,,,,,,,,,,,,,,,,,,,,,,,,,,,,,,,1469,4096,4851,13368,4139,,,,,,8205,6023,4872,6101,4939,3188,2790,3698,3953,1585,1647,3196,868,198,470,789,4867,3382,2073,3268,,,,,,,,,,,,,,,,,,,,,,,,,,,,,,,,,,,,,,,,,,,,,,,,,,,,,,,,,,,,,,,,,,,
ACSSF,2012m1,co,000,0022,0000078,5943,2341,5140,2094,1731,2455,1631,1750,1241,536,912,3857,1642,3079,1371,1150,1486,792,1124,1006,397,497,2781,669,2597,1070,902,1008,949,835,850,375,637,309,131,283,63,182,38,129,78,189,189,120,4061,1537,3549,1321,1364,1597,1293,965,425,189,196,,,,,,,,,,,,,,,,,,,,,,,,,,,,,,,,,,,,,,,,,,,,,,,,,,,,,,,,1559,1630,3284,19195,3552,,,,,,8699,4904,4472,7718,6526,3263,2749,5599,2947,1321,1236,2200,359,227,38,279,4325,2169,1954,3835,,,,,,,,,,,,,,,,,,,,,,,,,,,,,,,,,,,,,,,,,,,,,,,,,,,,,,,,,,,,,,,,,,,
ACSSF,2012m1,co,000,0022,0000079,3013,1201,2978,1643,1315,1663,1601,1603,1300,834,1295,3461,949,3278,1138,925,975,1272,1194,914,545,799,2822,805,2526,1265,785,1169,1010,1210,951,625,978,364,189,364,142,84,125,150,106,148,189,179,1369,292,1345,428,474,788,285,268,121,112,601,,,,,,,,,,,,,,,,,,,,,,,,,,,,,,,,,,,,,,,,,,,,,,,,,,,,,,,,1410,2324,1728,24521,5650,,,,,,3336,1725,1343,4089,4042,1181,727,4362,2824,1121,911,2868,364,115,74,334,1423,364,191,1390,,,,,,,,,,,,,,,,,,,,,,,,,,,,,,,,,,,,,,,,,,,,,,,,,,,,,,,,,,,,,,,,,,,
ACSSF,2012m1,co,000,0022,0000080,3740,1942,3504,2068,1493,1757,1680,1601,1421,1017,1109,2931,1434,2571,1497,1028,1262,990,1281,833,454,645,2926,964,2872,1196,1021,1206,1186,1075,1105,877,1036,451,216,367,75,144,95,189,222,67,189,233,2111,888,1605,575,362,398,734,365,462,438,536,,,,,,,,,,,,,,,,,,,,,,,,,,,,,,,,,,,,,,,,,,,,,,,,,,,,,,,,1853,3478,3929,18509,3124,,,,,,4609,3862,2654,4679,4068,3175,1861,3631,3132,1771,1704,2994,528,243,186,381,2072,754,467,1877,,,,,,,,,,,,,,,,,,,,,,,,,,,,,,,,,,,,,,,,,,,,,,,,,,,,,,,,,,,,,,,,,,,
ACSSF,2012m1,co,000,0022,0000081,3864,1779,3641,1898,1154,1673,1531,1978,1418,887,1619,3549,997,3392,1117,632,1059,765,1242,1015,550,1131,3673,1022,3542,1240,976,1397,1174,1340,1055,804,1366,780,189,780,288,41,266,379,271,77,99,268,1852,815,1543,859,427,608,434,779,293,225,601,,,,,,,,,,,,,,,,,,,,,,,,,,,,,,,,,,,,,,,,,,,,,,,,,,,,,,,,1389,2855,2859,18187,9292,,,,,,5160,2470,2191,5371,4225,1460,1315,4501,4136,1561,939,3422,794,190,189,798,1941,556,1171,1596,,,,,,,,,,,,,,,,,,,,,,,,,,,,,,,,,,,,,,,,,,,,,,,,,,,,,,,,,,,,,,,,,,,
ACSSF,2012m1,co,000,0022,0000082,2921,1792,2796,1599,1184,1720,1229,1463,1169,731,1220,3204,1282,2710,1389,698,1076,846,848,704,427,552,2927,976,2839,1189,1055,1245,862,1001,943,563,1068,489,147,475,238,189,125,189,168,295,189,254,1283,390,1138,478,414,397,363,631,237,69,310,,,,,,,,,,,,,,,,,,,,,,,,,,,,,,,,,,,,,,,,,,,,,,,,,,,,,,,,2221,3092,4666,14609,7651,,,,,,3602,2953,2406,4934,4073,2216,1497,3914,3302,1361,1273,3208,547,259,83,453,1322,792,435,1116,,,,,,,,,,,,,,,,,,,,,,,,,,,,,,,,,,,,,,,,,,,,,,,,,,,,,,,,,,,,,,,,,,,
ACSSF,2012m1,co,000,0022,0000083,4210,1669,4153,1867,987,1357,1717,2147,1540,867,2115,3411,1130,2959,1361,602,1061,616,975,618,335,1006,3848,1232,3585,1197,661,928,1228,1902,1366,827,1933,733,134,713,436,109,135,275,373,163,94,283,1608,717,1181,464,255,345,551,470,382,132,632,,,,,,,,,,,,,,,,,,,,,,,,,,,,,,,,,,,,,,,,,,,,,,,,,,,,,,,,4184,6166,2071,18470,5140,,,,,,5432,1545,1065,5851,4524,676,778,4355,4197,1056,524,4296,773,365,189,729,1668,383,169,1580,,,,,,,,,,,,,,,,,,,,,,,,,,,,,,,,,,,,,,,,,,,,,,,,,,,,,,,,,,,,,,,,,,,
ACSSF,2012m1,co,000,0022,0000084,3336,1690,3129,1490,1134,1180,1230,1392,1151,842,2103,2665,1259,2286,1023,849,501,740,873,477,296,955,3542,1163,3237,1142,487,984,800,1013,1018,565,2022,631,110,622,189,178,187,72,67,319,237,435,1568,346,1541,515,369,314,505,475,158,350,600,,,,,,,,,,,,,,,,,,,,,,,,,,,,,,,,,,,,,,,,,,,,,,,,,,,,,,,,4096,4364,4031,22116,9636,,,,,,4529,1377,1711,4482,3318,604,1442,3260,4232,1280,569,4177,674,73,189,661,1604,383,338,1578,,,,,,,,,,,,,,,,,,,,,,,,,,,,,,,,,,,,,,,,,,,,,,,,,,,,,,,,,,,,,,,,,,,
ACSSF,2012m1,co,000,0022,0000085,3208,1640,2710,1954,883,1240,1116,1475,1436,1054,1797,3039,867,2792,1455,518,844,690,740,775,726,686,3459,1288,3081,1539,836,1071,997,1080,1225,918,1840,548,133,536,426,189,142,123,173,95,56,204,1574,898,1044,345,114,233,304,629,351,189,423,,,,,,,,,,,,,,,,,,,,,,,,,,,,,,,,,,,,,,,,,,,,,,,,,,,,,,,,3998,3495,2878,25956,5115,,,,,,4423,2383,1156,4740,4178,1483,730,3892,4416,1504,712,4479,596,189,189,596,1726,793,104,1586,,,,,,,,,,,,,,,,,,,,,,,,,,,,,,,,,,,,,,,,,,,,,,,,,,,,,,,,,,,,,,,,,,,
ACSSF,2012m1,co,000,0022,0000086,4683,1860,4142,1223,1373,1773,1151,1355,1611,952,1175,3079,935,2803,821,561,865,763,755,864,837,1009,2822,1357,2347,861,651,1037,699,1061,897,607,1019,951,147,928,322,164,69,328,351,210,66,231,2537,618,2219,602,1187,815,755,558,748,294,358,,,,,,,,,,,,,,,,,,,,,,,,,,,,,,,,,,,,,,,,,,,,,,,,,,,,,,,,2832,3974,1800,7571,5663,,,,,,6514,3487,2593,5962,5041,2310,1747,4256,3100,945,700,3033,1053,111,271,1006,2621,1144,1036,2329,,,,,,,,,,,,,,,,,,,,,,,,,,,,,,,,,,,,,,,,,,,,,,,,,,,,,,,,,,,,,,,,,,,
ACSSF,2012m1,co,000,0022,0000087,1878,1162,2006,1856,1141,1734,1146,1679,1339,1006,1100,2429,725,2230,1247,637,1126,495,818,655,374,556,2696,1157,2519,1564,934,1352,1053,1521,1200,852,994,559,79,552,110,273,178,121,153,65,189,370,986,117,976,304,113,548,292,276,206,107,117,,,,,,,,,,,,,,,,,,,,,,,,,,,,,,,,,,,,,,,,,,,,,,,,,,,,,,,,1376,2379,1850,23148,4235,,,,,,2405,2658,2333,3766,3170,1290,1852,2906,3078,1965,913,3040,577,142,74,559,980,149,355,805,,,,,,,,,,,,,,,,,,,,,,,,,,,,,,,,,,,,,,,,,,,,,,,,,,,,,,,,,,,,,,,,,,,
ACSSF,2012m1,co,000,0022,0000088,2176,1888,2549,2078,1615,2099,2007,1911,1532,1113,1225,2900,1158,2794,1549,1019,1479,1384,1048,863,590,916,3814,1452,3412,1555,1048,1699,1602,1436,1237,913,883,427,189,427,120,151,189,329,189,189,97,94,1582,438,1517,587,317,661,573,570,230,120,258,,,,,,,,,,,,,,,,,,,,,,,,,,,,,,,,,,,,,,,,,,,,,,,,,,,,,,,,1636,3412,1777,19947,3030,,,,,,2933,4090,3538,5750,3992,3079,2441,4030,4687,2278,1108,4794,554,189,88,550,1716,516,1262,1080,,,,,,,,,,,,,,,,,,,,,,,,,,,,,,,,,,,,,,,,,,,,,,,,,,,,,,,,,,,,,,,,,,,
ACSSF,2012m1,co,000,0022,0000089,2343,1338,2569,1822,1177,1585,1205,1601,883,643,1034,2627,778,2506,1302,778,1147,726,1056,512,355,758,2724,1029,2562,1116,920,1173,995,1162,720,545,978,274,189,274,112,189,15,34,30,250,189,189,1083,397,1111,490,281,660,195,409,85,189,214,,,,,,,,,,,,,,,,,,,,,,,,,,,,,,,,,,,,,,,,,,,,,,,,,,,,,,,,1503,1543,1992,58735,1330,,,,,,3407,3073,2384,3899,3066,1875,1514,2955,2793,1438,1228,2775,262,57,189,252,1136,765,730,924,,,,,,,,,,,,,,,,,,,,,,,,,,,,,,,,,,,,,,,,,,,,,,,,,,,,,,,,,,,,,,,,,,,
ACSSF,2012m1,co,000,0022,0000090,3884,2208,3103,1646,1520,1497,1672,2351,1576,1050,1668,2199,983,1898,807,544,734,565,711,587,410,497,3898,1586,3333,1355,1319,1332,1536,2102,1331,849,1571,1362,670,1057,419,142,526,481,300,209,463,190,1353,575,1175,488,314,313,268,693,466,189,277,,,,,,,,,,,,,,,,,,,,,,,,,,,,,,,,,,,,,,,,,,,,,,,,,,,,,,,,2667,4268,2384,6999,10596,,,,,,5078,2635,3381,5641,3202,1148,1143,3125,5013,1469,2760,4702,1855,1295,295,1484,1410,463,317,1310,,,,,,,,,,,,,,,,,,,,,,,,,,,,,,,,,,,,,,,,,,,,,,,,,,,,,,,,,,,,,,,,,,,
ACSSF,2012m1,co,000,0022,0000091,5498,1883,5012,2345,1617,2364,1666,1756,1552,1016,1441,2654,1009,2485,1496,647,1145,696,800,621,258,620,4277,1230,4008,1595,1352,1864,1444,1509,1169,906,1309,858,221,801,385,215,271,377,281,222,109,393,2220,665,2041,780,550,777,453,407,566,192,501,,,,,,,,,,,,,,,,,,,,,,,,,,,,,,,,,,,,,,,,,,,,,,,,,,,,,,,,1551,3076,3699,11638,5528,,,,,,7020,3865,2384,6845,3461,2247,1257,3415,4948,2062,1605,4800,880,371,197,714,2284,1312,118,1865,,,,,,,,,,,,,,,,,,,,,,,,,,,,,,,,,,,,,,,,,,,,,,,,,,,,,,,,,,,,,,,,,,,
ACSSF,2012m1,co,000,0022,0000092,4925,1577,4245,1813,1362,2109,1643,1852,1213,848,922,2525,978,2310,1391,478,885,858,908,619,270,565,3346,891,3168,1554,1291,1500,1172,1485,883,754,753,1255,123,1248,330,139,1053,409,95,292,141,185,1842,618,1442,823,232,769,541,335,308,275,175,,,,,,,,,,,,,,,,,,,,,,,,,,,,,,,,,,,,,,,,,,,,,,,,,,,,,,,,1890,3100,2616,4363,3564,,,,,,6371,2769,2017,6079,3675,1667,1293,3189,3688,1449,1049,3645,1248,357,79,1192,1841,1090,478,1157,,,,,,,,,,,,,,,,,,,,,,,,,,,,,,,,,,,,,,,,,,,,,,,,,,,,,,,,,,,,,,,,,,,
ACSSF,2012m1,co,000,0022,0000093,4945,1605,4291,1840,1290,1631,1576,1852,1179,971,1523,2556,967,1961,1044,407,1053,730,507,429,345,510,3942,1116,3574,1468,1176,1388,1257,1623,1024,810,1413,889,303,831,240,185,202,374,438,321,151,230,1855,669,1579,829,277,650,497,329,254,346,506,,,,,,,,,,,,,,,,,,,,,,,,,,,,,,,,,,,,,,,,,,,,,,,,,,,,,,,,1088,6674,1624,6067,4868,,,,,,7115,3112,1694,6549,3918,1597,805,3558,5124,1925,997,4719,950,346,189,893,1866,902,574,1403,,,,,,,,,,,,,,,,,,,,,,,,,,,,,,,,,,,,,,,,,,,,,,,,,,,,,,,,,,,,,,,,,,,
ACSSF,2012m1,co,000,0022,0000094,5487,2260,4307,2294,1456,2192,1903,1281,1179,760,1180,2559,1329,2463,1357,573,1169,833,732,365,98,269,4003,1268,3546,1554,1022,1451,1188,1031,1127,772,1091,1221,455,1003,425,207,387,535,209,201,97,80,2750,914,2242,1236,606,1032,891,315,325,107,316,,,,,,,,,,,,,,,,,,,,,,,,,,,,,,,,,,,,,,,,,,,,,,,,,,,,,,,,1506,1912,1971,6346,2050,,,,,,7226,4261,2891,6000,4450,2971,1798,3018,4395,1551,1299,3937,1426,446,387,1125,2900,2014,696,2228,,,,,,,,,,,,,,,,,,,,,,,,,,,,,,,,,,,,,,,,,,,,,,,,,,,,,,,,,,,,,,,,,,,
ACSSF,2012m1,co,000,0022,0000095,6015,1906,5014,2070,1203,1683,1512,1116,1522,967,1946,2130,986,1837,832,428,696,655,510,706,264,697,5146,1722,4236,1456,982,1362,1043,1088,1124,904,1734,943,281,900,685,127,316,151,189,407,189,429,2017,425,1775,596,492,759,626,467,148,193,558,,,,,,,,,,,,,,,,,,,,,,,,,,,,,,,,,,,,,,,,,,,,,,,,,,,,,,,,4264,7192,3808,39966,4405,,,,,,8089,2839,1325,8009,3468,790,764,3513,6083,2499,654,5748,977,413,102,956,2185,147,407,2066,,,,,,,,,,,,,,,,,,,,,,,,,,,,,,,,,,,,,,,,,,,,,,,,,,,,,,,,,,,,,,,,,,,
ACSSF,2012m1,co,000,0022,0000096,4994,1670,4141,1780,1428,1634,1345,1141,1254,849,1677,2055,1045,1627,930,453,666,609,348,568,151,669,4192,1278,3638,1153,1187,1430,988,1098,979,783,1456,869,214,804,538,212,316,151,189,417,128,399,1509,359,1441,664,351,459,491,421,210,219,582,,,,,,,,,,,,,,,,,,,,,,,,,,,,,,,,,,,,,,,,,,,,,,,,,,,,,,,,3051,4857,4122,43849,6364,,,,,,6947,2627,1743,7296,3161,746,1155,3267,5209,2359,858,5103,890,172,189,858,1855,148,257,1850,,,,,,,,,,,,,,,,,,,,,,,,,,,,,,,,,,,,,,,,,,,,,,,,,,,,,,,,,,,,,,,,,,,
ACSSF,2012m1,co,000,0022,0000097,5303,2433,4699,2985,2150,2525,2203,2583,1741,1169,1252,3640,1456,3238,1588,868,1518,1266,1200,990,804,547,3984,1424,3678,1753,1290,1777,1363,1662,1288,709,854,765,241,726,149,245,481,393,194,93,189,249,4852,1465,4240,2042,1406,1745,1335,1436,604,541,602,,,,,,,,,,,,,,,,,,,,,,,,,,,,,,,,,,,,,,,,,,,,,,,,,,,,,,,,1344,4272,2308,7712,1152,,,,,,6845,5340,5037,7556,5192,3063,3060,4148,4417,1962,1988,3930,1331,480,1197,872,4918,3212,2166,4777,,,,,,,,,,,,,,,,,,,,,,,,,,,,,,,,,,,,,,,,,,,,,,,,,,,,,,,,,,,,,,,,,,,
ACSSF,2012m1,co,000,0022,0000098,3171,2132,3511,3086,1585,2170,2059,2110,1590,1028,2176,3116,888,2996,1628,894,985,899,899,851,320,1027,3813,1634,3770,2400,1381,1422,1693,1808,1270,873,1860,781,267,739,304,172,185,303,214,216,175,308,1940,887,1929,942,512,1031,739,646,564,376,917,,,,,,,,,,,,,,,,,,,,,,,,,,,,,,,,,,,,,,,,,,,,,,,,,,,,,,,,1142,3524,2897,19124,4828,,,,,,3991,3754,2811,5168,4340,1889,1715,3724,4277,2702,1428,4382,965,339,189,945,2083,933,1137,2085,,,,,,,,,,,,,,,,,,,,,,,,,,,,,,,,,,,,,,,,,,,,,,,,,,,,,,,,,,,,,,,,,,,
ACSSF,2012m1,co,000,0022,0000099,3239,1527,2673,1733,893,1792,1259,1522,1186,1092,1081,2940,659,2834,1366,551,828,954,1279,717,612,678,3158,1091,2514,1076,633,1478,672,1126,704,551,794,340,189,340,72,189,124,189,90,294,189,189,2678,1069,2048,499,242,938,598,639,262,648,199,,,,,,,,,,,,,,,,,,,,,,,,,,,,,,,,,,,,,,,,,,,,,,,,,,,,,,,,2507,4314,3618,39610,3652,,,,,,4077,1842,1909,4782,4735,1436,1467,4469,3458,726,565,3386,358,123,189,328,2720,661,796,2427,,,,,,,,,,,,,,,,,,,,,,,,,,,,,,,,,,,,,,,,,,,,,,,,,,,,,,,,,,,,,,,,,,,
ACSSF,2012m1,co,000,0022,0000100,5647,2268,4953,2732,1812,2405,2163,2329,2316,1320,2391,3596,1538,3078,1619,874,1357,1010,1138,990,588,1271,4536,1707,3779,1466,1123,1507,1390,1725,1805,926,1835,1207,301,1130,452,135,231,638,302,136,401,361,4035,1486,3543,1588,1139,1436,1180,921,1434,383,953,,,,,,,,,,,,,,,,,,,,,,,,,,,,,,,,,,,,,,,,,,,,,,,,,,,,,,,,1026,1991,1671,9109,4818,,,,,,6819,4121,4122,7875,5181,2342,1738,5505,5453,1837,1249,5246,1273,95,382,1245,4408,2198,2259,3532,,,,,,,,,,,,,,,,,,,,,,,,,,,,,,,,,,,,,,,,,,,,,,,,,,,,,,,,,,,,,,,,,,,
ACSSF,2012m1,co,000,0022,0000101,5928,1996,5540,2866,1927,2965,2216,2614,1738,1186,1773,3183,1272,2957,2010,806,1452,1174,1199,951,430,755,4544,1271,4512,2383,1851,1966,1773,2157,1333,1081,1430,1545,352,1486,478,225,1086,600,318,449,170,286,2533,999,1988,1245,591,1039,818,529,510,419,271,,,,,,,,,,,,,,,,,,,,,,,,,,,,,,,,,,,,,,,,,,,,,,,,,,,,,,,,1074,1864,2421,10363,3092,,,,,,8147,5070,2959,8435,4620,2912,1888,4578,5496,2863,1729,5149,1590,598,227,1439,2700,2031,907,1919,,,,,,,,,,,,,,,,,,,,,,,,,,,,,,,,,,,,,,,,,,,,,,,,,,,,,,,,,,,,,,,,,,,
ACSSF,2012m1,co,000,0022,0000102,691,3352,3197,4011,3588,3504,4072,3386,4218,2255,4120,6080,2345,5382,2715,1859,2433,2773,2045,1640,892,1615,5514,2013,5917,3239,2112,2424,2624,2686,3529,1810,3843,1483,504,1294,487,560,453,551,438,173,414,584,6086,2631,5047,2347,2082,2232,1935,1603,1229,607,993,,,,,,,,,,,,,,,,,,,,,,,,,,,,,,,,,,,,,,,,,,,,,,,,,,,,,,,,917,1762,2302,3533,2119,,,,,,2117,8330,7125,10513,7091,5709,4998,8677,6014,3805,2135,5463,1594,630,557,1500,7001,4450,3111,5287,,,,,,,,,,,,,,,,,,,,,,,,,,,,,,,,,,,,,,,,,,,,,,,,,,,,,,,,,,,,,,,,,,,
ACSSF,2012m1,co,000,0022,0000103,815,2464,2708,2084,1648,1870,2306,2573,2317,1654,2801,3969,1687,3406,1573,1018,1147,1014,1404,1072,826,1390,4074,2152,3789,1915,1152,1557,1558,2010,2004,1371,2698,965,218,957,548,206,295,309,395,359,249,529,2274,1179,1870,640,527,489,707,907,520,361,901,,,,,,,,,,,,,,,,,,,,,,,,,,,,,,,,,,,,,,,,,,,,,,,,,,,,,,,,3456,3379,1187,23833,4153,,,,,,1226,2783,1933,3317,4937,1753,1490,4799,5287,1964,1009,5245,1062,73,189,1048,2420,973,381,2237,,,,,,,,,,,,,,,,,,,,,,,,,,,,,,,,,,,,,,,,,,,,,,,,,,,,,,,,,,,,,,,,,,,
ACSSF,2012m1,co,000,0022,0000104,4151,1697,3431,1370,1079,1620,1395,1858,1067,772,1278,1993,803,1581,546,285,972,589,478,350,290,406,3570,1355,3042,1192,950,1250,1075,1675,930,672,1166,820,256,804,542,157,189,353,394,224,119,213,1281,492,1062,634,391,388,174,155,293,168,480,,,,,,,,,,,,,,,,,,,,,,,,,,,,,,,,,,,,,,,,,,,,,,,,,,,,,,,,3336,8168,2138,31820,3069,,,,,,5794,1516,1030,5666,3142,856,406,3051,4465,975,579,4501,859,393,102,781,1361,356,361,1320,,,,,,,,,,,,,,,,,,,,,,,,,,,,,,,,,,,,,,,,,,,,,,,,,,,,,,,,,,,,,,,,,,,
ACSSF,2012m1,co,000,0022,0000105,3656,2060,3558,2160,1792,2616,2024,1879,1389,862,1963,3569,1164,3363,2225,1194,1637,1011,980,565,329,1020,3829,1345,3706,1875,1096,1796,1505,1461,1152,839,1378,650,149,627,113,275,406,227,362,86,45,182,1901,806,1568,636,814,628,333,526,431,78,513,,,,,,,,,,,,,,,,,,,,,,,,,,,,,,,,,,,,,,,,,,,,,,,,,,,,,,,,1066,1465,2800,10924,5619,,,,,,5108,3734,3343,4761,4382,2344,2265,3570,4374,1995,1743,4362,819,348,320,655,2121,1047,855,1676,,,,,,,,,,,,,,,,,,,,,,,,,,,,,,,,,,,,,,,,,,,,,,,,,,,,,,,,,,,,,,,,,,,
ACSSF,2012m1,co,000,0022,0000106,1078,1889,1903,2296,1614,2137,2049,2200,1601,1208,1388,3485,1116,3374,1606,1079,1567,1411,1344,884,596,1107,3900,1639,3304,1630,1071,1662,1611,1486,1292,954,993,427,189,427,120,151,189,329,189,189,97,94,1635,438,1583,588,317,676,583,570,230,120,348,,,,,,,,,,,,,,,,,,,,,,,,,,,,,,,,,,,,,,,,,,,,,,,,,,,,,,,,1262,3005,1514,19947,3039,,,,,,1562,4336,3701,5546,4651,3162,2448,4868,4722,2469,1345,4721,554,189,88,550,1762,515,1262,1128,,,,,,,,,,,,,,,,,,,,,,,,,,,,,,,,,,,,,,,,,,,,,,,,,,,,,,,,,,,,,,,,,,,
ACSSF,2012m1,co,000,0022,0000107,3254,1799,3399,2323,1567,1494,1426,1687,1004,636,956,3032,1364,2633,1780,1281,1173,923,1154,805,425,710,2590,876,2556,1186,767,882,1064,847,553,489,687,726,455,491,112,248,156,230,175,204,189,189,2368,1177,1667,676,435,728,809,658,415,226,239,,,,,,,,,,,,,,,,,,,,,,,,,,,,,,,,,,,,,,,,,,,,,,,,,,,,,,,,1249,1841,2765,16578,3570,,,,,,4437,3573,4869,5577,3817,2514,2916,4289,3132,1423,1422,3018,872,206,375,758,2625,1017,2089,1649,,,,,,,,,,,,,,,,,,,,,,,,,,,,,,,,,,,,,,,,,,,,,,,,,,,,,,,,,,,,,,,,,,,
ACSSF,2012m1,co,000,0022,0000108,4811,1676,4333,2064,1453,1715,1731,1121,1051,690,923,2080,1009,2019,1101,526,938,774,625,310,114,194,3515,993,3329,1206,1205,1189,1102,908,912,676,893,802,217,741,342,179,387,267,265,125,87,65,3025,740,2685,1472,526,1131,752,372,418,107,316,,,,,,,,,,,,,,,,,,,,,,,,,,,,,,,,,,,,,,,,,,,,,,,,,,,,,,,,1607,2992,1910,7982,3076,,,,,,6821,4298,2039,6273,3584,2528,1239,2982,4032,1714,1110,3923,898,358,352,643,3148,2108,445,2146,,,,,,,,,,,,,,,,,,,,,,,,,,,,,,,,,,,,,,,,,,,,,,,,,,,,,,,,,,,,,,,,,,,
ACSSF,2012m1,co,000,0022,0000109,1127,3010,3284,3459,2586,3551,3194,3615,2568,1959,3071,5904,2080,5848,2349,1666,2418,2032,2666,2004,1096,2071,6251,1957,5961,2432,1878,3338,2456,2906,1553,1728,2696,1153,515,1061,427,187,346,393,400,337,138,593,2969,1177,2653,1318,870,1099,834,1073,598,616,1138,,,,,,,,,,,,,,,,,,,,,,,,,,,,,,,,,,,,,,,,,,,,,,,,,,,,,,,,1110,1322,1644,11406,4471,,,,,,3316,5828,3902,7584,7046,4100,2431,7957,7229,3252,2746,6958,1231,505,231,1158,3026,1057,1236,2805,,,,,,,,,,,,,,,,,,,,,,,,,,,,,,,,,,,,,,,,,,,,,,,,,,,,,,,,,,,,,,,,,,,
ACSSF,2012m1,co,000,0022,0000110,2457,1192,2597,1414,1059,1309,1236,1125,1031,920,1339,2158,990,2017,969,539,777,747,789,617,493,490,2703,740,2552,1086,894,1032,986,846,933,812,1305,280,189,280,126,69,129,189,74,72,74,103,1141,220,1091,517,199,411,336,351,164,145,414,,,,,,,,,,,,,,,,,,,,,,,,,,,,,,,,,,,,,,,,,,,,,,,,,,,,,,,,3111,4692,3398,31189,5112,,,,,,3050,1931,1495,3670,3105,1495,896,2892,3072,1088,865,3161,348,208,189,279,1192,411,399,1045,,,,,,,,,,,,,,,,,,,,,,,,,,,,,,,,,,,,,,,,,,,,,,,,,,,,,,,,,,,,,,,,,,,
ACSSF,2012m1,co,000,0022,0000111,3619,2012,3849,2166,1434,2004,2002,1943,1300,1029,2125,3189,1302,2992,1478,1051,1270,933,1016,760,358,930,3906,1225,3685,1452,1023,1022,1187,1511,1146,881,1666,1028,72,1023,732,189,240,112,285,98,63,155,2419,771,2207,1099,642,1047,1147,537,698,281,393,,,,,,,,,,,,,,,,,,,,,,,,,,,,,,,,,,,,,,,,,,,,,,,,,,,,,,,,1525,3850,2120,28978,4304,,,,,,4793,4038,2196,5250,4195,2460,1634,3839,4492,1414,1076,4227,1008,244,189,981,2928,1702,948,2825,,,,,,,,,,,,,,,,,,,,,,,,,,,,,,,,,,,,,,,,,,,,,,,,,,,,,,,,,,,,,,,,,,,
ACSSF,2012m1,co,000,0022,0000112,3435,1334,3204,1926,1655,2044,1914,2066,1487,959,1754,3147,883,3055,1288,1279,940,1062,1298,669,600,825,3055,1027,2774,1424,994,1698,1533,1498,1300,760,1289,533,204,493,328,189,53,143,140,44,189,319,1207,105,1222,535,217,489,563,171,164,69,605,,,,,,,,,,,,,,,,,,,,,,,,,,,,,,,,,,,,,,,,,,,,,,,,,,,,,,,,3567,2528,2820,52915,12728,,,,,,3932,2619,1732,4739,3625,1827,1026,4334,3307,1312,1124,3217,532,328,48,437,1225,565,340,1066,,,,,,,,,,,,,,,,,,,,,,,,,,,,,,,,,,,,,,,,,,,,,,,,,,,,,,,,,,,,,,,,,,,
ACSSF,2012m1,co,000,0022,0000113,1260,1657,2161,2118,1213,1829,1414,1139,1007,664,617,2670,1604,2762,1704,1008,1372,1102,950,800,502,453,2292,813,2146,1119,670,973,1154,715,625,366,479,439,72,430,289,107,82,157,200,97,61,189,1017,389,911,652,313,307,203,208,144,156,147,,,,,,,,,,,,,,,,,,,,,,,,,,,,,,,,,,,,,,,,,,,,,,,,,,,,,,,,1598,1837,3601,24937,4822,,,,,,1326,4486,2981,4188,3104,3651,2290,3826,2584,1531,1055,2068,515,301,86,385,1106,794,274,770,,,,,,,,,,,,,,,,,,,,,,,,,,,,,,,,,,,,,,,,,,,,,,,,,,,,,,,,,,,,,,,,,,,
ACSSF,2012m1,co,000,0022,0000114,4685,2133,3983,2535,2061,2320,2164,2941,1830,1279,1857,4345,1646,3894,1624,1204,1472,1563,1898,1166,785,1206,4437,1325,4011,1817,1522,1517,1607,1752,1459,1051,1530,827,250,754,458,228,282,222,297,100,290,228,3229,1303,2650,911,768,1285,1089,1151,460,211,559,,,,,,,,,,,,,,,,,,,,,,,,,,,,,,,,,,,,,,,,,,,,,,,,,,,,,,,,962,2432,1620,19263,2146,,,,,,6393,4726,5179,7844,5775,3294,3337,6244,5154,2223,2097,4742,904,268,401,788,3497,1524,1840,3073,,,,,,,,,,,,,,,,,,,,,,,,,,,,,,,,,,,,,,,,,,,,,,,,,,,,,,,,,,,,,,,,,,,
ACSSF,2012m1,co,000,0022,0000115,3674,1347,3210,1867,1343,1431,1157,1131,739,612,642,2475,757,2182,1278,892,718,897,825,525,507,390,2300,561,2141,1213,691,904,569,552,543,267,482,397,153,378,121,243,121,61,238,57,189,189,2142,783,1785,691,632,695,603,635,136,134,300,,,,,,,,,,,,,,,,,,,,,,,,,,,,,,,,,,,,,,,,,,,,,,,,,,,,,,,,1948,3259,3647,34457,2959,,,,,,5333,3488,2756,4582,4002,2870,1385,3514,2576,1546,1028,1798,397,134,189,391,2253,710,1214,1793,,,,,,,,,,,,,,,,,,,,,,,,,,,,,,,,,,,,,,,,,,,,,,,,,,,,,,,,,,,,,,,,,,,
