ACSSF,2012m1,co,000,0170,0000001,2996,14674,11269,10729,3338,10538,2479,2019,1263,10057,10042,2828,10008,1706,1396,1081,15408,10707,9855,4040,9464,2737,2719,555,9931,9743,4140,9310,2502,2484,623,13314,7642,6583,4282,5374,3332,3240,800,9944,9699,6014,8437,2242,2415,1094,2656,22752,20237,10943,16492,10116,25518,20510,15697,14109,13332,25722,22851,20719,10104,9197,19834,18543,16929,7578,5909,26234,24023,23444,7120,7667,2996,14674,14487,4392,14168,3107,2348,1710,15408,14625,5892,14235,4080,4058,924,13314,11981,7579,10496,4312,4398,1448
ACSSF,2012m1,co,000,0170,0000002,9354,14774,10957,10439,3613,10370,2300,1928,1188,9376,9325,2715,9351,1743,1400,957,14039,9649,8986,3826,8728,2425,2438,454,9137,9039,3730,8595,2422,2421,493,12066,7015,6297,4246,5017,3304,3332,794,8930,8637,5602,7825,2996,3133,896,13777,21060,18455,10254,15053,9449,25482,20539,15247,14061,12835,25366,22401,20344,9737,9098,19715,18207,16801,7172,5785,24890,22418,21778,6834,6907,9354,14774,14713,4556,14579,2769,2214,1431,14039,13461,5502,13109,3588,3658,703,12066,11185,7223,9993,4925,5065,1304
ACSSF,2012m1,co,000,0170,0000003,9241,6909,4945,4846,1010,4622,1110,993,492,3705,3588,967,3692,822,617,480,5504,3571,3380,1274,2948,1163,1161,331,3884,3890,1311,3622,1238,1155,407,6437,3393,2323,1383,1884,2023,2038,379,4429,3515,1531,3032,2333,2235,627,13621,5912,4824,3385,3895,3021,8327,6553,5328,4559,4300,7774,6493,5875,3032,3393,6950,6418,6279,2623,1778,8868,8325,7545,2956,3258,9241,6909,6800,1395,6683,1585,1273,719,5504,5138,1792,4691,1590,1519,578,6437,4448,2076,3857,3639,3537,765
ACSSF,2012m1,co,000,0170,0000004,3936,14666,11309,10991,3319,10806,2338,1896,1325,9791,9797,2767,9824,1618,1313,1070,14559,10318,9469,4034,9167,2594,2562,521,9620,9525,4001,8831,2397,2412,536,12740,7133,6191,4108,5054,3175,3088,801,9148,8949,5351,7890,2311,2515,1048,4115,21753,19346,10855,15843,9281,24751,20002,14981,14048,12616,24650,21964,20506,9506,9048,19900,18891,17054,7871,5411,25217,22918,22366,6979,7834,3936,14666,14727,4375,14659,2912,2134,1749,14559,13813,5783,13650,3761,3784,809,12740,11308,7068,10035,4162,4311,1382
ACSSF,2012m1,co,000,0170,0000005,3592,14360,10634,10263,3283,9941,2293,1860,1313,9562,9521,2740,9389,1600,1287,1056,13966,9663,8865,4054,8954,2492,2455,520,9395,9293,3894,8770,2272,2316,518,11968,6857,6209,4050,5029,2926,2898,726,8678,8598,5134,7528,2304,2445,1030,3959,20685,18618,10340,15181,8841,24877,20161,14984,13613,12497,23670,21001,20008,8813,8948,19168,18337,16676,7517,5239,25110,22864,22422,6554,7746,3592,14360,14281,4335,13946,2858,2070,1699,13966,13363,5640,13510,3573,3619,745,11968,10932,6907,9377,3908,4086,1300
ACSSF,2012m1,co,000,0170,0000006,6427,9792,7552,7322,2942,6972,1564,1323,972,6006,6130,2194,6066,1144,858,813,9883,6977,6762,2743,6311,1662,1581,377,6482,6416,2917,5861,1652,1682,341,8147,5386,4525,3216,3913,2732,2788,491,5598,5199,3611,4668,2856,2962,508,3875,13984,13054,7665,11005,6199,17178,13040,8800,9725,9103,16872,13232,11734,6654,7361,14762,13323,12140,5242,3768,17815,15888,15133,4694,4133,6427,9792,9789,3737,9528,1966,1592,1168,9883,9754,4071,9024,2545,2587,465,8147,6761,5062,6207,4453,4575,720
ACSSF,2012m1,co,000,0170,0000007,6356,10638,7535,7544,2007,7486,1609,1394,864,7223,7170,1514,7127,1113,1065,683,8346,6415,6125,2618,6046,2034,1992,377,6799,6411,2608,6361,1893,1851,448,8974,4946,4503,2828,3539,2751,2741,554,6614,6395,3715,5585,2792,2677,887,3407,14848,11868,6409,9961,6055,17235,14616,11057,9064,8126,19052,17539,15267,7555,6484,16099,14550,13308,4897,4425,20358,19259,18526,5527,6148,6356,10638,10714,2465,10703,1922,1624,1193,8346,8191,3747,8251,3067,3044,642,8974,8076,4621,6865,4698,4547,1097
ACSSF,2012m1,co,000,0170,0000008,3322,4133,3393,3285,369,3299,611,600,171,2430,2397,604,2426,356,261,233,3921,2954,2866,1315,2667,720,716,153,2474,2287,1037,2145,664,650,131,3279,1870,1516,1176,1140,1095,996,346,2506,2234,1122,1813,1025,1038,266,3133,5246,4046,2481,3208,2665,5669,4860,3861,2972,2414,6445,5827,5262,2090,1994,5626,5041,4699,1799,1485,5901,5235,5283,1373,1975,3322,4133,4030,651,4040,676,647,297,3921,3706,1563,3560,975,965,198,3279,2649,1677,2125,1719,1622,534
ACSSF,2012m1,co,000,0170,0000009,4176,3313,2575,2582,304,2587,314,269,165,1494,1451,348,1458,248,211,125,2439,1775,1806,473,1766,295,299,55,1578,1603,673,1370,418,405,76,2173,1382,1096,610,943,804,812,117,1356,1112,458,1038,726,727,127,5766,2820,2024,1205,1831,1376,3863,3149,2085,2317,1481,3008,2772,2568,1062,1001,2974,2592,2317,1147,952,4435,3789,3761,786,1411,4176,3313,3301,437,3311,409,339,210,2439,2411,769,2195,541,529,93,2173,1719,789,1480,1266,1279,242
ACSSF,2012m1,co,000,0170,0000010,4971,3908,2873,2767,301,2753,521,523,39,2252,2279,538,2236,258,161,191,3262,2495,2430,1179,1946,711,714,146,2060,1935,691,1861,534,520,107,2782,1451,1185,962,677,939,844,331,2117,1861,955,1569,1001,995,231,6488,4293,3405,2193,2493,2105,4504,4024,3596,2476,1976,5422,4787,4421,1885,1865,4383,3994,3828,1351,1096,5073,5024,5098,1040,1422,4971,3908,3810,616,3766,572,550,196,3262,3201,1257,2912,877,880,178,2782,2281,1458,1730,1492,1382,478
ACSSF,2012m1,co,000,0170,0000011,2649,3621,3010,2899,919,2876,853,659,549,2232,2205,709,2097,483,445,212,3267,2283,2103,899,1900,926,921,190,2319,2194,1250,2015,880,879,330,3419,2596,2182,1380,1662,1194,1206,128,2508,2200,1505,1965,1129,1065,264,3110,5937,4835,3202,4102,2773,7017,5567,4085,4251,3613,6772,5409,4631,2333,2952,4762,4491,4140,2554,1403,5499,4745,4259,1692,1973,2649,3621,3522,1362,3562,1006,794,588,3267,2895,1557,2710,1416,1411,387,3419,2997,2048,2501,1727,1701,296
ACSSF,2012m1,co,000,0170,0000012,3066,5281,4406,4097,1012,3943,1065,918,552,2977,2996,996,2953,580,482,329,5391,3693,3284,1566,3104,1129,1104,241,3577,3416,1663,3177,1098,1099,333,4686,3147,2461,1710,2076,1526,1506,361,3717,3463,1970,2751,1327,1263,406,3191,7869,6508,4129,5276,3623,9704,7837,5754,5295,4388,8650,7629,6613,3270,3642,6571,6057,6056,3050,2098,9120,7849,7548,2318,2933,3066,5281,5077,1614,4912,1260,1091,669,5391,4790,2251,4247,1713,1712,434,4686,3974,2628,3423,2245,2214,626
ACSSF,2012m1,co,000,0170,0000013,1787,4015,3225,3234,1241,3498,594,539,434,2938,2730,741,2752,543,386,431,3624,2605,2563,1344,2863,556,545,225,2955,2807,1315,2649,749,562,364,3491,2028,1877,1253,1610,856,862,206,2662,2496,1811,2344,938,921,422,1925,7276,5330,2066,4795,3922,8786,7070,4795,5685,4948,7818,6623,6403,3458,3699,8119,6928,6148,2781,2444,7693,6449,6295,1958,3583,1787,4015,3839,1606,4335,843,639,627,3624,3542,2167,3713,1018,843,465,3491,3052,2064,3018,1314,1246,472
ACSSF,2012m1,co,000,0170,0000014,1094,4813,3391,3239,1329,3244,994,707,810,2903,2899,1099,2886,612,577,309,4573,3298,3112,1356,3203,820,776,318,2680,2651,1272,2807,691,669,129,4238,2273,2065,1368,1570,1028,1001,319,2902,2837,1802,2262,851,893,251,1043,6806,5678,2567,5224,3550,7681,6303,4886,4202,4199,8328,6620,5804,2849,3942,7091,6317,5758,2023,2444,8294,8116,7972,3161,2154,1094,4813,4689,1773,4796,1053,889,908,4573,4350,1862,4552,1114,1054,333,4238,4028,2465,2796,1196,1232,487
ACSSF,2012m1,co,000,0170,0000015,1354,2924,2194,2154,647,2219,606,563,224,2127,2126,481,2076,468,443,143,2846,2105,2061,826,2034,511,509,53,2197,2145,755,2060,741,741,189,2940,1543,1517,662,1451,716,776,165,2273,2287,1146,2095,872,877,424,1987,4952,4602,3493,3082,2483,5695,5115,3592,3379,1598,5571,5036,4939,1732,2056,4436,4286,4183,1094,750,6684,6521,6432,1455,1947,1354,2924,2903,964,2913,823,744,272,2846,2893,1002,2920,880,877,53,2940,3024,1375,2758,1099,1172,476
ACSSF,2012m1,co,000,0170,0000016,1523,5733,4602,4476,1293,4297,816,793,425,3034,3153,1294,3176,647,471,421,5217,3925,3895,1300,3844,732,714,138,2796,2816,1516,2507,855,863,207,4145,2773,2689,1979,2062,907,921,334,2907,2886,1853,2381,943,1001,263,3063,9665,8115,4012,6929,4600,10307,7574,4844,6439,5255,8903,7688,6781,3748,3642,7434,6294,5469,3107,2233,10934,9428,9237,2065,3034,1523,5733,5717,1951,5481,1056,879,608,5217,5348,2113,5337,1159,1179,282,4145,3926,2980,3215,1288,1366,481
ACSSF,2012m1,co,000,0170,0000017,612,2975,2169,2066,724,2048,572,530,247,2561,2533,288,2548,315,312,69,3052,2050,1798,394,1790,614,591,155,2311,2258,504,2269,521,503,103,2815,1522,1290,452,1254,685,666,97,2211,2169,804,2153,640,663,133,638,2652,2232,1818,1776,1585,4033,3571,3387,1806,1175,5420,4648,4275,2029,1861,5625,5199,4978,1312,1340,6753,6516,6459,1731,1537,612,2975,2984,818,3102,648,627,257,3052,2803,708,2838,914,880,218,2815,2642,972,2601,983,990,187
ACSSF,2012m1,co,000,0170,0000018,2529,4701,2973,2761,1397,2834,779,778,200,3983,3989,1045,3898,590,395,452,5399,3521,3380,1561,3070,978,981,162,3950,4037,1727,3473,944,982,262,4408,2838,2371,1743,2093,1040,1048,97,3525,3427,1720,3069,1007,1031,280,3034,7900,7263,4931,5952,3642,9290,7143,6095,3971,4734,9857,8134,7213,3385,4087,8339,7615,7177,2712,2011,9868,9161,8822,3186,3234,2529,4701,4676,1698,4610,976,920,482,5399,5440,2530,4598,1456,1519,319,4408,4261,2554,3572,1469,1477,296
ACSSF,2012m1,co,000,0170,0000019,1911,4909,3003,2965,548,3000,713,516,490,3485,3373,690,3446,774,710,501,4241,3012,2737,1312,2649,908,861,147,3146,2834,1279,2860,873,873,158,3748,2490,2152,1261,1643,952,968,370,2716,2681,1481,2179,1107,1084,306,2080,6008,4993,3012,4131,2607,6551,5861,4622,3602,2973,7062,6705,6315,2828,2672,7171,6758,5991,2682,1588,8676,8614,8334,2112,2549,1911,4909,4867,950,5145,1053,888,754,4241,3724,1777,4041,1306,1301,216,3748,3654,2117,2847,1419,1454,416
ACSSF,2012m1,co,000,0170,0000020,1035,3593,3074,2978,988,2740,626,606,359,2466,2455,645,2451,378,338,267,3171,2558,2511,953,2352,615,615,189,2244,2189,1070,2253,698,698,189,2694,1809,1642,977,1442,776,803,124,2142,1989,1112,1777,828,856,182,1853,5205,4335,3262,2921,2282,5290,4332,3669,3063,2741,6048,5454,5192,2271,1655,5610,5395,4875,2417,1205,5423,5321,5488,1404,1494,1035,3593,3587,1246,3583,757,659,469,3171,3115,1444,3253,987,987,189,2694,2469,1498,2100,1189,1250,280
ACSSF,2012m1,co,000,0170,0000021,791,2737,1956,1952,1036,1917,458,444,173,1706,1689,579,1652,169,153,71,2623,1752,1576,776,1418,556,556,189,1812,1554,981,1530,619,619,189,2510,1496,1310,754,936,717,687,296,1779,1637,958,1401,697,751,393,1328,4091,3557,2299,2793,1320,5959,5057,3880,3464,2262,4660,3820,3170,2296,1900,5121,5010,4437,2344,502,4926,4932,4938,1065,889,791,2737,2691,1253,2719,480,467,192,2623,2280,1225,2070,854,854,189,2510,2125,1243,1595,998,952,575
ACSSF,2012m1,co,000,0170,0000022,936,2274,1524,1462,869,1628,297,259,150,1480,1440,605,1425,216,157,143,2347,1278,1127,702,1066,465,457,82,1583,1576,1134,1232,483,483,189,2279,1301,1164,1061,1020,532,546,113,1772,1567,1348,1445,616,595,200,1123,4718,4203,1593,4075,1506,4906,4442,3380,3544,1863,3591,3282,2696,1788,870,3767,3493,3023,1921,815,3351,3028,2928,1015,820,936,2274,2181,1169,2320,322,285,200,2347,2119,1467,1766,719,717,82,2279,2009,1947,1912,811,807,285
ACSSF,2012m1,co,000,0170,0000023,1747,2877,2047,2029,747,2003,470,389,336,2283,2248,926,2005,217,199,129,2963,2048,1997,1113,1825,615,618,39,2228,2187,799,2116,407,395,127,2605,1386,1027,589,930,736,731,78,2240,2097,959,1855,574,578,128,2308,5253,3894,2483,3121,2202,5562,4950,4283,2750,3647,5619,4622,4089,1871,2250,5720,4193,3940,1199,2998,5489,5190,5093,1571,2024,1747,2877,2732,1108,2662,525,402,355,2963,2946,1225,2958,809,803,133,2605,2351,1178,2013,978,969,187
ACSSF,2012m1,co,000,0170,0000024,1889,2129,1777,1794,289,1777,444,299,344,1567,1578,254,1592,422,379,190,1818,1376,1290,232,1300,331,334,74,1315,1267,384,1222,363,363,189,1694,1364,949,546,796,903,900,105,1105,1071,645,944,849,805,155,1227,2690,2319,1506,1781,673,3057,2620,2233,1450,1529,2488,2467,2327,1122,878,3605,3309,3065,1085,892,3613,3344,3353,1176,765,1889,2129,2243,382,2299,660,575,393,1818,1711,446,1658,486,489,74,1694,1460,885,1211,1481,1451,191
ACSSF,2012m1,co,000,0170,0000025,3359,3903,3400,3519,1133,3514,787,381,798,2391,2474,945,2482,559,412,392,3190,2543,2506,1237,2414,599,483,346,2513,2509,934,2432,457,448,105,3329,1844,1602,1050,1465,995,1002,160,2699,2553,1753,1633,1353,1334,240,923,5662,4160,2367,3634,3125,7079,5592,3941,4154,4032,7575,5106,4414,2362,4204,5811,5055,4418,1830,1699,7481,6927,6546,2355,1964,3359,3903,3832,1484,3922,957,552,929,3190,3151,1637,2934,780,723,364,3329,3092,2161,2225,1914,1921,318
ACSSF,2012m1,co,000,0170,0000026,1664,1967,1360,1291,290,1386,291,257,150,1437,1390,189,1435,285,283,87,2160,1800,1772,244,1781,299,299,189,1566,1583,278,1550,263,263,189,2015,1441,1270,451,1215,489,502,107,1341,1285,488,1199,595,580,113,1556,3034,2957,2859,903,712,2725,2582,1956,1609,1065,2728,2522,2526,557,928,1924,1901,1786,774,304,3313,3175,3036,942,410,1664,1967,1874,450,2068,400,376,175,2160,2143,389,2132,424,424,189,2015,1842,825,1712,751,741,216
ACSSF,2012m1,co,000,0170,0000027,2004,2058,1518,1504,178,1487,505,455,233,1377,1326,263,1311,319,278,139,1803,1250,1055,276,1000,465,466,41,1261,1153,208,1129,417,417,189,1839,1202,1104,501,978,666,657,66,1189,881,348,845,1012,1019,115,492,1110,845,778,631,563,2808,2002,1739,1203,1647,2878,2748,2464,1518,705,2794,2569,2367,918,681,3921,3765,3810,1462,581,2004,2058,2008,312,2011,703,613,289,1803,1557,361,1528,681,680,41,1839,1573,653,1437,1374,1371,163
ACSSF,2012m1,co,000,0170,0000028,3628,4749,3242,3144,1206,2706,637,615,199,3130,3064,837,3071,572,354,448,4552,3018,2900,1355,2552,783,780,82,3068,2983,1438,2737,808,838,247,4296,2806,2259,1587,1869,1253,1252,97,3151,2891,1600,2502,1392,1408,280,2373,6586,6093,4142,5225,3510,6676,4986,3916,3256,3766,8107,6968,5954,3107,2762,7327,6718,6423,2219,1874,7707,7392,7015,2238,2232,3628,4749,4652,1430,4197,832,724,465,4552,4411,2210,3742,1150,1192,263,4296,3729,2326,3000,2037,2018,296
ACSSF,2012m1,co,000,0170,0000029,1523,5733,4602,4476,1293,4297,816,793,425,3034,3153,1294,3176,647,471,421,5217,3925,3895,1300,3844,732,714,138,2796,2816,1516,2507,855,863,207,4145,2773,2689,1979,2062,907,921,334,2907,2886,1853,2381,943,1001,263,3063,9665,8115,4012,6929,4600,10307,7574,4844,6439,5255,8903,7688,6781,3748,3642,7434,6294,5469,3107,2233,10934,9428,9237,2065,3034,1523,5733,5717,1951,5481,1056,879,608,5217,5348,2113,5337,1159,1179,282,4145,3926,2980,3215,1288,1366,481
ACSSF,2012m1,co,000,0170,0000030,2309,2783,1976,1940,889,1829,417,411,120,1892,1856,411,1822,203,171,166,2609,1945,1975,576,1771,222,222,189,1973,1916,932,1838,380,380,189,2299,1201,1086,663,1013,610,606,64,1745,1439,789,1180,847,853,88,1676,3701,3281,2725,1995,1468,3573,3075,2912,1741,1434,4296,3482,3306,1217,1447,3387,3209,2880,1935,764,4245,4063,4033,1117,1295,2309,2783,2694,1065,2828,496,419,219,2609,2635,1173,2529,468,468,189,2299,1844,1024,1559,1203,1207,110
ACSSF,2012m1,co,000,0170,0000031,2040,1667,1399,1385,455,1309,333,282,209,1388,1369,723,1066,97,97,189,1929,1458,1456,997,1204,246,244,39,1526,1503,572,1409,293,270,100,1643,1073,741,284,726,699,697,78,1252,1267,732,1030,629,627,87,1780,2582,2087,1311,1757,1239,3629,2916,2501,2180,1920,3452,2602,2078,1616,1539,2678,2549,2448,668,322,3201,2763,2483,959,907,2040,1667,1671,812,1619,358,309,209,1929,1895,1119,1729,403,359,108,1643,1503,719,1251,1043,1037,162
ACSSF,2012m1,co,000,0170,0000032,3186,2083,1528,1536,134,1547,433,417,170,1375,1347,172,1338,254,254,189,1896,1320,1252,200,1256,383,383,189,1579,1523,160,1480,279,245,64,1688,887,690,150,674,493,493,189,1363,1300,370,1261,654,639,116,4746,1087,1068,855,749,585,1980,1860,1524,1220,418,2280,2173,2000,893,374,2760,2686,2615,746,520,4706,4399,4420,897,1096,3186,2083,2047,267,2054,579,563,170,1896,1785,261,1757,536,506,64,1688,1529,354,1516,958,946,116
ACSSF,2012m1,co,000,0170,0000033,2581,2782,1938,1869,247,1837,387,366,133,1937,1824,573,1828,499,456,195,2556,1971,1851,1159,1524,488,488,189,1671,1639,665,1552,438,439,68,2390,1635,1384,826,1026,1006,1013,158,1742,1388,853,1099,1107,1087,116,1433,3596,3036,1523,2800,1966,3866,3222,2650,2157,1341,4494,3578,3354,1273,1948,3633,3399,2753,1642,880,4443,4478,4226,1355,472,2581,2782,2690,570,2729,624,602,239,2556,2448,1371,2224,706,708,68,2390,1842,1183,1564,1850,1851,198
ACSSF,2012m1,co,000,0170,0000034,1731,2215,1766,1730,450,1744,321,304,152,1388,1404,294,1402,211,195,74,1941,1409,1363,611,1307,324,320,53,1227,1232,464,1122,324,324,189,2003,1175,950,552,813,718,718,189,1448,1311,863,1090,734,684,190,357,3691,3215,1712,2685,1975,3292,2609,2165,1907,1114,3219,2451,2208,1431,1689,2898,2822,2706,785,667,3833,3503,3342,847,1427,1731,2215,2218,635,2299,414,373,166,1941,1892,749,1791,493,492,53,2003,1684,969,1449,1232,1194,190
ACSSF,2012m1,co,000,0170,0000035,2002,2193,1588,1576,380,1559,168,168,189,1369,1344,386,1410,191,191,189,1729,1316,1310,601,1111,305,305,189,1112,1004,495,960,493,493,189,2004,954,638,470,405,618,629,94,1611,1103,640,1029,891,884,126,287,2978,2584,1273,2066,1219,2586,2238,1897,1442,838,3791,3346,3238,1189,1079,3069,2990,2930,1398,771,2844,2843,2878,628,124,2002,2193,2188,518,2283,254,254,189,1729,1624,769,1539,676,676,189,2004,1263,807,1070,1300,1302,220
ACSSF,2012m1,co,000,0170,0000036,1613,1964,1389,1354,686,1347,243,194,150,1282,1257,593,1289,201,144,143,2012,1174,1096,593,988,314,312,48,1308,1341,993,876,449,449,189,2305,1279,1093,959,832,665,659,107,1723,1448,1181,1236,743,742,162,1085,4014,3527,1385,3456,1309,4228,3703,2964,2884,1698,3203,2927,2488,1458,807,2848,2554,2197,1447,603,2222,2094,2017,578,371,1613,1964,1936,996,2010,279,211,200,2012,1946,1276,1442,574,577,48,2305,1865,1751,1607,1122,1109,249
ACSSF,2012m1,co,000,0170,0000037,2513,2551,1844,1767,743,1867,267,224,192,1880,1801,424,1846,336,176,292,2264,1552,1584,559,1499,208,177,100,1689,1586,526,1581,507,268,364,2483,1482,1311,608,1087,593,593,189,1801,1572,1144,1196,791,791,189,568,3486,2612,1094,2289,2226,5532,4125,2872,3247,2463,4247,3390,3245,1457,2551,5136,4473,4217,1502,1618,4129,3761,3688,767,1965,2513,2551,2342,902,2619,474,287,341,2264,2181,928,2065,586,320,420,2483,2080,1319,1665,1121,1121,189
ACSSF,2012m1,co,000,0170,0000038,1918,2352,1745,1772,659,1769,378,363,149,1782,1779,183,1782,201,199,77,2381,1427,1411,599,1334,115,115,189,1658,1599,666,1419,345,333,69,2094,1147,883,576,607,674,668,106,1447,1337,562,1128,837,853,71,347,2322,1937,864,1805,1090,3598,3117,2376,2185,1450,3954,3339,3066,1170,1255,3829,3410,2928,1154,920,3980,3896,3686,1223,869,1918,2352,2399,719,2456,421,416,167,2381,2360,980,2016,369,352,69,2094,1750,845,1370,1220,1225,127
ACSSF,2012m1,co,000,0170,0000039,1664,1967,1360,1291,290,1386,291,257,150,1437,1390,189,1435,285,283,87,2160,1800,1772,244,1781,299,299,189,1566,1583,278,1550,263,263,189,2015,1441,1270,451,1215,489,502,107,1341,1285,488,1199,595,580,113,1556,3034,2957,2859,903,712,2725,2582,1956,1609,1065,2728,2522,2526,557,928,1924,1901,1786,774,304,3313,3175,3036,942,410,1664,1967,1874,450,2068,400,376,175,2160,2143,389,2132,424,424,189,2015,1842,825,1712,751,741,216
ACSSF,2012m1,co,000,0170,0000040,3628,4749,3242,3144,1206,2706,637,615,199,3130,3064,837,3071,572,354,448,4552,3018,2900,1355,2552,783,780,82,3068,2983,1438,2737,808,838,247,4296,2806,2259,1587,1869,1253,1252,97,3151,2891,1600,2502,1392,1408,280,2373,6586,6093,4142,5225,3510,6676,4986,3916,3256,3766,8107,6968,5954,3107,2762,7327,6718,6423,2219,1874,7707,7392,7015,2238,2232,3628,4749,4652,1430,4197,832,724,465,4552,4411,2210,3742,1150,1192,263,4296,3729,2326,3000,2037,2018,296
ACSSF,2012m1,co,000,0170,0000041,3359,3903,3400,3519,1133,3514,787,381,798,2391,2474,945,2482,559,412,392,3190,2543,2506,1237,2414,599,483,346,2513,2509,934,2432,457,448,105,3329,1844,1602,1050,1465,995,1002,160,2699,2553,1753,1633,1353,1334,240,923,5662,4160,2367,3634,3125,7079,5592,3941,4154,4032,7575,5106,4414,2362,4204,5811,5055,4418,1830,1699,7481,6927,6546,2355,1964,3359,3903,3832,1484,3922,957,552,929,3190,3151,1637,2934,780,723,364,3329,3092,2161,2225,1914,1921,318
ACSSF,2012m1,co,000,0170,0000042,1523,5733,4602,4476,1293,4297,816,793,425,3034,3153,1294,3176,647,471,421,5217,3925,3895,1300,3844,732,714,138,2796,2816,1516,2507,855,863,207,4145,2773,2689,1979,2062,907,921,334,2907,2886,1853,2381,943,1001,263,3063,9665,8115,4012,6929,4600,10307,7574,4844,6439,5255,8903,7688,6781,3748,3642,7434,6294,5469,3107,2233,10934,9428,9237,2065,3034,1523,5733,5717,1951,5481,1056,879,608,5217,5348,2113,5337,1159,1179,282,4145,3926,2980,3215,1288,1366,481
ACSSF,2012m1,co,000,0170,0000043,2309,2783,1976,1940,889,1829,417,411,120,1892,1856,411,1822,203,171,166,2609,1945,1975,576,1771,222,222,189,1973,1916,932,1838,380,380,189,2299,1201,1086,663,1013,610,606,64,1745,1439,789,1180,847,853,88,1676,3701,3281,2725,1995,1468,3573,3075,2912,1741,1434,4296,3482,3306,1217,1447,3387,3209,2880,1935,764,4245,4063,4033,1117,1295,2309,2783,2694,1065,2828,496,419,219,2609,2635,1173,2529,468,468,189,2299,1844,1024,1559,1203,1207,110
ACSSF,2012m1,co,000,0170,0000044,2002,2193,1588,1576,380,1559,168,168,189,1369,1344,386,1410,191,191,189,1729,1316,1310,601,1111,305,305,189,1112,1004,495,960,493,493,189,2004,954,638,470,405,618,629,94,1611,1103,640,1029,891,884,126,287,2978,2584,1273,2066,1219,2586,2238,1897,1442,838,3791,3346,3238,1189,1079,3069,2990,2930,1398,771,2844,2843,2878,628,124,2002,2193,2188,518,2283,254,254,189,1729,1624,769,1539,676,676,189,2004,1263,807,1070,1300,1302,220
ACSSF,2012m1,co,000,0170,0000045,2040,1667,1399,1385,455,1309,333,282,209,1388,1369,723,1066,97,97,189,1929,1458,1456,997,1204,246,244,39,1526,1503,572,1409,293,270,100,1643,1073,741,284,726,699,697,78,1252,1267,732,1030,629,627,87,1780,2582,2087,1311,1757,1239,3629,2916,2501,2180,1920,3452,2602,2078,1616,1539,2678,2549,2448,668,322,3201,2763,2483,959,907,2040,1667,1671,812,1619,358,309,209,1929,1895,1119,1729,403,359,108,1643,1503,719,1251,1043,1037,162
ACSSF,2012m1,co,000,0170,0000046,1613,1964,1389,1354,686,1347,243,194,150,1282,1257,593,1289,201,144,143,2012,1174,1096,593,988,314,312,48,1308,1341,993,876,449,449,189,2305,1279,1093,959,832,665,659,107,1723,1448,1181,1236,743,742,162,1085,4014,3527,1385,3456,1309,4228,3703,2964,2884,1698,3203,2927,2488,1458,807,2848,2554,2197,1447,603,2222,2094,2017,578,371,1613,1964,1936,996,2010,279,211,200,2012,1946,1276,1442,574,577,48,2305,1865,1751,1607,1122,1109,249
ACSSF,2012m1,co,000,0170,0000047,4381,6435,5318,5164,1283,4977,935,874,444,3497,3443,1428,3552,683,516,424,5770,4187,4155,1347,4105,805,795,138,3139,3057,1434,2864,943,931,211,4760,2982,2891,2110,2265,1262,1270,344,3302,3353,1859,2858,1328,1385,320,6615,9672,8102,4249,6951,4685,10751,7968,6013,6335,5570,9908,8776,7845,3792,3542,8311,6801,5909,3642,2703,11482,10025,9800,2289,2979,4381,6435,6372,2037,6250,1186,988,614,5770,5748,2097,5885,1257,1259,286,4760,4538,3074,3749,1963,2041,509
ACSSF,2012m1,co,000,0170,0000048,4923,6097,5204,5051,1173,4811,972,791,601,4075,4113,770,4089,698,612,486,5159,4104,3939,1378,3819,1180,1163,146,4064,3914,1246,3883,1222,1143,311,4532,2850,2522,1176,2282,1388,1366,312,3410,2966,1742,2904,1685,1717,447,6224,7918,6847,5162,4545,3014,8267,6891,5594,4739,3620,8106,7977,7936,2965,2296,7488,7096,6495,2798,1589,10597,10129,9919,2452,2721,4923,6097,6070,1429,6105,1264,974,880,5159,5174,1829,5293,1822,1746,352,4532,3808,2169,3541,2310,2336,568
ACSSF,2012m1,co,000,0170,0000049,3683,5733,4248,4151,1528,4199,949,932,348,3585,3541,1260,3450,579,510,244,5799,3683,3387,1826,2948,1074,1059,213,3702,3561,2171,2937,1147,1139,105,5217,3192,2608,1832,2084,1398,1367,483,3652,3272,2270,2716,1604,1520,560,4383,9244,8122,4354,7258,3674,10327,9112,6275,7012,4765,9789,8121,6400,4258,3340,8518,7974,6923,3755,1899,10029,9170,8799,2343,3103,3683,5733,5605,2070,5785,1071,1039,429,5799,5410,3025,4231,1620,1597,245,5217,4502,3165,3692,2083,2013,857
ACSSF,2012m1,co,000,0170,0000050,5472,5427,4023,3914,1238,3707,911,805,468,3754,3690,1183,3729,480,462,167,4957,3652,3513,1270,3362,991,968,167,3208,3081,1223,3035,832,815,196,5148,2788,2303,1271,1807,1512,1510,115,4009,3892,1759,3515,1232,1202,273,6853,7153,5877,3522,5082,3207,8965,7672,6377,4715,4311,9064,7636,6784,3462,3173,9190,7415,6655,2418,3532,8757,8471,8504,2383,2746,5472,5427,5234,1682,5135,1138,982,527,4957,4650,1667,4543,1378,1319,294,5148,4809,2236,4116,2066,2049,329
ACSSF,2012m1,co,000,0170,0000051,3224,4685,3258,2997,1381,3137,922,921,200,3878,3907,1099,3896,587,395,441,5635,3510,3291,1709,3061,1057,1039,220,4232,4251,1872,3517,1022,1047,289,4618,3103,2562,1777,2124,1197,1188,121,3543,3429,1823,3231,1228,1253,338,3935,8692,7805,4991,6665,3724,10226,7954,6420,4812,5042,10168,8234,7335,3471,4386,8260,7572,7106,3009,2091,10588,9939,9514,3588,3291,3224,4685,4675,1771,4812,1099,1055,468,5635,5487,2811,4601,1647,1659,380,4618,4304,2651,3777,1851,1864,370
ACSSF,2012m1,co,000,0170,0000052,5623,5388,4082,3954,1322,3821,1108,860,834,3198,3169,1059,3293,655,557,433,5544,4027,3763,1438,3785,893,833,362,3496,3400,1116,3294,820,785,143,4333,2296,2175,1322,1752,1223,1207,319,3227,3296,2136,2833,1619,1527,344,7050,7425,5731,2838,5269,4254,9271,7288,4870,4990,5372,9820,7810,7013,3018,4718,7567,6856,6349,2058,2128,10751,10574,10589,2978,3644,5623,5388,5130,1742,5078,1283,1061,985,5544,5266,1894,5143,1272,1206,384,4333,4352,2797,3446,2046,2018,556
ACSSF,2012m1,co,000,0170,0000053,5948,5934,4644,4559,1179,4791,842,709,604,3845,3625,898,3728,800,757,431,4628,3603,3357,1815,3548,757,774,205,3705,3592,1945,3442,878,805,383,5562,3541,2905,1744,2099,1661,1645,316,3691,3283,2274,2553,1551,1506,454,5664,8847,7158,2833,6717,4050,10399,7927,6199,5813,4780,10600,9417,8400,5086,3799,10205,8863,7634,3437,2949,10398,10095,9346,2610,3367,5948,5934,5737,1521,6064,1226,983,737,4628,4459,2968,4630,1227,1236,473,5562,4539,2855,3435,2618,2534,535
ACSSF,2012m1,co,000,0170,0000054,2012,1812,1465,1418,213,1427,403,359,170,932,939,500,962,262,258,47,1788,1500,1412,391,1303,370,370,189,1000,1001,394,988,290,285,56,1622,1084,934,630,795,580,578,31,1047,971,701,854,493,503,38,2401,2440,2226,1298,1788,1022,3046,2592,2038,1625,1408,2614,2325,2111,1072,807,2484,2241,1913,1025,916,2253,2109,1923,772,437,2012,1812,1801,537,1856,514,467,212,1788,1718,524,1589,462,459,56,1622,1426,973,1214,813,816,52
ACSSF,2012m1,co,000,0170,0000055,3474,2957,2248,2192,541,2119,434,434,189,1767,1727,460,1672,290,290,189,2562,1697,1595,806,1446,468,468,189,1434,1315,551,1326,654,654,189,2532,1221,733,535,512,908,922,94,1959,1491,689,1372,1016,1014,126,4466,3542,2994,1564,2437,1332,3283,2548,2388,1672,1736,4537,4094,3992,1634,1114,4307,4106,3928,1890,855,4919,4882,4982,1056,250,3474,2957,2892,701,2883,529,529,189,2562,2282,1048,2210,869,869,189,2532,1699,907,1420,1646,1659,220
ACSSF,2012m1,co,000,0170,0000056,3514,3131,2410,2399,889,2176,496,380,359,2007,1987,452,1956,270,184,267,2834,2002,2016,550,1867,384,384,189,2181,2114,926,2080,422,422,189,2680,1655,1445,881,1314,745,749,86,1999,1752,884,1516,939,951,136,5220,4478,3565,2827,2233,1857,4545,3735,3081,2399,2111,4942,4219,3843,1623,1471,4009,3774,3446,1985,903,5004,4805,4912,1038,1522,3514,3131,3062,1097,3053,607,416,469,2834,2850,1155,2721,622,622,189,2680,2230,1275,1855,1296,1321,184
ACSSF,2012m1,co,000,0170,0000057,1962,2170,1756,1743,180,1740,348,316,129,1379,1374,161,1380,256,247,77,2173,1649,1531,551,1452,407,409,93,1226,1152,531,1122,437,437,189,1508,1174,926,274,914,545,547,61,1163,1151,614,1045,542,533,80,2130,3361,2322,1691,1586,1809,4146,2887,2009,2168,2596,3051,2296,2230,801,1722,2436,2433,2489,609,422,3805,3308,3093,1005,1467,1962,2170,2124,264,2131,455,438,145,2173,2049,902,1910,607,618,93,1508,1412,663,1341,765,760,104
ACSSF,2012m1,co,000,0170,0000058,3680,2981,1962,1958,618,1858,375,358,209,2132,2122,778,1838,195,181,119,2755,1840,1745,1049,1626,590,594,39,2166,2108,632,2004,361,345,118,2577,1323,972,444,854,766,763,78,1996,1836,904,1544,629,632,87,5058,3559,2718,1943,2316,1575,5128,4473,3791,2757,3476,5037,4168,3646,1854,1828,4986,3816,3709,942,2510,4698,4228,4034,1366,1355,3680,2981,2965,955,2821,438,372,240,2755,2735,1165,2692,762,751,125,2577,2250,1026,1857,1073,1068,162
ACSSF,2012m1,co,000,0170,0000059,2177,3158,2467,2380,386,2335,455,241,356,1718,1675,210,1685,243,205,122,2937,1954,1837,1048,1966,549,545,153,2007,1881,575,1848,493,348,311,1987,1139,864,591,673,735,657,268,1732,1598,815,1267,534,478,233,2845,2892,2180,1560,1683,1771,3594,3340,2774,1729,1666,3839,3815,3468,1448,1465,3587,3198,3045,1050,1012,5072,4570,4547,994,1710,2177,3158,3022,424,2936,524,305,372,2937,2803,1255,3062,747,649,354,1987,1703,1022,1346,910,756,438
ACSSF,2012m1,co,000,0170,0000060,3239,2364,1770,1798,368,1867,358,358,189,1387,1386,233,1399,255,141,221,2070,1198,1052,596,1075,440,426,144,1433,1374,839,1102,456,458,89,2273,1805,1382,918,1031,695,697,16,1284,1057,693,952,779,774,189,3938,2542,2093,1320,1987,954,3727,3389,2250,3049,1100,3792,3020,2963,1573,1437,2337,2138,2007,1158,466,2558,2263,2131,920,612,3239,2364,2366,380,2391,530,402,221,2070,1874,939,1559,637,638,164,2273,1732,1160,1490,1190,1174,189
ACSSF,2012m1,co,000,0170,0000061,1448,2284,1557,1511,852,1641,291,251,150,1461,1430,601,1403,226,170,143,2301,1269,1145,681,1110,390,379,82,1581,1569,1108,1146,486,486,189,2317,1325,1189,1062,1038,581,591,113,1753,1543,1249,1439,666,645,200,2147,4619,4177,1531,4042,1365,4621,4124,3208,3081,1854,3639,3363,2791,1783,856,3626,3344,3072,1618,763,3356,3021,2903,1013,820,1448,2284,2209,1149,2343,318,277,200,2301,2143,1433,1781,668,665,82,2317,2046,1908,1904,906,896,285
ACSSF,2012m1,co,000,0170,0000062,2698,2312,1587,1491,618,1420,398,380,126,1372,1327,453,1292,208,202,44,1619,1001,965,478,904,425,420,147,1029,1010,719,1091,335,334,78,1811,1348,1168,1003,696,649,640,53,1353,1090,911,839,755,750,39,3135,3459,3132,1923,3042,1496,2954,2521,2116,1895,1351,3156,2649,1950,1530,975,1843,1728,1620,745,638,2146,1928,1829,878,785,2698,2312,2175,778,2145,477,466,128,1619,1533,873,1549,568,557,157,1811,1553,1417,1169,983,973,65
ACSSF,2012m1,co,000,0170,0000063,3313,3196,2054,2115,380,2047,313,252,226,1724,1633,135,1630,435,335,316,2022,1452,1412,610,1292,551,555,123,1526,1454,342,1306,619,619,189,2213,1213,900,409,849,852,829,245,1594,1217,483,1105,1092,998,402,4663,2066,1921,1395,1388,667,2949,2823,2141,1868,1018,2630,2442,2273,1130,726,2113,1900,1789,740,488,4648,4245,4242,1153,2100,3313,3196,3161,419,3094,578,455,438,2022,1891,679,1692,827,834,123,2213,1468,577,1284,1597,1503,468
ACSSF,2012m1,co,000,0170,0000064,3806,3247,2402,2243,505,2212,595,487,286,1659,1680,379,1683,243,225,86,2610,1944,1859,692,1795,380,377,53,1707,1696,499,1592,427,428,52,2367,1298,1050,598,878,930,930,189,1754,1598,931,1464,844,833,225,4900,4008,3285,1861,2695,2381,4018,3043,2686,2064,1715,4587,3966,3693,1484,1827,4036,3590,3429,972,1444,6735,5814,5681,1227,1949,3806,3247,3120,726,3103,667,550,291,2610,2568,830,2402,617,610,75,2367,1943,1067,1717,1479,1482,225
ACSSF,2012m1,co,000,0170,0000065,2843,2311,1618,1564,313,1645,293,270,154,1627,1647,189,1677,320,303,122,2282,1851,1787,253,1790,390,390,189,1619,1618,364,1613,393,393,189,2077,1450,1312,468,1268,506,521,138,1390,1369,563,1241,659,644,113,2782,3146,3030,2933,984,808,2676,2548,2008,1623,1084,3024,2745,2706,737,982,2219,2191,2108,786,306,3543,3465,3351,983,444,2843,2311,2351,464,2522,451,403,226,2282,2208,463,2213,556,556,189,2077,1922,879,1766,858,854,236
ACSSF,2012m1,co,000,0170,0000066,3419,3191,2053,2013,199,2021,217,194,67,2081,2061,311,2024,261,278,151,2501,1620,1557,463,1390,380,380,189,1738,1595,601,1491,501,501,189,2024,1081,877,330,892,721,723,74,1428,1210,518,1247,854,860,103,4336,2564,2252,1152,1864,1208,3269,2835,2248,1490,1104,3698,3393,3268,969,957,3371,3132,3086,639,784,5518,5289,4999,1157,1422,3419,3191,3156,371,3111,349,352,183,2501,2331,680,2136,689,689,189,2024,1561,641,1608,1286,1298,128
ACSSF,2012m1,co,000,0170,0000067,3817,2916,2245,2287,660,2250,504,418,318,1745,1707,329,1657,257,240,48,2561,1536,1511,799,1397,222,183,114,1748,1687,680,1549,311,299,69,2719,1487,1166,535,960,711,708,122,1781,1426,745,1228,1107,1107,189,5168,3011,2739,795,2610,1267,4427,2733,1943,2221,2478,5002,3926,3681,1462,2237,4234,3819,3288,1217,804,5817,5714,5303,1643,1137,3817,2916,2919,754,2935,569,499,321,2561,2551,1254,2267,367,325,135,2719,2129,1015,1673,1481,1472,122
ACSSF,2012m1,co,000,0170,0000068,4436,3368,2377,2325,764,2333,245,200,192,2047,1954,511,1958,342,205,292,2491,1699,1719,647,1665,242,217,100,1850,1759,684,1743,555,307,364,2670,1435,1319,645,1121,629,629,67,2080,1826,1299,1306,901,864,208,5957,4200,3381,1183,2938,2478,5834,4488,2940,3492,2478,4429,3532,3385,1520,2729,5494,4587,4134,1748,1902,4550,3853,3542,1205,2075,4436,3368,3215,973,3247,482,287,341,2491,2483,1111,2395,657,398,420,2670,2336,1472,1820,1223,1182,236
ACSSF,2012m1,co,000,0170,0000069,4689,3143,2250,2242,470,2235,430,358,205,2060,2068,444,1969,205,177,106,2688,1783,1792,777,1732,397,395,72,1923,1905,870,1686,363,363,189,2550,1460,1284,1004,879,684,663,133,1897,1482,811,1420,1023,909,381,5306,5133,4039,1224,3726,2520,5008,4087,2540,3130,2545,5289,4550,4040,2907,2582,4582,4013,3601,1855,1378,4684,3977,3734,1046,2766,4689,3143,3031,656,3018,485,398,238,2688,2653,1240,2440,677,672,72,2550,1997,1243,1798,1347,1197,385
ACSSF,2012m1,co,000,0170,0000070,3499,2482,1906,1857,300,1832,410,401,82,1350,1336,240,1344,159,124,93,2058,1448,1391,696,1336,302,301,41,1171,1162,370,1228,184,184,189,1530,908,888,513,742,429,427,59,1228,993,509,798,659,659,189,5212,1641,1265,911,764,913,3103,2560,1685,1769,1677,3902,2892,2736,975,2727,3426,3275,3255,659,1004,4435,4302,4232,1124,578,3499,2482,2469,393,2443,466,460,124,2058,1989,912,1969,349,349,41,1530,1301,718,1003,868,868,59
ACSSF,2012m1,co,000,0170,0000071,4139,2603,2118,2092,992,2100,268,219,161,1653,1713,732,1710,280,214,177,2420,1585,1525,647,1410,522,398,314,1707,1693,675,1601,358,361,70,2544,1374,1067,702,927,823,805,116,1867,1641,912,1210,969,955,139,6270,4046,2997,1628,2679,2025,4188,3402,2243,2835,1980,4353,3711,3182,1556,1659,3719,3321,3138,1115,1011,3760,3300,3158,1406,1495,4139,2603,2656,1261,2701,450,297,335,2420,2378,1067,2259,653,569,320,2544,2003,1150,1632,1447,1421,183
ACSSF,2012m1,co,000,0170,0000072,4306,3098,2423,2461,487,2490,335,303,141,1475,1538,469,1463,380,346,139,2215,1463,1453,719,1460,279,240,136,1524,1480,699,1376,281,281,189,2246,1219,1142,611,1096,669,669,189,1641,1663,1298,1008,829,812,120,5840,3543,2678,884,2560,1865,5988,4090,2462,3061,3275,4608,2859,2588,1493,2685,3129,2410,2020,1132,1151,3252,2663,2219,1553,965,4306,3098,3163,678,3136,474,405,199,2215,2171,957,2002,386,360,136,2246,2234,1468,1563,1254,1249,120
ACSSF,2012m1,co,000,0170,0000073,3469,2573,1700,1711,148,1710,445,389,268,1762,1664,191,1672,337,293,170,2579,1570,1440,166,1406,492,488,90,1587,1574,174,1568,370,357,74,2368,1175,865,465,756,774,770,66,1715,1336,374,1301,1119,1121,169,4600,1691,1314,885,1018,817,2561,2092,1859,1190,1051,2822,2819,2517,1686,733,3022,2951,2898,926,388,4371,4279,4231,1244,572,3469,2573,2516,241,2507,620,530,317,2579,2510,263,2454,640,632,117,2368,1753,675,1640,1570,1569,203
ACSSF,2012m1,co,000,0170,0000074,6880,4581,3158,3173,873,3010,268,202,189,2979,2943,928,2720,279,173,219,3119,2430,2396,1002,2071,185,185,189,1739,1746,976,1501,353,274,218,3288,2169,1972,1428,1180,675,649,224,2002,1657,1108,1538,991,972,84,9873,4547,3846,1475,3563,1632,6286,4940,2503,4321,2523,5362,4745,3568,2581,1702,4449,4001,3102,2224,1095,5913,5149,4903,1215,2136,6880,4581,4589,1359,4219,413,286,296,3119,3150,1511,2789,399,337,218,3288,2697,1930,1957,1379,1358,237
ACSSF,2012m1,co,000,0170,0000075,5519,3659,2616,2525,669,2341,354,346,136,2023,2016,522,1945,187,189,187,2832,1837,1806,761,1629,306,306,189,1765,1668,1015,1372,383,383,189,2167,1323,1193,1086,826,784,748,123,1421,1145,813,763,945,941,95,7903,3955,3366,1478,3059,1438,5132,4049,1508,3373,1750,3193,2691,2395,1079,1663,2543,2262,1991,1041,523,3321,3316,3230,899,1080,5519,3659,3572,994,3292,416,346,227,2832,2793,1234,2463,448,448,189,2167,1915,1546,1210,1198,1213,159
ACSSF,2012m1,co,000,0170,0000076,4555,3413,2523,2489,477,2371,535,526,105,1964,1900,189,1900,403,265,342,2670,1884,1894,685,1723,365,345,120,1760,1759,537,1645,372,368,54,1926,1151,784,532,605,752,752,189,1557,1376,608,1298,811,813,121,5678,2294,1797,1599,1045,1095,2495,2203,1989,913,1165,3317,2968,2782,836,932,2891,2662,2667,594,595,5082,4817,4775,1179,1046,4555,3413,3402,477,3295,643,555,357,2670,2656,839,2460,538,536,132,1926,1576,805,1491,1159,1156,121
ACSSF,2012m1,co,000,0170,0000077,5718,3500,2922,2879,881,2829,381,332,261,2011,2056,702,1955,310,302,64,3759,2261,2166,749,2191,458,437,65,2410,2374,951,2082,513,513,189,2725,1431,1245,868,948,765,690,276,2136,1907,1026,1658,1200,1164,246,8226,6301,5704,2490,5165,1932,5884,4229,3322,2585,2513,4000,3352,2847,1807,1345,3984,3542,3501,573,1482,4101,3745,3677,1031,1207,5718,3500,3504,1223,3495,503,455,269,3759,3628,1164,3457,717,709,65,2725,2216,1481,1840,1663,1548,479
ACSSF,2012m1,co,000,0170,0000078,5461,3875,2675,2693,312,2645,389,313,222,1974,1946,545,1863,155,156,36,2652,1758,1778,376,1662,203,203,189,1732,1705,834,1379,403,388,93,2467,1458,1374,670,1221,693,660,193,1628,1554,898,1319,782,753,191,8708,4757,3208,1505,3117,3103,5550,3784,2190,2825,3319,5278,4248,3608,2128,2756,4783,3541,2905,1622,2099,3959,3342,3324,657,1363,5461,3875,3884,564,3731,422,349,224,2652,2627,1013,2242,488,476,93,2467,2214,1109,1838,1211,1131,382
ACSSF,2012m1,co,000,0170,0000079,2940,2507,2100,2108,317,2080,444,299,344,1606,1629,254,1659,410,369,190,2085,1488,1394,245,1375,314,315,74,1486,1437,389,1392,350,350,189,1925,1401,929,561,789,916,914,105,1253,1013,701,905,913,897,139,3312,2632,2302,1442,1891,685,3248,2744,2326,1617,1649,2612,2654,2417,1220,873,3533,3354,3108,1115,766,4004,3674,3661,1147,775,2940,2507,2616,420,2694,645,554,393,2085,1964,449,1921,467,469,74,1925,1369,926,1210,1555,1539,177
ACSSF,2012m1,co,000,0170,0000080,3460,2990,1875,1798,330,1835,309,270,128,2186,2044,427,2007,483,470,154,2209,1701,1680,1025,1568,414,414,189,1810,1679,1126,1421,461,454,88,2748,1543,1327,822,1038,774,781,120,1648,1499,1058,980,960,980,143,4864,4236,3342,1607,3296,2305,3657,3136,2302,2257,1329,3664,3491,3003,2252,953,4099,3772,2635,2053,738,4168,4052,3549,1275,866,3460,2990,2836,554,2871,586,570,160,2209,2191,1591,2124,637,636,88,2748,2333,1359,1673,1448,1475,188
ACSSF,2012m1,co,000,0170,0000081,3598,3080,2004,1918,281,1922,369,283,231,1930,1949,430,1908,295,252,147,2272,1420,1369,388,1240,479,479,189,1879,1879,341,1890,285,276,68,2179,1428,1093,588,826,817,806,168,1589,1174,616,1066,1005,991,172,5187,2664,2250,935,2031,1084,4083,2979,2401,1481,1949,3860,3225,2907,1368,1742,3546,3510,3645,925,543,4363,4357,4377,989,493,3598,3080,2995,518,3023,515,436,273,2272,2315,511,2297,609,607,68,2179,1596,831,1357,1558,1518,234
ACSSF,2012m1,co,000,0170,0000082,2827,2303,1843,1831,404,1774,288,288,189,1309,1253,438,1219,244,225,78,2203,1392,1367,533,1347,319,319,189,1468,1410,744,1150,410,410,74,2179,1295,1010,551,808,836,836,96,1421,1267,744,1198,867,862,82,3608,2907,2429,1213,2340,1151,3203,3007,2279,1890,1804,4226,3518,3240,1049,1346,3705,3091,2722,1691,970,3049,2904,2835,892,870,2827,2303,2278,574,2239,417,398,78,2203,2120,942,1881,507,509,74,2179,1744,974,1529,1469,1466,129
ACSSF,2012m1,co,000,0170,0000083,3888,3134,2083,1987,371,1981,448,426,172,1950,1956,226,1923,249,251,61,2503,1431,1385,275,1394,399,399,189,1846,1841,353,1730,312,299,105,1981,1150,802,163,812,720,685,157,1483,1467,478,1350,733,721,170,5449,1732,1565,1082,1165,772,2810,2576,2491,1321,941,2880,2448,2303,879,928,3443,3325,3129,826,615,5110,5076,5009,1261,1082,3888,3134,3073,428,3056,582,562,183,2503,2468,524,2396,506,509,105,1981,1760,487,1619,1217,1180,235
ACSSF,2012m1,co,000,0170,0000084,3112,2460,1765,1733,360,1701,276,221,141,1584,1565,152,1564,153,143,69,2407,1407,1243,323,1193,462,443,119,1610,1528,184,1537,385,384,61,1706,885,752,257,724,550,539,56,1432,1216,544,1070,652,636,83,4493,1503,1248,1019,1171,612,2572,2299,1948,1208,783,3091,2747,2416,1169,1025,3702,3260,3142,867,966,5246,5156,5201,999,1247,3112,2460,2460,425,2391,305,255,160,2407,2230,447,2194,677,669,132,1706,1343,636,1218,1080,1053,127
ACSSF,2012m1,co,000,0170,0000085,2926,2293,1870,1893,443,1897,408,405,101,1212,1220,138,1241,226,224,29,1984,1592,1553,217,1544,272,255,102,1367,1352,444,1351,330,316,106,1964,1171,801,310,689,719,704,77,1640,1568,511,1484,685,678,104,4478,2169,1627,1529,804,1382,2634,2678,2456,1207,613,3960,3632,3461,1645,1371,3275,3109,3008,786,1188,5482,5450,5406,1101,642,2926,2293,2308,476,2352,462,462,106,1984,1936,537,1947,433,397,204,1964,1704,594,1609,1088,1078,130
ACSSF,2012m1,co,000,0170,0000086,4518,3083,1864,1658,443,1704,778,238,771,1925,1819,572,1829,354,193,305,1943,1175,1181,461,1095,186,186,189,1465,1408,501,1231,362,354,77,2140,1119,837,492,682,743,751,92,1620,1289,470,1105,716,707,160,6513,3423,2525,1767,1835,1880,3471,3082,2458,2138,1391,3881,3115,2933,913,1776,3050,2873,2439,1275,541,4971,4725,4721,1132,1074,4518,3083,2751,697,2841,872,336,833,1943,1941,727,1771,404,396,77,2140,1722,725,1386,1184,1177,211
ACSSF,2012m1,co,000,0170,0000087,1868,2095,1660,1599,397,1607,329,331,69,1385,1386,727,1126,118,111,35,2055,1360,1339,338,1249,489,489,189,1526,1488,432,1353,439,439,189,1633,1031,866,495,801,536,517,231,1100,1055,576,1031,551,531,119,2486,2766,2323,1319,1848,1302,3392,2590,2362,1968,1356,2994,2347,2172,1066,1430,2807,2562,2253,1887,890,2384,2332,2262,905,781,1868,2095,2067,1003,1896,345,346,79,2055,1904,547,1769,691,691,189,1633,1489,814,1523,777,752,255
ACSSF,2012m1,co,000,0170,0000088,2116,2754,1922,1960,1011,1831,453,435,173,1678,1658,557,1583,169,153,71,2440,1597,1486,739,1288,524,524,189,1727,1504,984,1402,598,598,189,2523,1497,1311,747,924,687,700,287,1725,1593,894,1389,746,761,112,2870,3719,3211,1748,2799,1263,5549,4626,3598,3474,2225,4659,3835,3197,2228,1868,4548,4412,3791,2291,490,4799,4863,4882,958,812,2116,2754,2733,1188,2666,468,451,192,2440,2229,1214,1879,799,799,189,2523,2128,1247,1528,1076,1101,316
ACSSF,2012m1,co,000,0170,0000089,2230,1964,1478,1406,403,1431,547,492,279,1202,1141,333,1100,319,288,128,2274,1296,1311,500,1273,476,468,53,1460,1435,692,1335,439,420,105,1931,1102,780,566,598,682,692,149,1451,1266,758,1070,794,753,410,3245,2850,2322,1806,1620,1228,3297,2883,2479,1850,1479,2991,2735,2416,1540,935,3146,2995,2831,1225,589,3116,2878,2754,902,1114,2230,1964,1958,562,2033,593,574,298,2274,2346,922,2162,553,534,127,1931,1489,948,1259,1181,1101,470
ACSSF,2012m1,co,000,0170,0000090,3367,3113,1970,1915,522,1906,410,410,189,1800,1807,463,1807,42,189,42,2472,1506,1418,613,1320,358,330,162,1648,1606,402,1471,347,321,120,2709,1489,1080,614,708,883,887,75,2003,1841,633,1776,865,864,114,4837,2368,2279,2122,1417,800,4319,3566,3401,1341,1651,4293,3663,3559,938,1673,3554,3431,3276,977,598,4085,3713,3743,1501,1294,3367,3113,3097,755,3093,417,410,42,2472,2339,746,2187,548,502,201,2709,2152,973,1934,1440,1437,164
ACSSF,2012m1,co,000,0170,0000091,4683,2931,2050,1992,652,2044,494,478,113,1871,1834,430,1777,307,271,158,2448,1657,1464,617,1395,708,708,189,2048,1974,509,1885,621,602,230,2631,1590,1464,957,1187,865,865,189,1756,1450,821,1237,1163,1140,245,6576,3727,3747,2601,3301,1387,4150,2880,2570,1711,2596,4414,3878,3818,1246,1491,4080,3876,3773,1245,675,4445,4349,4148,2067,556,4683,2931,2849,819,2864,659,632,194,2448,2251,792,2141,994,1017,230,2631,2131,1280,1822,1671,1622,245
ACSSF,2012m1,co,000,0170,0000092,4354,3317,2117,2077,354,2080,369,350,116,2000,1906,402,1891,300,243,164,2332,1619,1617,872,1328,444,444,189,1357,1330,721,1253,344,341,90,2742,1305,1087,606,911,780,771,97,2126,1513,842,1107,1172,1172,189,6155,3083,2604,1791,2106,1596,3589,2549,2050,1445,1816,4247,3263,3030,1525,1723,2753,2424,2174,901,684,3856,3788,2926,1558,549,4354,3317,3250,519,3246,478,421,201,2332,2310,1098,1985,569,549,90,2742,2134,1158,1581,1513,1508,97
ACSSF,2012m1,co,000,0170,0000093,4417,2508,1796,1785,676,1730,156,156,189,1444,1366,348,1378,363,103,351,2942,1738,1702,761,1395,233,233,189,2024,1978,828,1700,309,309,189,2422,1328,998,778,576,760,760,189,1652,1295,725,1191,873,869,78,7176,2704,2158,719,1957,1491,4003,3516,3004,2057,1133,4581,4371,3892,1840,780,4776,4552,3708,1953,934,4623,4557,4546,1148,529,4417,2508,2401,780,2264,399,221,351,2942,2887,1373,2304,379,379,189,2422,1785,1125,1323,1415,1413,78
ACSSF,2012m1,co,000,0170,0000094,4776,2506,2205,2227,909,2010,227,177,150,1681,1694,515,1543,164,89,86,2515,1508,1475,646,1485,279,279,189,1849,1893,1082,1568,426,426,39,2476,1482,1277,688,1253,695,695,189,1702,1576,902,1388,897,897,189,7216,4104,3206,1405,3196,2435,5012,3930,3184,2517,2412,3789,3311,2926,1492,1027,3342,2851,2748,985,1551,2924,2398,2291,837,1102,4776,2506,2524,1032,2415,280,176,193,2515,2610,1392,2355,568,567,39,2476,2077,1188,1889,1263,1263,189
ACSSF,2012m1,co,000,0170,0000095,5397,2963,1863,1869,598,1884,324,279,115,1861,1890,540,1696,202,146,139,2463,1441,1314,351,1179,638,638,189,1705,1640,715,1671,635,635,189,2819,1491,1105,784,736,1094,1094,189,1901,1464,539,1368,935,935,189,8027,2869,2882,2813,1092,436,1859,1642,1184,1220,581,4514,3299,2674,1943,2861,3691,3559,3396,1049,425,6458,6014,5791,1576,2307,5397,2963,3025,957,2911,390,316,180,2463,2261,872,2081,1194,1194,189,2819,1923,1019,1597,1689,1689,189
ACSSF,2012m1,co,000,0170,0000096,4153,2636,1672,1715,447,1724,342,304,115,1675,1706,420,1677,202,146,139,2033,1284,1313,380,1222,466,466,189,1495,1532,545,1542,340,340,189,2370,1464,1046,780,693,875,875,189,1533,1271,541,1151,799,799,189,6812,2740,2763,2694,1034,463,2185,2051,1425,1615,400,3881,2444,2297,1151,2814,3373,3161,3031,903,649,5201,4686,4619,1296,1846,4153,2636,2764,717,2734,405,341,180,2033,2125,740,2027,608,608,189,2370,1776,1046,1499,1346,1346,189
ACSSF,2012m1,co,000,0170,0000097,4805,3277,3018,3082,898,2990,398,320,228,2012,2023,887,2186,439,249,365,2963,2156,2103,828,1957,537,387,342,2072,2075,827,2015,357,361,70,3551,1945,1439,863,1220,957,943,116,2577,2320,1620,1544,1139,1148,240,6834,5387,3704,1826,3298,3294,6198,5071,3454,3875,3871,6485,4403,3580,2160,3358,4587,3994,3548,1470,1365,5339,4565,4497,1502,1956,4805,3277,3255,1300,3379,652,397,496,2963,2908,1254,2833,667,583,348,3551,2888,1943,2111,1748,1740,272
ACSSF,2012m1,co,000,0170,0000098,3016,2877,1964,1926,439,1992,479,470,166,2200,2154,404,2071,413,417,122,2824,2274,2243,534,2231,463,463,189,2177,2088,571,2024,626,626,189,2805,1822,1619,616,1456,883,899,158,1756,1739,618,1592,1022,1002,376,4008,4679,4139,3465,1933,1504,3928,3565,2679,2312,1384,3894,3746,3738,1023,1043,3634,3570,3521,812,379,5868,5612,5468,1440,1479,3016,2877,2834,665,2840,669,669,233,2824,2900,750,2884,745,745,189,2805,2571,960,2260,1417,1395,435
ACSSF,2012m1,co,000,0170,0000099,3191,2358,1506,1507,313,1520,253,242,55,1550,1573,239,1551,132,80,105,1749,1301,1233,413,1253,377,377,189,1406,1426,162,1390,370,370,189,1791,931,770,307,642,612,612,189,1346,1104,459,989,660,577,283,4145,1708,1197,789,863,936,2712,1955,1559,1433,1754,3996,3005,2794,1135,1808,3984,3877,3730,801,557,4613,3851,3687,831,2766,3191,2358,2326,367,2386,276,249,117,1749,1681,453,1669,682,682,189,1791,1409,587,1230,1062,944,283
ACSSF,2012m1,co,000,0170,0000100,5388,4521,3130,2893,725,2732,947,550,796,2854,2884,531,2786,390,384,195,3761,2594,2613,983,2528,526,513,116,2275,2223,854,2135,498,489,107,3064,1714,1389,820,1051,837,756,287,2047,1809,977,1543,1199,1172,229,6845,5129,4115,1705,3630,2117,5457,4085,2939,2777,2501,6291,4935,4476,2133,2964,5439,4599,4318,1453,2058,6541,6264,6031,2250,1030,5388,4521,4362,949,4096,1042,712,827,3761,3801,1277,3625,740,726,147,3064,2478,1294,1982,1697,1587,461
ACSSF,2012m1,co,000,0170,0000101,5525,4280,2800,2702,789,2620,471,439,153,2794,2739,693,2604,505,285,426,3424,2179,2072,983,1956,551,551,189,2187,2066,1109,1836,642,639,100,3299,1914,1610,1194,1360,1016,1015,97,2511,2014,1384,1550,1187,1194,137,7829,5638,4775,3029,3863,2883,5837,4320,3686,2706,2989,6617,5964,4736,2625,2019,5827,5081,4626,1680,1295,4945,4879,4236,1672,791,5525,4280,4181,1054,3920,702,523,446,3424,3301,1557,2751,746,729,100,3299,2701,1900,2108,1560,1548,168
ACSSF,2012m1,co,000,0170,0000102,1523,5733,4602,4476,1293,4297,816,793,425,3034,3153,1294,3176,647,471,421,5217,3925,3895,1300,3844,732,714,138,2796,2816,1516,2507,855,863,207,4145,2773,2689,1979,2062,907,921,334,2907,2886,1853,2381,943,1001,263,3063,9665,8115,4012,6929,4600,10307,7574,4844,6439,5255,8903,7688,6781,3748,3642,7434,6294,5469,3107,2233,10934,9428,9237,2065,3034,1523,5733,5717,1951,5481,1056,879,608,5217,5348,2113,5337,1159,1179,282,4145,3926,2980,3215,1288,1366,481
ACSSF,2012m1,co,000,0170,0000103,881,3020,2126,2024,724,2012,572,530,247,2605,2569,288,2587,315,312,69,3045,2031,1784,394,1780,614,591,155,2407,2350,504,2367,521,503,103,2823,1522,1290,452,1254,685,666,97,2214,2168,804,2157,640,663,133,1093,2652,2232,1818,1776,1585,4033,3571,3387,1806,1175,5488,4653,4275,2058,1977,5500,5091,4874,1298,1359,6741,6481,6420,1731,1537,881,3020,3018,818,3140,648,627,257,3045,2801,708,2842,914,880,218,2823,2648,972,2610,983,990,187
ACSSF,2012m1,co,000,0170,0000104,3730,2354,1364,1364,528,1251,189,189,189,1608,1612,397,1513,80,189,80,2392,1566,1582,775,1196,318,318,189,1462,1467,750,1162,318,309,83,1958,1120,841,569,499,588,588,189,1371,1119,469,1112,716,716,189,6104,1514,1268,640,1134,580,3048,2753,1982,1567,1004,4004,3804,3388,1374,657,4253,4238,3400,1779,171,4232,3852,3780,1223,1229,3730,2354,2359,691,2209,80,189,80,2392,2401,1283,1661,432,427,83,1958,1536,769,1203,1078,1078,189
ACSSF,2012m1,co,000,0170,0000105,3416,3158,2371,2380,886,2178,496,380,359,2061,2037,452,2018,270,184,267,2960,2074,2092,550,1935,384,384,189,2194,2127,926,2073,425,425,189,2725,1693,1471,881,1340,714,725,86,2061,1860,882,1589,929,941,136,5149,4484,3557,2828,2233,1877,4545,3699,3086,2411,2136,4936,4232,3851,1626,1484,4088,3852,3509,1991,923,5456,5240,5337,1020,1522,3416,3158,3117,1094,3159,607,416,469,2960,2968,1155,2807,622,622,189,2725,2310,1272,1939,1247,1279,184
ACSSF,2012m1,co,000,0170,0000106,1275,2701,1938,1932,1021,1908,458,444,173,1696,1677,579,1635,169,153,71,2672,1730,1571,781,1399,545,545,189,1827,1565,986,1509,619,619,189,2529,1501,1318,757,944,719,680,296,1776,1626,962,1376,691,746,393,1552,4055,3544,2297,2790,1297,5926,5043,3844,3480,2260,4667,3846,3201,2302,1885,5061,4953,4415,2307,492,4936,4941,4942,1065,889,1275,2701,2643,1240,2677,480,467,192,2672,2363,1238,2115,833,833,189,2529,2125,1250,1571,1011,951,575
ACSSF,2012m1,co,000,0170,0000107,2989,2278,1701,1706,587,1555,358,308,209,1662,1653,741,1378,179,179,189,2238,1638,1640,1035,1390,275,273,39,1728,1676,607,1612,339,322,100,2032,1157,887,379,814,735,728,78,1562,1552,859,1322,668,668,87,4494,3221,2498,1646,2172,1508,5019,4111,3534,2666,3487,4273,3511,3065,1691,1578,3747,3660,3603,737,415,3193,2785,2583,957,923,2989,2278,2279,900,2103,393,336,209,2238,2172,1167,2107,471,436,108,2032,1896,908,1589,1142,1129,162
ACSSF,2012m1,co,000,0170,0000108,4296,2337,2006,2004,870,1754,191,191,189,1444,1450,272,1438,126,92,86,2425,1286,1290,568,1302,286,286,189,1798,1761,887,1421,325,325,189,2043,1488,1292,479,1296,612,612,189,1197,1097,769,958,975,975,189,6503,3956,2898,1228,2740,2474,3465,2607,2149,1542,1486,3567,3154,2896,1417,1419,2611,2095,2050,1007,1461,2958,2643,2401,1963,775,4296,2337,2328,907,2166,217,200,86,2425,2414,1156,2190,495,495,189,2043,1648,886,1615,1238,1238,189
ACSSF,2012m1,co,000,0170,0000109,2335,5018,3186,3159,546,3207,713,516,490,3436,3335,690,3416,771,710,493,4267,3011,2743,1312,2647,912,865,147,3165,2850,1281,2876,873,873,158,3789,2544,2213,1271,1693,952,968,370,2721,2684,1486,2183,1132,1115,306,2747,6032,5010,3007,4168,2597,6520,5830,4597,3602,2973,7091,6726,6329,2823,2677,7331,6865,6095,2684,1629,8775,8754,8451,2146,2504,2335,5018,4994,950,5273,1051,888,750,4267,3748,1779,4068,1301,1294,216,3789,3694,2135,2887,1455,1491,416
ACSSF,2012m1,co,000,0170,0000110,2276,1658,1359,1383,358,1381,386,386,189,1205,1203,182,1187,311,281,133,1850,1093,1028,393,1010,423,423,189,1298,1218,415,1133,368,368,189,1791,1166,880,390,733,791,783,92,1177,1042,473,1091,984,994,110,2989,2029,1605,1004,1486,1004,2988,2425,2050,1382,979,3502,3139,2824,1344,930,2262,2034,1967,772,675,3582,3453,3293,1339,770,2276,1658,1720,394,1758,514,511,133,1850,1733,558,1628,612,612,189,1791,1466,639,1428,1525,1520,172
ACSSF,2012m1,co,000,0170,0000111,3597,3052,2209,2104,500,2078,487,320,286,1667,1691,379,1706,243,225,86,2653,1964,1876,692,1799,390,388,53,1640,1616,477,1498,475,474,52,2454,1270,1044,604,957,884,884,189,1846,1642,1001,1532,870,838,225,4794,3872,3211,1822,2645,2347,4041,2978,2607,2031,1708,4415,3793,3533,1495,1828,4094,3647,3442,1064,1447,6929,6024,5844,1220,1951,3597,3052,2967,721,2972,576,418,291,2653,2567,840,2373,655,646,75,2454,1968,1189,1822,1492,1476,225
ACSSF,2012m1,co,000,0170,0000112,3161,2913,2125,2053,536,1981,411,411,189,1722,1700,387,1678,218,218,189,2382,1609,1517,674,1415,427,427,189,1336,1318,571,1352,611,611,189,2307,1200,757,492,566,841,850,94,1795,1301,650,1136,1048,1045,126,3929,3250,2847,1528,2262,1263,3134,2444,2261,1524,1685,4470,4022,3925,1590,1133,4007,3876,3674,1844,799,4778,4721,4804,968,237,3161,2913,2843,663,2857,496,496,189,2382,2219,951,2229,791,791,189,2307,1476,837,1166,1616,1622,220
ACSSF,2012m1,co,000,0170,0000113,1594,1997,1431,1391,700,1367,246,201,150,1264,1243,593,1260,201,144,143,2064,1197,1115,593,1003,314,312,48,1374,1400,993,936,449,449,189,2267,1253,1084,962,827,662,663,36,1723,1436,1178,1252,730,749,115,1324,4008,3523,1394,3451,1301,4230,3705,2970,2871,1709,3219,2915,2480,1449,824,2977,2631,2250,1529,673,2182,2078,1991,585,371,1594,1997,1967,1016,1997,282,217,200,2064,1994,1276,1478,574,577,48,2267,1852,1754,1614,1086,1105,122
ACSSF,2012m1,co,000,0170,0000114,4471,4074,2897,2978,959,2999,527,427,307,2557,2456,530,2474,428,345,298,3087,2017,2032,853,1876,366,336,153,2372,2190,967,2154,602,374,364,3556,1785,1714,842,1366,823,811,134,2622,2129,1304,1932,1139,1116,214,6521,4883,3985,1348,3580,2652,5682,4712,3103,3758,2065,7124,5778,5114,2599,3192,7036,6278,5725,1784,1855,7038,6396,6081,1830,2269,4471,4074,4038,1167,4178,622,503,423,3087,2958,1555,2753,714,472,435,3556,2985,1580,2579,1681,1629,268
ACSSF,2012m1,co,000,0170,0000115,3433,1714,1452,1459,409,1450,219,210,50,1406,1381,115,1380,187,187,189,2088,1743,1721,511,1674,196,196,189,1619,1612,754,1318,159,159,189,1722,985,734,361,554,597,595,70,1166,818,705,758,802,807,109,5306,2456,1793,829,1594,1426,4179,3439,2015,2927,2608,3615,2907,2333,1757,1223,2339,2180,1821,792,715,2176,1760,1557,925,860,3433,1714,1723,431,1757,312,299,50,2088,2074,931,2067,263,263,189,1722,1247,814,1001,1152,1161,131
