ACSSF,2012m1,co,000,0010,0000001,24493,2047,251,74,11575,2973,680,302,999,819,419,407,515,1527,1758,866,189,375,836,561,943,826,2025,426,290,2003,189,333,664,122,1372,842,2209,2541,1428,8222,156,6790,959,2534,1793,10287,527,1614,189,1608,336,1379,7107,709,5332,374,809,105,77,10,302,1729,3339,400,4038,839,1071,3518,1911,3752,3258,611,990,891,690,189,6393,80,3454,1384,354,173,1625,173,506,3015,1040,549,366,133,4032,164,3340,893,1629,1279,1691,2457,54,189,87,189,509,121,454,2386,362,189,166,189,826,19906,24493,11575,2973,2025,1372,2209,2541,8222,6790,2534,1793,10287,1614,1608,7107,5332,809,3339,4038,839,3518,3752,3258,891,6393,3340,893,1279,1691,2457,20185
ACSSF,2012m1,co,000,0010,0000002,23727,2047,251,74,10451,2930,663,302,999,817,419,407,515,1527,1742,870,189,268,710,511,896,817,1836,425,268,1692,189,325,647,122,1184,751,1904,2409,1406,7741,156,6491,942,2434,1772,9388,520,1551,189,1556,331,1423,6376,710,5093,374,808,98,189,189,189,1712,3339,267,3558,815,1087,3458,1811,3887,2971,609,969,836,695,189,6373,80,3423,1384,354,173,1626,173,506,3015,1040,549,366,133,4017,164,3203,776,1625,1277,1446,2455,54,189,87,189,509,121,316,2372,362,189,166,189,818,20332,23727,10451,2930,1836,1184,1904,2409,7741,6491,2434,1772,9388,1551,1556,6376,5093,808,3339,3558,815,3458,3887,2971,836,6373,3203,776,1277,1446,2455,20287
ACSSF,2012m1,co,000,0010,0000003,,,,,,,,,,,,,,,,,,,,,,,,,,,,,,,,,,,,,,,,,,,,,,,,,,,,,,,,,,,,,,,,,,,,,,,,,,,,,,,,,,,,,,,,,,,,,,,,,,,,,,,,,,,,,11320,5025,188,820,524,880,1241,3376,2046,892,512,4727,265,437,2562,1795,58,1153,2056,225,492,1464,1161,238,191,985,347,151,689,329,7344
ACSSF,2012m1,co,000,0010,0000004,23088,2047,251,74,10771,2970,680,302,993,819,419,407,515,1527,1758,865,189,365,755,561,914,826,1976,425,270,1896,189,333,664,122,1324,829,2064,2556,1354,7516,156,6903,908,2502,1397,9407,527,1578,189,1603,336,1378,6647,707,5078,374,810,105,77,10,254,1710,3343,351,3891,639,1064,3472,1796,3567,3185,600,967,866,696,189,6372,80,3454,1384,354,173,1626,132,506,3015,1040,549,366,133,4044,164,3274,842,1625,1265,1649,2457,54,189,87,189,509,121,454,2386,362,189,166,189,823,19055,23088,10771,2970,1976,1324,2064,2556,7516,6903,2502,1397,9407,1578,1603,6647,5078,810,3343,3891,639,3472,3567,3185,866,6372,3274,842,1265,1649,2457,19567
ACSSF,2012m1,co,000,0010,0000005,22747,2047,251,74,10305,2805,680,302,993,825,419,407,515,1263,1758,865,189,275,725,501,785,826,1963,425,264,1951,189,230,626,122,1267,823,1987,2555,1278,7667,156,6486,831,2433,1450,8968,519,1536,189,1461,336,1378,6611,707,4778,374,499,98,189,10,254,1662,3266,322,3734,614,1070,3470,1658,3364,3051,590,967,872,679,189,6154,80,3305,1384,354,173,1626,119,506,2968,1040,549,366,133,4048,164,3394,782,1518,1265,1615,2457,54,189,87,189,509,121,454,2386,362,189,166,189,832,18548,22747,10305,2805,1963,1267,1987,2555,7667,6486,2433,1450,8968,1536,1461,6611,4778,499,3266,3734,614,3470,3364,3051,872,6154,3394,782,1265,1615,2457,18878
ACSSF,2012m1,co,000,0010,0000006,16000,2047,168,189,5308,2154,73,78,98,735,388,403,249,775,1669,747,189,150,510,336,556,464,1351,369,220,1237,189,214,404,189,918,616,1302,1696,956,4514,55,3770,585,1557,868,5528,458,1020,189,671,266,1359,4276,432,2876,328,364,189,189,189,189,1029,1811,120,1753,490,715,1820,854,3207,2267,355,633,745,513,189,5557,80,3132,920,354,173,1262,116,506,2320,844,544,366,189,3493,72,1943,517,1465,868,748,2463,54,189,87,189,487,121,250,2386,320,189,166,189,376,12711,16000,5308,2154,1351,918,1302,1696,4514,3770,1557,868,5528,1020,671,4276,2876,364,1811,1753,490,1820,3207,2267,745,5557,1943,517,868,748,2463,12898
ACSSF,2012m1,co,000,0010,0000007,17568,189,191,74,8384,1874,686,291,986,354,162,43,452,1049,838,331,189,235,547,308,555,666,1448,203,146,1330,189,81,435,122,973,475,1335,1886,937,5855,176,4244,571,1754,1208,7524,131,1096,189,1255,196,514,5476,551,3934,252,340,98,189,10,254,1336,2667,266,3197,461,811,3341,1411,1895,1984,474,621,488,449,189,3162,189,520,969,189,189,848,20,189,1259,565,86,189,133,2602,150,2770,629,282,803,1375,518,189,189,189,189,129,189,371,252,186,189,189,189,741,16282,17568,8384,1874,1448,973,1335,1886,5855,4244,1754,1208,7524,1096,1255,5476,3934,340,2667,3197,461,3341,1895,1984,488,3162,2770,629,803,1375,518,16062
ACSSF,2012m1,co,000,0010,0000008,,,,,,,,,,,,,,,,,,,,,,,,,,,,,,,,,,,,,,,,,,,,,,,,,,,,,,,,,,,,,,,,,,,,,,,,,,,,,,,,,,,,,,,,,,,,,,,,,,,,,,,,,,,,,5595,1705,922,316,347,458,499,1443,1895,591,382,2718,233,436,1896,1191,604,802,685,171,112,735,766,51,779,640,321,90,451,189,4326
ACSSF,2012m1,co,000,0010,0000009,,,,,,,,,,,,,,,,,,,,,,,,,,,,,,,,,,,,,,,,,,,,,,,,,,,,,,,,,,,,,,,,,,,,,,,,,,,,,,,,,,,,,,,,,,,,,,,,,,,,,,,,,,,,,5092,1081,49,309,95,374,211,1226,1076,244,288,1848,124,154,1589,834,598,692,403,189,189,278,487,189,766,241,54,189,110,189,3633
ACSSF,2012m1,co,000,0010,0000010,,,,,,,,,,,,,,,,,,,,,,,,,,,,,,,,,,,,,,,,,,,,,,,,,,,,,,,,,,,,,,,,,,,,,,,,,,,,,,,,,,,,,,,,,,,,,,,,,,,,,,,,,,,,,5271,1240,918,177,340,295,443,1147,1631,532,266,2170,210,397,1277,997,94,441,580,171,112,689,549,51,88,564,317,90,424,189,4045
ACSSF,2012m1,co,000,0010,0000011,,,,,,,,,,,,,,,,,,,,,,,,,,,,,,,,,,,,,,,,,,,,,,,,,,,,,,,,,,,,,,,,,,,,,,,,,,,,,,,,,,,,,,,,,,,,,,,,,,,,,,,,,,,,,5757,2727,64,351,291,674,530,2610,1198,722,973,3551,260,158,2089,1404,95,736,1087,548,285,770,616,173,216,655,376,111,380,189,3870
ACSSF,2012m1,co,000,0010,0000012,,,,,,,,,,,,,,,,,,,,,,,,,,,,,,,,,,,,,,,,,,,,,,,,,,,,,,,,,,,,,,,,,,,,,,,,,,,,,,,,,,,,,,,,,,,,,,,,,,,,,,,,,,,,,7912,3229,923,520,437,848,672,3039,2167,946,1153,4544,381,458,3139,1812,604,1011,1216,574,273,961,991,180,781,988,458,143,531,189,5958
ACSSF,2012m1,co,000,0010,0000013,,,,,,,,,,,,,,,,,,,,,,,,,,,,,,,,,,,,,,,,,,,,,,,,,,,,,,,,,,,,,,,,,,,,,,,,,,,,,,,,,,,,,,,,,,,,,,,,,,,,,,,,,,,,,7277,5737,769,367,265,233,482,1674,1291,470,430,2634,715,145,1606,1521,106,1017,938,125,935,644,713,177,1773,643,174,340,349,84,5399
ACSSF,2012m1,co,000,0010,0000014,,,,,,,,,,,,,,,,,,,,,,,,,,,,,,,,,,,,,,,,,,,,,,,,,,,,,,,,,,,,,,,,,,,,,,,,,,,,,,,,,,,,,,,,,,,,,,,,,,,,,,,,,,,,,7436,3480,1770,824,442,518,707,2144,2551,702,265,3103,542,378,3159,1459,326,1256,1175,282,2403,595,917,258,3887,1454,373,721,613,230,6973
ACSSF,2012m1,co,000,0010,0000015,,,,,,,,,,,,,,,,,,,,,,,,,,,,,,,,,,,,,,,,,,,,,,,,,,,,,,,,,,,,,,,,,,,,,,,,,,,,,,,,,,,,,,,,,,,,,,,,,,,,,,,,,,,,,6022,3326,295,599,331,750,447,1986,1551,500,453,2181,307,478,1425,1673,216,850,941,69,808,556,1021,223,933,520,183,316,379,231,5169
ACSSF,2012m1,co,000,0010,0000016,,,,,,,,,,,,,,,,,,,,,,,,,,,,,,,,,,,,,,,,,,,,,,,,,,,,,,,,,,,,,,,,,,,,,,,,,,,,,,,,,,,,,,,,,,,,,,,,,,,,,,,,,,,,,7791,2341,308,532,666,967,691,2071,1906,745,443,2840,793,277,2718,1347,200,1081,899,230,1042,688,1094,646,3845,939,426,435,418,853,7111
ACSSF,2012m1,co,000,0010,0000017,,,,,,,,,,,,,,,,,,,,,,,,,,,,,,,,,,,,,,,,,,,,,,,,,,,,,,,,,,,,,,,,,,,,,,,,,,,,,,,,,,,,,,,,,,,,,,,,,,,,,,,,,,,,,5967,2370,1102,454,261,299,554,1865,1483,515,350,2896,302,401,1650,1780,88,1139,866,188,553,607,749,160,332,656,171,223,372,164,4242
ACSSF,2012m1,co,000,0010,0000018,,,,,,,,,,,,,,,,,,,,,,,,,,,,,,,,,,,,,,,,,,,,,,,,,,,,,,,,,,,,,,,,,,,,,,,,,,,,,,,,,,,,,,,,,,,,,,,,,,,,,,,,,,,,,9933,3994,1138,760,263,648,858,3652,2831,982,422,3455,295,898,3055,1433,176,993,1080,362,1674,998,1697,216,1122,1285,237,594,310,2197,6491
ACSSF,2012m1,co,000,0010,0000019,,,,,,,,,,,,,,,,,,,,,,,,,,,,,,,,,,,,,,,,,,,,,,,,,,,,,,,,,,,,,,,,,,,,,,,,,,,,,,,,,,,,,,,,,,,,,,,,,,,,,,,,,,,,,7320,2172,881,1008,697,651,582,2340,1669,751,724,3259,260,596,2619,2193,221,923,2069,359,835,876,849,284,397,1056,309,343,402,129,5554
ACSSF,2012m1,co,000,0010,0000020,,,,,,,,,,,,,,,,,,,,,,,,,,,,,,,,,,,,,,,,,,,,,,,,,,,,,,,,,,,,,,,,,,,,,,,,,,,,,,,,,,,,,,,,,,,,,,,,,,,,,,,,,,,,,5860,2236,534,890,276,485,1279,1569,2412,721,344,3644,588,190,1427,1482,94,686,755,248,240,901,923,189,232,780,313,215,415,121,3951
ACSSF,2012m1,co,000,0010,0000021,,,,,,,,,,,,,,,,,,,,,,,,,,,,,,,,,,,,,,,,,,,,,,,,,,,,,,,,,,,,,,,,,,,,,,,,,,,,,,,,,,,,,,,,,,,,,,,,,,,,,,,,,,,,,4503,2118,189,230,172,348,742,1132,556,540,498,2191,189,298,905,926,189,585,569,120,110,3013,450,139,119,359,120,246,665,189,3154
ACSSF,2012m1,co,000,0010,0000022,,,,,,,,,,,,,,,,,,,,,,,,,,,,,,,,,,,,,,,,,,,,,,,,,,,,,,,,,,,,,,,,,,,,,,,,,,,,,,,,,,,,,,,,,,,,,,,,,,,,,,,,,,,,,3701,1580,189,255,139,107,189,1022,225,344,119,1737,130,105,1331,1145,143,316,379,189,289,254,505,123,225,229,60,189,159,189,3161
ACSSF,2012m1,co,000,0010,0000023,,,,,,,,,,,,,,,,,,,,,,,,,,,,,,,,,,,,,,,,,,,,,,,,,,,,,,,,,,,,,,,,,,,,,,,,,,,,,,,,,,,,,,,,,,,,,,,,,,,,,,,,,,,,,6123,1796,150,99,349,103,406,1252,941,302,585,3260,190,140,1391,1124,80,644,679,92,155,232,516,82,599,573,133,84,290,189,4512
ACSSF,2012m1,co,000,0010,0000024,,,,,,,,,,,,,,,,,,,,,,,,,,,,,,,,,,,,,,,,,,,,,,,,,,,,,,,,,,,,,,,,,,,,,,,,,,,,,,,,,,,,,,,,,,,,,,,,,,,,,,,,,,,,,3289,1069,68,340,438,165,472,1130,475,329,316,1323,75,145,953,920,122,401,508,189,375,388,299,189,24,413,140,321,83,189,2795
ACSSF,2012m1,co,000,0010,0000025,,,,,,,,,,,,,,,,,,,,,,,,,,,,,,,,,,,,,,,,,,,,,,,,,,,,,,,,,,,,,,,,,,,,,,,,,,,,,,,,,,,,,,,,,,,,,,,,,,,,,,,,,,,,,6384,2967,1628,660,265,358,446,1513,1160,290,170,2023,112,187,1573,898,296,625,521,156,996,322,441,180,3491,929,131,702,318,129,6814
ACSSF,2012m1,co,000,0010,0000026,,,,,,,,,,,,,,,,,,,,,,,,,,,,,,,,,,,,,,,,,,,,,,,,,,,,,,,,,,,,,,,,,,,,,,,,,,,,,,,,,,,,,,,,,,,,,,,,,,,,,,,,,,,,,3222,2075,293,504,276,351,323,784,772,259,152,1715,115,117,877,713,134,465,473,69,345,272,755,136,200,336,185,192,92,130,3716
ACSSF,2012m1,co,000,0010,0000027,,,,,,,,,,,,,,,,,,,,,,,,,,,,,,,,,,,,,,,,,,,,,,,,,,,,,,,,,,,,,,,,,,,,,,,,,,,,,,,,,,,,,,,,,,,,,,,,,,,,,,,,,,,,,3765,1058,120,360,230,244,504,1045,1810,268,139,1144,475,220,1724,623,120,968,781,217,457,335,433,54,353,280,314,319,221,189,2871
ACSSF,2012m1,co,000,0010,0000028,,,,,,,,,,,,,,,,,,,,,,,,,,,,,,,,,,,,,,,,,,,,,,,,,,,,,,,,,,,,,,,,,,,,,,,,,,,,,,,,,,,,,,,,,,,,,,,,,,,,,,,,,,,,,7591,2805,1211,520,190,563,831,1865,2316,854,286,3198,225,400,2256,1312,124,867,915,333,654,889,1453,65,935,578,177,154,210,2263,6313
ACSSF,2012m1,co,000,0010,0000029,,,,,,,,,,,,,,,,,,,,,,,,,,,,,,,,,,,,,,,,,,,,,,,,,,,,,,,,,,,,,,,,,,,,,,,,,,,,,,,,,,,,,,,,,,,,,,,,,,,,,,,,,,,,,7791,2341,308,532,666,967,691,2071,1906,745,443,2840,793,277,2718,1347,200,1081,899,230,1042,688,1094,646,3845,939,426,435,418,853,7111
ACSSF,2012m1,co,000,0010,0000030,,,,,,,,,,,,,,,,,,,,,,,,,,,,,,,,,,,,,,,,,,,,,,,,,,,,,,,,,,,,,,,,,,,,,,,,,,,,,,,,,,,,,,,,,,,,,,,,,,,,,,,,,,,,,4527,1177,534,856,210,409,1059,1301,2231,455,273,2043,519,151,927,1012,83,447,614,183,176,312,505,189,175,400,242,216,171,121,2911
ACSSF,2012m1,co,000,0010,0000031,,,,,,,,,,,,,,,,,,,,,,,,,,,,,,,,,,,,,,,,,,,,,,,,,,,,,,,,,,,,,,,,,,,,,,,,,,,,,,,,,,,,,,,,,,,,,,,,,,,,,,,,,,,,,3561,659,133,74,67,189,118,686,539,144,189,1742,188,47,889,905,189,463,166,92,71,152,298,82,599,360,103,189,175,189,3804
ACSSF,2012m1,co,000,0010,0000032,,,,,,,,,,,,,,,,,,,,,,,,,,,,,,,,,,,,,,,,,,,,,,,,,,,,,,,,,,,,,,,,,,,,,,,,,,,,,,,,,,,,,,,,,,,,,,,,,,,,,,,,,,,,,4288,1466,150,258,204,247,268,1137,758,108,172,1400,233,71,894,1572,70,562,499,183,205,449,446,66,332,477,47,35,227,189,3039
ACSSF,2012m1,co,000,0010,0000033,,,,,,,,,,,,,,,,,,,,,,,,,,,,,,,,,,,,,,,,,,,,,,,,,,,,,,,,,,,,,,,,,,,,,,,,,,,,,,,,,,,,,,,,,,,,,,,,,,,,,,,,,,,,,4145,1154,299,520,286,598,263,1376,676,346,156,1422,187,145,928,1291,70,464,609,211,281,353,365,254,308,688,189,72,127,129,4279
ACSSF,2012m1,co,000,0010,0000034,,,,,,,,,,,,,,,,,,,,,,,,,,,,,,,,,,,,,,,,,,,,,,,,,,,,,,,,,,,,,,,,,,,,,,,,,,,,,,,,,,,,,,,,,,,,,,,,,,,,,,,,,,,,,4358,2118,189,191,40,349,225,777,705,377,290,1401,191,447,632,816,189,439,392,189,417,247,476,105,948,215,189,158,283,186,3894
ACSSF,2012m1,co,000,0010,0000035,,,,,,,,,,,,,,,,,,,,,,,,,,,,,,,,,,,,,,,,,,,,,,,,,,,,,,,,,,,,,,,,,,,,,,,,,,,,,,,,,,,,,,,,,,,,,,,,,,,,,,,,,,,,,,,,,,,,,,,,,,,,,,,,,,,,,,,,,,,
ACSSF,2012m1,co,000,0010,0000036,,,,,,,,,,,,,,,,,,,,,,,,,,,,,,,,,,,,,,,,,,,,,,,,,,,,,,,,,,,,,,,,,,,,,,,,,,,,,,,,,,,,,,,,,,,,,,,,,,,,,,,,,,,,,,,,,,,,,,,,,,,,,,,,,,,,,,,,,,,
ACSSF,2012m1,co,000,0010,0000037,,,,,,,,,,,,,,,,,,,,,,,,,,,,,,,,,,,,,,,,,,,,,,,,,,,,,,,,,,,,,,,,,,,,,,,,,,,,,,,,,,,,,,,,,,,,,,,,,,,,,,,,,,,,,4398,3453,422,262,147,73,196,975,876,213,301,1462,189,189,1059,879,66,282,313,189,890,376,445,112,189,179,129,189,192,84,3944
ACSSF,2012m1,co,000,0010,0000038,,,,,,,,,,,,,,,,,,,,,,,,,,,,,,,,,,,,,,,,,,,,,,,,,,,,,,,,,,,,,,,,,,,,,,,,,,,,,,,,,,,,,,,,,,,,,,,,,,,,,,,,,,,,,3118,1119,603,130,259,97,268,1114,757,197,97,1430,261,148,983,999,82,864,481,79,249,500,252,125,176,403,228,151,59,189,3153
ACSSF,2012m1,co,000,0010,0000039,,,,,,,,,,,,,,,,,,,,,,,,,,,,,,,,,,,,,,,,,,,,,,,,,,,,,,,,,,,,,,,,,,,,,,,,,,,,,,,,,,,,,,,,,,,,,,,,,,,,,,,,,,,,,3222,2075,293,504,276,351,323,784,772,259,152,1715,115,117,877,713,134,465,473,69,345,272,755,136,200,336,185,192,92,130,3716
ACSSF,2012m1,co,000,0010,0000040,,,,,,,,,,,,,,,,,,,,,,,,,,,,,,,,,,,,,,,,,,,,,,,,,,,,,,,,,,,,,,,,,,,,,,,,,,,,,,,,,,,,,,,,,,,,,,,,,,,,,,,,,,,,,7591,2805,1211,520,190,563,831,1865,2316,854,286,3198,225,400,2256,1312,124,867,915,333,654,889,1453,65,935,578,177,154,210,2263,6313
ACSSF,2012m1,co,000,0010,0000041,,,,,,,,,,,,,,,,,,,,,,,,,,,,,,,,,,,,,,,,,,,,,,,,,,,,,,,,,,,,,,,,,,,,,,,,,,,,,,,,,,,,,,,,,,,,,,,,,,,,,,,,,,,,,6384,2967,1628,660,265,358,446,1513,1160,290,170,2023,112,187,1573,898,296,625,521,156,996,322,441,180,3491,929,131,702,318,129,6814
ACSSF,2012m1,co,000,0010,0000042,,,,,,,,,,,,,,,,,,,,,,,,,,,,,,,,,,,,,,,,,,,,,,,,,,,,,,,,,,,,,,,,,,,,,,,,,,,,,,,,,,,,,,,,,,,,,,,,,,,,,,,,,,,,,7791,2341,308,532,666,967,691,2071,1906,745,443,2840,793,277,2718,1347,200,1081,899,230,1042,688,1094,646,3845,939,426,435,418,853,7111
ACSSF,2012m1,co,000,0010,0000043,,,,,,,,,,,,,,,,,,,,,,,,,,,,,,,,,,,,,,,,,,,,,,,,,,,,,,,,,,,,,,,,,,,,,,,,,,,,,,,,,,,,,,,,,,,,,,,,,,,,,,,,,,,,,4527,1177,534,856,210,409,1059,1301,2231,455,273,2043,519,151,927,1012,83,447,614,183,176,312,505,189,175,400,242,216,171,121,2911
ACSSF,2012m1,co,000,0010,0000044,,,,,,,,,,,,,,,,,,,,,,,,,,,,,,,,,,,,,,,,,,,,,,,,,,,,,,,,,,,,,,,,,,,,,,,,,,,,,,,,,,,,,,,,,,,,,,,,,,,,,,,,,,,,,,,,,,,,,,,,,,,,,,,,,,,,,,,,,,,
ACSSF,2012m1,co,000,0010,0000045,,,,,,,,,,,,,,,,,,,,,,,,,,,,,,,,,,,,,,,,,,,,,,,,,,,,,,,,,,,,,,,,,,,,,,,,,,,,,,,,,,,,,,,,,,,,,,,,,,,,,,,,,,,,,3561,659,133,74,67,189,118,686,539,144,189,1742,188,47,889,905,189,463,166,92,71,152,298,82,599,360,103,189,175,189,3804
ACSSF,2012m1,co,000,0010,0000046,,,,,,,,,,,,,,,,,,,,,,,,,,,,,,,,,,,,,,,,,,,,,,,,,,,,,,,,,,,,,,,,,,,,,,,,,,,,,,,,,,,,,,,,,,,,,,,,,,,,,,,,,,,,,,,,,,,,,,,,,,,,,,,,,,,,,,,,,,,
ACSSF,2012m1,co,000,0010,0000047,,,,,,,,,,,,,,,,,,,,,,,,,,,,,,,,,,,,,,,,,,,,,,,,,,,,,,,,,,,,,,,,,,,,,,,,,,,,,,,,,,,,,,,,,,,,,,,,,,,,,,,,,,,,,9208,2668,492,630,712,998,903,2253,2594,774,773,3373,837,420,2949,1497,214,1181,1088,306,1088,877,1111,651,3879,955,425,435,463,853,8150
ACSSF,2012m1,co,000,0010,0000048,,,,,,,,,,,,,,,,,,,,,,,,,,,,,,,,,,,,,,,,,,,,,,,,,,,,,,,,,,,,,,,,,,,,,,,,,,,,,,,,,,,,,,,,,,,,,,,,,,,,,,,,,,,,,9500,4057,625,1107,598,827,1362,2692,3225,886,510,4854,664,425,2385,2508,240,1180,1424,317,983,1471,1434,345,301,1196,365,357,737,200,7587
ACSSF,2012m1,co,000,0010,0000049,,,,,,,,,,,,,,,,,,,,,,,,,,,,,,,,,,,,,,,,,,,,,,,,,,,,,,,,,,,,,,,,,,,,,,,,,,,,,,,,,,,,,,,,,,,,,,,,,,,,,,,,,,,,,9308,4584,919,547,330,751,804,2727,1892,934,1101,4481,338,536,2684,1874,609,1077,1274,182,410,3307,1010,252,561,792,457,266,726,189,7008
ACSSF,2012m1,co,000,0010,0000050,,,,,,,,,,,,,,,,,,,,,,,,,,,,,,,,,,,,,,,,,,,,,,,,,,,,,,,,,,,,,,,,,,,,,,,,,,,,,,,,,,,,,,,,,,,,,,,,,,,,,,,,,,,,,10343,3518,1149,428,479,459,1049,2577,2056,741,756,5172,351,653,1992,1752,101,1229,1068,125,667,547,1020,260,1272,866,211,276,587,241,7517
ACSSF,2012m1,co,000,0010,0000051,,,,,,,,,,,,,,,,,,,,,,,,,,,,,,,,,,,,,,,,,,,,,,,,,,,,,,,,,,,,,,,,,,,,,,,,,,,,,,,,,,,,,,,,,,,,,,,,,,,,,,,,,,,,,10407,4158,1140,760,340,703,937,3883,2948,1156,516,3685,295,879,3267,1703,176,1085,1077,590,1674,1108,1700,216,1122,1400,288,599,397,2197,6704
ACSSF,2012m1,co,000,0010,0000052,9707,2047,227,189,5139,1676,78,111,189,220,352,403,189,241,1519,272,189,141,256,115,277,370,885,74,113,495,189,89,460,122,491,169,526,804,711,2422,189,2642,560,862,379,3010,113,895,189,398,189,202,3069,249,2088,122,318,189,189,189,254,686,1450,93,1252,328,602,2586,1078,784,1021,239,720,228,73,189,4454,189,2506,888,354,189,1626,189,189,1841,528,525,366,189,2648,162,1598,352,335,795,651,230,189,189,189,189,80,189,195,85,189,189,189,189,319,8674,9707,5139,1676,885,491,526,804,2422,2642,862,379,3010,895,398,3069,2088,318,1450,1252,328,2586,784,1021,228,4454,1598,352,795,651,230,9393
ACSSF,2012m1,co,000,0010,0000053,,,,,,,,,,,,,,,,,,,,,,,,,,,,,,,,,,,,,,,,,,,,,,,,,,,,,,,,,,,,,,,,,,,,,,,,,,,,,,,,,,,,,,,,,,,,,,,,,,,,,,,,,,,,,8839,4369,1172,848,640,683,652,2675,1500,818,557,3648,336,475,2205,2270,212,1260,2228,276,542,869,897,302,638,899,296,360,398,153,7168
ACSSF,2012m1,co,000,0010,0000054,,,,,,,,,,,,,,,,,,,,,,,,,,,,,,,,,,,,,,,,,,,,,,,,,,,,,,,,,,,,,,,,,,,,,,,,,,,,,,,,,,,,,,,,,,,,,,,,,,,,,,,,,,,,,2893,1028,189,145,186,319,112,688,178,289,81,1584,70,189,692,372,27,279,204,65,189,289,447,30,609,340,47,28,89,189,2484
ACSSF,2012m1,co,000,0010,0000055,,,,,,,,,,,,,,,,,,,,,,,,,,,,,,,,,,,,,,,,,,,,,,,,,,,,,,,,,,,,,,,,,,,,,,,,,,,,,,,,,,,,,,,,,,,,,,,,,,,,,,,,,,,,,4628,1772,189,109,145,277,683,1084,1342,467,158,2543,247,67,945,699,79,405,415,240,120,633,651,189,148,806,190,92,254,189,2745
ACSSF,2012m1,co,000,0010,0000056,,,,,,,,,,,,,,,,,,,,,,,,,,,,,,,,,,,,,,,,,,,,,,,,,,,,,,,,,,,,,,,,,,,,,,,,,,,,,,,,,,,,,,,,,,,,,,,,,,,,,,,,,,,,,5793,1382,534,885,236,392,1078,1410,2041,542,306,2839,528,181,1023,1313,83,500,639,183,194,678,617,189,175,414,248,216,321,121,3387
ACSSF,2012m1,co,000,0010,0000057,,,,,,,,,,,,,,,,,,,,,,,,,,,,,,,,,,,,,,,,,,,,,,,,,,,,,,,,,,,,,,,,,,,,,,,,,,,,,,,,,,,,,,,,,,,,,,,,,,,,,,,,,,,,,3074,1894,189,118,176,211,150,1675,517,407,940,1852,121,146,1091,717,88,319,370,189,225,585,455,189,61,323,153,83,132,189,1982
ACSSF,2012m1,co,000,0010,0000058,,,,,,,,,,,,,,,,,,,,,,,,,,,,,,,,,,,,,,,,,,,,,,,,,,,,,,,,,,,,,,,,,,,,,,,,,,,,,,,,,,,,,,,,,,,,,,,,,,,,,,,,,,,,,5892,1267,139,74,177,77,157,871,663,209,629,3276,188,90,1165,1068,189,592,669,92,86,217,416,82,599,511,118,189,286,189,5207
ACSSF,2012m1,co,000,0010,0000059,,,,,,,,,,,,,,,,,,,,,,,,,,,,,,,,,,,,,,,,,,,,,,,,,,,,,,,,,,,,,,,,,,,,,,,,,,,,,,,,,,,,,,,,,,,,,,,,,,,,,,,,,,,,,3805,992,64,319,248,283,428,784,1893,519,191,1498,230,428,1192,1123,604,828,629,102,116,696,473,177,59,453,313,10,419,189,2594
ACSSF,2012m1,co,000,0010,0000060,,,,,,,,,,,,,,,,,,,,,,,,,,,,,,,,,,,,,,,,,,,,,,,,,,,,,,,,,,,,,,,,,,,,,,,,,,,,,,,,,,,,,,,,,,,,,,,,,,,,,,,,,,,,,4206,979,929,199,197,304,374,1181,553,417,318,1713,189,67,1717,1070,189,357,357,546,189,279,472,189,189,353,215,90,163,189,2998
ACSSF,2012m1,co,000,0010,0000061,,,,,,,,,,,,,,,,,,,,,,,,,,,,,,,,,,,,,,,,,,,,,,,,,,,,,,,,,,,,,,,,,,,,,,,,,,,,,,,,,,,,,,,,,,,,,,,,,,,,,,,,,,,,,3728,1537,189,255,139,86,189,999,225,333,119,1694,130,105,1029,1103,143,307,379,189,289,266,453,123,225,217,189,189,145,189,3170
ACSSF,2012m1,co,000,0010,0000062,,,,,,,,,,,,,,,,,,,,,,,,,,,,,,,,,,,,,,,,,,,,,,,,,,,,,,,,,,,,,,,,,,,,,,,,,,,,,,,,,,,,,,,,,,,,,,,,,,,,,,,,,,,,,,,,,,,,,,,,,,,,,,,,,,,,,,,,,,,
ACSSF,2012m1,co,000,0010,0000063,,,,,,,,,,,,,,,,,,,,,,,,,,,,,,,,,,,,,,,,,,,,,,,,,,,,,,,,,,,,,,,,,,,,,,,,,,,,,,,,,,,,,,,,,,,,,,,,,,,,,,,,,,,,,4406,1939,101,534,205,91,131,1539,862,320,238,2401,147,381,1217,698,189,552,1828,186,569,820,542,120,189,429,177,89,306,189,2079
ACSSF,2012m1,co,000,0010,0000064,,,,,,,,,,,,,,,,,,,,,,,,,,,,,,,,,,,,,,,,,,,,,,,,,,,,,,,,,,,,,,,,,,,,,,,,,,,,,,,,,,,,,,,,,,,,,,,,,,,,,,,,,,,,,5870,2499,60,224,242,504,458,1813,1026,393,334,1490,258,486,867,1452,80,495,547,189,412,478,675,179,950,437,37,218,321,186,4756
ACSSF,2012m1,co,000,0010,0000065,,,,,,,,,,,,,,,,,,,,,,,,,,,,,,,,,,,,,,,,,,,,,,,,,,,,,,,,,,,,,,,,,,,,,,,,,,,,,,,,,,,,,,,,,,,,,,,,,,,,,,,,,,,,,3777,2044,293,575,276,562,374,811,812,284,305,1842,115,117,1008,917,205,537,786,69,585,272,805,136,200,327,185,192,189,130,3698
ACSSF,2012m1,co,000,0010,0000066,,,,,,,,,,,,,,,,,,,,,,,,,,,,,,,,,,,,,,,,,,,,,,,,,,,,,,,,,,,,,,,,,,,,,,,,,,,,,,,,,,,,,,,,,,,,,,,,,,,,,,,,,,,,,4869,1501,65,411,397,150,302,1047,1328,415,354,1697,189,292,1339,1037,146,522,395,79,504,452,340,256,189,681,110,149,203,82,3752
ACSSF,2012m1,co,000,0010,0000067,,,,,,,,,,,,,,,,,,,,,,,,,,,,,,,,,,,,,,,,,,,,,,,,,,,,,,,,,,,,,,,,,,,,,,,,,,,,,,,,,,,,,,,,,,,,,,,,,,,,,,,,,,,,,5061,2277,603,114,228,175,158,1039,889,298,233,1347,268,148,850,824,82,837,391,189,253,491,245,125,176,377,257,133,279,189,4143
ACSSF,2012m1,co,000,0010,0000068,,,,,,,,,,,,,,,,,,,,,,,,,,,,,,,,,,,,,,,,,,,,,,,,,,,,,,,,,,,,,,,,,,,,,,,,,,,,,,,,,,,,,,,,,,,,,,,,,,,,,,,,,,,,,6037,3607,496,262,147,73,365,941,773,222,327,1540,189,189,1043,845,189,272,283,189,890,358,434,189,303,182,129,189,192,84,5796
ACSSF,2012m1,co,000,0010,0000069,,,,,,,,,,,,,,,,,,,,,,,,,,,,,,,,,,,,,,,,,,,,,,,,,,,,,,,,,,,,,,,,,,,,,,,,,,,,,,,,,,,,,,,,,,,,,,,,,,,,,,,,,,,,,5968,3697,189,95,170,144,250,717,748,238,133,1393,672,23,976,680,189,425,678,125,74,209,440,112,441,555,189,4,36,189,6208
ACSSF,2012m1,co,000,0010,0000070,,,,,,,,,,,,,,,,,,,,,,,,,,,,,,,,,,,,,,,,,,,,,,,,,,,,,,,,,,,,,,,,,,,,,,,,,,,,,,,,,,,,,,,,,,,,,,,,,,,,,,,,,,,,,4412,975,306,654,156,207,284,836,896,553,119,1261,165,137,1315,782,189,309,563,217,470,302,404,54,1789,230,158,303,201,80,3924
ACSSF,2012m1,co,000,0010,0000071,,,,,,,,,,,,,,,,,,,,,,,,,,,,,,,,,,,,,,,,,,,,,,,,,,,,,,,,,,,,,,,,,,,,,,,,,,,,,,,,,,,,,,,,,,,,,,,,,,,,,,,,,,,,,5767,1607,1466,37,189,265,196,823,765,214,99,1217,189,138,640,588,42,466,180,141,449,282,238,100,2573,579,48,683,197,57,5962
ACSSF,2012m1,co,000,0010,0000072,,,,,,,,,,,,,,,,,,,,,,,,,,,,,,,,,,,,,,,,,,,,,,,,,,,,,,,,,,,,,,,,,,,,,,,,,,,,,,,,,,,,,,,,,,,,,,,,,,,,,,,,,,,,,5043,1181,535,153,230,189,142,707,663,192,109,865,58,124,857,396,263,229,100,189,404,169,255,153,1853,315,117,121,64,189,5149
ACSSF,2012m1,co,000,0010,0000073,,,,,,,,,,,,,,,,,,,,,,,,,,,,,,,,,,,,,,,,,,,,,,,,,,,,,,,,,,,,,,,,,,,,,,,,,,,,,,,,,,,,,,,,,,,,,,,,,,,,,,,,,,,,,4419,1274,107,334,182,186,507,994,1769,316,120,957,511,210,1473,677,127,961,899,189,2220,223,455,189,414,1138,314,163,471,189,3093
ACSSF,2012m1,co,000,0010,0000074,,,,,,,,,,,,,,,,,,,,,,,,,,,,,,,,,,,,,,,,,,,,,,,,,,,,,,,,,,,,,,,,,,,,,,,,,,,,,,,,,,,,,,,,,,,,,,,,,,,,,,,,,,,,,9420,1044,57,390,309,114,356,641,1185,249,189,1101,302,110,1371,355,189,273,266,189,254,374,581,189,2157,258,339,263,166,773,8109
ACSSF,2012m1,co,000,0010,0000075,,,,,,,,,,,,,,,,,,,,,,,,,,,,,,,,,,,,,,,,,,,,,,,,,,,,,,,,,,,,,,,,,,,,,,,,,,,,,,,,,,,,,,,,,,,,,,,,,,,,,,,,,,,,,6668,632,174,188,200,385,254,542,376,179,41,953,155,189,646,933,169,406,331,167,191,207,592,107,2408,355,134,189,129,97,5119
ACSSF,2012m1,co,000,0010,0000076,,,,,,,,,,,,,,,,,,,,,,,,,,,,,,,,,,,,,,,,,,,,,,,,,,,,,,,,,,,,,,,,,,,,,,,,,,,,,,,,,,,,,,,,,,,,,,,,,,,,,,,,,,,,,4130,985,165,337,533,778,416,1048,1110,377,199,1429,408,209,1270,339,96,473,626,110,387,386,512,636,280,524,135,160,231,155,2681
ACSSF,2012m1,co,000,0010,0000077,,,,,,,,,,,,,,,,,,,,,,,,,,,,,,,,,,,,,,,,,,,,,,,,,,,,,,,,,,,,,,,,,,,,,,,,,,,,,,,,,,,,,,,,,,,,,,,,,,,,,,,,,,,,,6942,1294,803,203,150,189,333,1763,1066,586,190,1535,634,284,1974,927,53,726,592,117,975,446,373,189,4035,535,122,300,201,370,5698
ACSSF,2012m1,co,000,0010,0000078,,,,,,,,,,,,,,,,,,,,,,,,,,,,,,,,,,,,,,,,,,,,,,,,,,,,,,,,,,,,,,,,,,,,,,,,,,,,,,,,,,,,,,,,,,,,,,,,,,,,,,,,,,,,,,,,,,,,,,,,,,,,,,,,,,,,,,,,,,,
ACSSF,2012m1,co,000,0010,0000079,,,,,,,,,,,,,,,,,,,,,,,,,,,,,,,,,,,,,,,,,,,,,,,,,,,,,,,,,,,,,,,,,,,,,,,,,,,,,,,,,,,,,,,,,,,,,,,,,,,,,,,,,,,,,3635,1044,68,201,436,178,477,1315,430,312,200,1361,75,149,1000,1322,141,375,494,189,364,459,298,41,24,439,117,321,80,189,3105
ACSSF,2012m1,co,000,0010,0000080,,,,,,,,,,,,,,,,,,,,,,,,,,,,,,,,,,,,,,,,,,,,,,,,,,,,,,,,,,,,,,,,,,,,,,,,,,,,,,,,,,,,,,,,,,,,,,,,,,,,,,,,,,,,,4796,1013,194,529,171,204,167,1016,529,287,123,1752,115,132,1005,659,117,263,409,252,177,393,380,155,88,561,189,189,138,189,3900
ACSSF,2012m1,co,000,0010,0000081,,,,,,,,,,,,,,,,,,,,,,,,,,,,,,,,,,,,,,,,,,,,,,,,,,,,,,,,,,,,,,,,,,,,,,,,,,,,,,,,,,,,,,,,,,,,,,,,,,,,,,,,,,,,,4805,1338,860,297,310,603,256,1322,1335,459,597,1629,167,182,1021,1308,70,496,613,199,286,293,464,218,298,508,97,72,250,129,4154
ACSSF,2012m1,co,000,0010,0000082,,,,,,,,,,,,,,,,,,,,,,,,,,,,,,,,,,,,,,,,,,,,,,,,,,,,,,,,,,,,,,,,,,,,,,,,,,,,,,,,,,,,,,,,,,,,,,,,,,,,,,,,,,,,,4273,1212,396,200,251,107,449,770,796,193,153,2180,175,338,1355,579,66,539,272,56,305,406,239,94,56,330,140,189,98,189,3723
ACSSF,2012m1,co,000,0010,0000083,,,,,,,,,,,,,,,,,,,,,,,,,,,,,,,,,,,,,,,,,,,,,,,,,,,,,,,,,,,,,,,,,,,,,,,,,,,,,,,,,,,,,,,,,,,,,,,,,,,,,,,,,,,,,5041,1537,133,314,239,252,318,1158,781,127,138,1656,233,71,1276,1689,101,729,644,183,530,474,193,66,426,466,47,35,230,164,3091
ACSSF,2012m1,co,000,0010,0000084,,,,,,,,,,,,,,,,,,,,,,,,,,,,,,,,,,,,,,,,,,,,,,,,,,,,,,,,,,,,,,,,,,,,,,,,,,,,,,,,,,,,,,,,,,,,,,,,,,,,,,,,,,,,,3705,1404,1010,347,142,157,275,1039,951,129,231,2064,45,66,1183,543,33,676,508,189,97,278,543,149,189,206,94,192,249,189,2818
ACSSF,2012m1,co,000,0010,0000085,,,,,,,,,,,,,,,,,,,,,,,,,,,,,,,,,,,,,,,,,,,,,,,,,,,,,,,,,,,,,,,,,,,,,,,,,,,,,,,,,,,,,,,,,,,,,,,,,,,,,,,,,,,,,3704,1443,436,76,130,119,820,1271,1157,484,268,1844,226,389,1004,625,38,443,607,49,141,260,582,189,189,441,134,111,352,189,2783
ACSSF,2012m1,co,000,0010,0000086,,,,,,,,,,,,,,,,,,,,,,,,,,,,,,,,,,,,,,,,,,,,,,,,,,,,,,,,,,,,,,,,,,,,,,,,,,,,,,,,,,,,,,,,,,,,,,,,,,,,,,,,,,,,,5824,2523,152,218,246,283,250,1029,487,216,137,1690,131,189,1010,419,128,507,381,96,740,189,606,165,591,700,189,189,142,85,4697
ACSSF,2012m1,co,000,0010,0000087,,,,,,,,,,,,,,,,,,,,,,,,,,,,,,,,,,,,,,,,,,,,,,,,,,,,,,,,,,,,,,,,,,,,,,,,,,,,,,,,,,,,,,,,,,,,,,,,,,,,,,,,,,,,,2819,1480,189,316,90,142,231,964,831,309,152,1005,181,80,1196,337,25,474,260,130,97,243,511,189,508,278,262,43,344,189,1949
ACSSF,2012m1,co,000,0010,0000088,,,,,,,,,,,,,,,,,,,,,,,,,,,,,,,,,,,,,,,,,,,,,,,,,,,,,,,,,,,,,,,,,,,,,,,,,,,,,,,,,,,,,,,,,,,,,,,,,,,,,,,,,,,,,4346,1845,189,230,172,326,510,1113,556,526,498,2005,189,298,861,881,189,569,574,105,110,2928,432,139,119,311,189,235,665,189,3194
ACSSF,2012m1,co,000,0010,0000089,,,,,,,,,,,,,,,,,,,,,,,,,,,,,,,,,,,,,,,,,,,,,,,,,,,,,,,,,,,,,,,,,,,,,,,,,,,,,,,,,,,,,,,,,,,,,,,,,,,,,,,,,,,,,3173,1653,189,95,123,320,542,1207,313,334,120,1781,154,189,606,483,189,233,220,61,109,607,399,189,48,243,148,95,218,189,2277
ACSSF,2012m1,co,000,0010,0000090,,,,,,,,,,,,,,,,,,,,,,,,,,,,,,,,,,,,,,,,,,,,,,,,,,,,,,,,,,,,,,,,,,,,,,,,,,,,,,,,,,,,,,,,,,,,,,,,,,,,,,,,,,,,,,,,,,,,,,,,,,,,,,,,,,,,,,,,,,,
ACSSF,2012m1,co,000,0010,0000091,,,,,,,,,,,,,,,,,,,,,,,,,,,,,,,,,,,,,,,,,,,,,,,,,,,,,,,,,,,,,,,,,,,,,,,,,,,,,,,,,,,,,,,,,,,,,,,,,,,,,,,,,,,,,4935,1373,432,426,83,430,426,924,1426,596,172,1629,227,147,1216,690,189,444,729,189,234,734,1043,189,252,332,138,189,132,2243,4058
ACSSF,2012m1,co,000,0010,0000092,,,,,,,,,,,,,,,,,,,,,,,,,,,,,,,,,,,,,,,,,,,,,,,,,,,,,,,,,,,,,,,,,,,,,,,,,,,,,,,,,,,,,,,,,,,,,,,,,,,,,,,,,,,,,4246,1168,784,148,102,144,430,708,826,488,111,1536,73,155,1444,646,124,329,313,129,133,434,285,189,102,196,113,94,138,189,3070
ACSSF,2012m1,co,000,0010,0000093,,,,,,,,,,,,,,,,,,,,,,,,,,,,,,,,,,,,,,,,,,,,,,,,,,,,,,,,,,,,,,,,,,,,,,,,,,,,,,,,,,,,,,,,,,,,,,,,,,,,,,,,,,,,,3980,1296,148,204,146,93,555,816,897,341,126,1370,115,323,950,834,189,423,454,266,520,355,689,189,834,350,189,547,109,134,3110
ACSSF,2012m1,co,000,0010,0000094,,,,,,,,,,,,,,,,,,,,,,,,,,,,,,,,,,,,,,,,,,,,,,,,,,,,,,,,,,,,,,,,,,,,,,,,,,,,,,,,,,,,,,,,,,,,,,,,,,,,,,,,,,,,,,,,,,,,,,,,,,,,,,,,,,,,,,,,,,,
ACSSF,2012m1,co,000,0010,0000095,,,,,,,,,,,,,,,,,,,,,,,,,,,,,,,,,,,,,,,,,,,,,,,,,,,,,,,,,,,,,,,,,,,,,,,,,,,,,,,,,,,,,,,,,,,,,,,,,,,,,,,,,,,,,5562,1951,660,366,96,153,566,1395,1606,308,150,1428,133,804,969,382,189,270,501,190,1515,385,1017,105,340,247,116,189,214,111,2811
ACSSF,2012m1,co,000,0010,0000096,,,,,,,,,,,,,,,,,,,,,,,,,,,,,,,,,,,,,,,,,,,,,,,,,,,,,,,,,,,,,,,,,,,,,,,,,,,,,,,,,,,,,,,,,,,,,,,,,,,,,,,,,,,,,4853,1361,660,362,100,352,234,1368,1812,195,71,1637,25,69,831,379,102,284,739,190,251,441,798,65,352,289,44,189,172,111,2881
ACSSF,2012m1,co,000,0010,0000097,,,,,,,,,,,,,,,,,,,,,,,,,,,,,,,,,,,,,,,,,,,,,,,,,,,,,,,,,,,,,,,,,,,,,,,,,,,,,,,,,,,,,,,,,,,,,,,,,,,,,,,,,,,,,6933,1933,590,37,64,336,246,924,764,293,89,1466,86,146,1027,513,189,539,240,123,309,274,299,175,3009,617,63,690,197,102,6937
ACSSF,2012m1,co,000,0010,0000098,,,,,,,,,,,,,,,,,,,,,,,,,,,,,,,,,,,,,,,,,,,,,,,,,,,,,,,,,,,,,,,,,,,,,,,,,,,,,,,,,,,,,,,,,,,,,,,,,,,,,,,,,,,,,4705,2706,295,580,329,578,378,1864,1463,478,311,2139,187,310,1500,929,230,747,869,69,694,610,862,198,200,510,180,284,250,130,4976
ACSSF,2012m1,co,000,0010,0000099,,,,,,,,,,,,,,,,,,,,,,,,,,,,,,,,,,,,,,,,,,,,,,,,,,,,,,,,,,,,,,,,,,,,,,,,,,,,,,,,,,,,,,,,,,,,,,,,,,,,,,,,,,,,,,,,,,,,,,,,,,,,,,,,,,,,,,,,,,,
ACSSF,2012m1,co,000,0010,0000100,,,,,,,,,,,,,,,,,,,,,,,,,,,,,,,,,,,,,,,,,,,,,,,,,,,,,,,,,,,,,,,,,,,,,,,,,,,,,,,,,,,,,,,,,,,,,,,,,,,,,,,,,,,,,6700,2683,1695,760,319,284,465,1717,1625,662,186,2002,285,328,1932,1164,321,635,887,242,2384,412,802,69,3260,1309,273,344,522,206,5766
ACSSF,2012m1,co,000,0010,0000101,,,,,,,,,,,,,,,,,,,,,,,,,,,,,,,,,,,,,,,,,,,,,,,,,,,,,,,,,,,,,,,,,,,,,,,,,,,,,,,,,,,,,,,,,,,,,,,,,,,,,,,,,,,,,5311,2049,842,429,148,327,642,876,1488,552,194,2394,203,201,1694,912,124,566,596,204,163,464,1166,189,125,445,113,154,170,147,4672
ACSSF,2012m1,co,000,0010,0000102,,,,,,,,,,,,,,,,,,,,,,,,,,,,,,,,,,,,,,,,,,,,,,,,,,,,,,,,,,,,,,,,,,,,,,,,,,,,,,,,,,,,,,,,,,,,,,,,,,,,,,,,,,,,,7791,2341,308,532,666,967,691,2071,1906,745,443,2840,793,277,2718,1347,200,1081,899,230,1042,688,1094,646,3845,939,426,435,418,853,7111
ACSSF,2012m1,co,000,0010,0000103,,,,,,,,,,,,,,,,,,,,,,,,,,,,,,,,,,,,,,,,,,,,,,,,,,,,,,,,,,,,,,,,,,,,,,,,,,,,,,,,,,,,,,,,,,,,,,,,,,,,,,,,,,,,,6083,2370,1102,454,261,299,886,1914,1483,515,350,3009,302,401,1650,1815,88,1139,866,188,553,607,768,160,332,656,171,223,372,164,4378
ACSSF,2012m1,co,000,0010,0000104,,,,,,,,,,,,,,,,,,,,,,,,,,,,,,,,,,,,,,,,,,,,,,,,,,,,,,,,,,,,,,,,,,,,,,,,,,,,,,,,,,,,,,,,,,,,,,,,,,,,,,,,,,,,,,,,,,,,,,,,,,,,,,,,,,,,,,,,,,,
ACSSF,2012m1,co,000,0010,0000105,,,,,,,,,,,,,,,,,,,,,,,,,,,,,,,,,,,,,,,,,,,,,,,,,,,,,,,,,,,,,,,,,,,,,,,,,,,,,,,,,,,,,,,,,,,,,,,,,,,,,,,,,,,,,5909,1375,534,874,271,467,1078,1398,2018,542,306,3154,528,181,1086,1313,83,506,639,183,194,676,648,189,232,432,248,216,321,121,3416
ACSSF,2012m1,co,000,0010,0000106,,,,,,,,,,,,,,,,,,,,,,,,,,,,,,,,,,,,,,,,,,,,,,,,,,,,,,,,,,,,,,,,,,,,,,,,,,,,,,,,,,,,,,,,,,,,,,,,,,,,,,,,,,,,,4512,2118,189,230,172,348,742,1127,556,540,498,2202,189,298,877,928,189,576,570,105,110,3012,450,139,119,321,120,236,665,189,3223
ACSSF,2012m1,co,000,0010,0000107,,,,,,,,,,,,,,,,,,,,,,,,,,,,,,,,,,,,,,,,,,,,,,,,,,,,,,,,,,,,,,,,,,,,,,,,,,,,,,,,,,,,,,,,,,,,,,,,,,,,,,,,,,,,,5027,1009,133,74,67,189,147,642,552,156,41,2856,188,90,873,975,189,446,635,92,71,152,350,82,576,360,118,189,255,189,4628
ACSSF,2012m1,co,000,0010,0000108,,,,,,,,,,,,,,,,,,,,,,,,,,,,,,,,,,,,,,,,,,,,,,,,,,,,,,,,,,,,,,,,,,,,,,,,,,,,,,,,,,,,,,,,,,,,,,,,,,,,,,,,,,,,,,,,,,,,,,,,,,,,,,,,,,,,,,,,,,,
ACSSF,2012m1,co,000,0010,0000109,,,,,,,,,,,,,,,,,,,,,,,,,,,,,,,,,,,,,,,,,,,,,,,,,,,,,,,,,,,,,,,,,,,,,,,,,,,,,,,,,,,,,,,,,,,,,,,,,,,,,,,,,,,,,7665,2390,881,1008,697,651,582,2345,1669,751,724,3298,268,596,2583,2196,221,923,2068,359,835,876,859,284,397,1096,309,343,402,129,5711
ACSSF,2012m1,co,000,0010,0000110,,,,,,,,,,,,,,,,,,,,,,,,,,,,,,,,,,,,,,,,,,,,,,,,,,,,,,,,,,,,,,,,,,,,,,,,,,,,,,,,,,,,,,,,,,,,,,,,,,,,,,,,,,,,,3599,1240,396,244,238,120,520,827,1650,237,180,1340,465,143,1231,706,66,991,717,189,114,187,372,94,21,253,219,118,139,189,2376
ACSSF,2012m1,co,000,0010,0000111,,,,,,,,,,,,,,,,,,,,,,,,,,,,,,,,,,,,,,,,,,,,,,,,,,,,,,,,,,,,,,,,,,,,,,,,,,,,,,,,,,,,,,,,,,,,,,,,,,,,,,,,,,,,,5343,2510,83,206,205,504,264,1273,1125,391,334,1611,258,486,743,1427,80,495,418,189,422,327,681,105,950,437,47,181,328,186,4587
ACSSF,2012m1,co,000,0010,0000112,,,,,,,,,,,,,,,,,,,,,,,,,,,,,,,,,,,,,,,,,,,,,,,,,,,,,,,,,,,,,,,,,,,,,,,,,,,,,,,,,,,,,,,,,,,,,,,,,,,,,,,,,,,,,4344,1800,189,178,70,139,683,963,1308,427,158,2241,189,67,824,699,79,338,357,240,120,590,610,189,189,793,116,189,240,189,2715
ACSSF,2012m1,co,000,0010,0000113,,,,,,,,,,,,,,,,,,,,,,,,,,,,,,,,,,,,,,,,,,,,,,,,,,,,,,,,,,,,,,,,,,,,,,,,,,,,,,,,,,,,,,,,,,,,,,,,,,,,,,,,,,,,,3408,1186,189,78,112,86,178,798,183,310,97,907,56,104,983,609,143,288,323,189,289,246,239,123,183,214,189,189,134,189,3055
ACSSF,2012m1,co,000,0010,0000114,,,,,,,,,,,,,,,,,,,,,,,,,,,,,,,,,,,,,,,,,,,,,,,,,,,,,,,,,,,,,,,,,,,,,,,,,,,,,,,,,,,,,,,,,,,,,,,,,,,,,,,,,,,,,7348,4270,753,365,416,174,398,1182,1040,297,447,1944,251,61,1069,1047,66,906,552,189,928,664,494,275,304,582,164,133,334,123,6210
ACSSF,2012m1,co,000,0010,0000115,,,,,,,,,,,,,,,,,,,,,,,,,,,,,,,,,,,,,,,,,,,,,,,,,,,,,,,,,,,,,,,,,,,,,,,,,,,,,,,,,,,,,,,,,,,,,,,,,,,,,,,,,,,,,,,,,,,,,,,,,,,,,,,,,,,,,,,,,,,
