ACSSF,2012m1,co,000,0095,0000001,2040,2540,11252,189,11252,607,498,1362,1449,2357,2017,2378,2558,3075,2994,3591,4511,3769,4364,4292,4012,4247,4864,4745,5961,11454,5617,12721,5269,3646,3381,4204,4831,3118,4023,2782,3001,2737,3404,2881,2379,2814,1899,2022,2292,1703,1862,2210,2871,10028,189,10028,611,483,828,1606,2676,1728,2486,2507,2354,2496,4150,3897,4686,4036,3257,3357,4098,3321,3664,3213,10896,9149,10466,4550,4251,4784,5358,4923,3117,3300,3057,3161,3161,3395,3049,2413,2009,1730,2436,1933,1403,1887,1871,430,383,381,363,410,391,200
ACSSF,2012m1,co,000,0095,0000002,10077,6888,11132,189,11132,546,479,1301,1349,2168,1889,2144,2579,2933,2635,3433,4312,3641,4214,3896,3852,4242,4484,4433,5562,11527,5023,12114,4897,3759,3325,4083,4371,2733,3859,2561,2911,2444,3088,2773,2174,2609,1704,1819,2037,1649,1841,1963,5896,9359,189,9359,599,456,766,1624,2566,1671,2259,2256,2270,2367,3766,3735,4409,3687,2914,3217,3871,3095,3332,3010,9897,8485,10076,4752,4159,4267,5302,4470,2920,3061,2995,2887,2909,3243,2862,2229,1731,1674,2171,1766,1411,1681,1495,490,619,387,393,434,398,218
ACSSF,2012m1,co,000,0095,0000003,10077,6701,5393,189,5393,393,164,631,599,960,458,1066,682,828,1089,1075,1301,1241,1960,1314,1189,1661,1638,1993,2195,5880,2834,4947,2102,1060,1096,1145,1265,1027,1077,1147,1153,1271,1301,1058,923,972,805,1136,934,700,884,1313,5358,3669,189,3669,166,177,322,524,796,632,759,755,1073,593,1234,1486,1457,1210,1152,990,1301,994,1237,1242,5704,3156,4763,2010,1326,1866,1635,1650,1073,1102,1197,1094,885,1012,965,965,944,693,774,728,471,522,987,843,1251,1516,866,755,1795,463
ACSSF,2012m1,co,000,0095,0000004,2467,2734,11087,189,11087,494,487,1290,1385,2180,1965,2181,2569,2998,2777,3395,4411,3609,4116,4155,3847,4305,4778,4773,5953,11124,5278,12208,4920,3655,3152,4051,4556,2955,3752,2543,2970,2480,3164,2598,2148,2692,1819,1884,2175,1761,1948,2091,2617,9771,189,9771,581,494,796,1536,2734,1680,2434,2402,2254,2395,4085,3869,4460,3831,2899,3249,3813,3347,3502,3199,10383,8332,10068,4546,4173,4539,5004,4580,3015,3174,2892,2951,3150,3433,2931,2294,1856,1648,2391,1879,1418,1783,1782,278,399,382,365,443,409,264
ACSSF,2012m1,co,000,0095,0000005,1408,1680,10442,189,10442,427,464,1241,1313,2157,1891,2226,2564,2663,2754,3284,4289,3313,3822,3874,3708,4202,4425,4614,5840,10466,5248,11490,4402,3574,3199,3964,4490,2851,3639,2391,2742,2317,2975,2567,2174,2634,1683,1713,2112,1634,1984,1989,1930,9570,189,9570,580,439,742,1477,2641,1644,2117,2252,2151,2268,3839,3817,4243,3762,2873,3171,3645,3346,3498,3018,10043,8127,10095,4612,4301,4259,4878,4611,2892,3030,2879,2861,2951,3387,2980,2162,1751,1594,2302,1784,1397,1709,1724,245,409,421,341,461,419,240
ACSSF,2012m1,co,000,0095,0000006,5456,4196,7583,189,7583,175,396,961,973,1466,1493,1810,1984,2110,1937,3073,3166,2150,2802,2189,2561,3089,2654,2924,3820,7296,3813,7663,3103,2903,2493,2977,2738,2163,2517,1984,2080,1432,2143,2061,1366,1447,1266,1192,1420,1010,1301,1479,4760,6062,189,6062,279,310,580,1162,1721,1272,1692,1423,1864,1396,2663,2754,2992,2201,1907,2458,2650,2016,2252,2281,7352,4720,7803,3410,3229,2508,3494,2909,1895,2541,1873,1954,1609,2219,1895,1432,1449,994,1287,1075,1030,988,936,355,436,1529,521,503,636,291
ACSSF,2012m1,co,000,0095,0000007,5421,4613,7285,189,7285,390,246,817,902,1606,1218,1567,1349,2080,1714,2239,2928,2781,2955,2861,2863,2974,3158,3845,4254,7073,3620,7223,3136,2130,2152,2795,2800,1859,2248,1553,2261,1752,2292,1938,1830,1880,1200,1246,1517,1198,1420,1663,4801,7140,189,7140,479,298,473,900,1816,1075,1473,1575,1684,1753,2391,2626,2836,3068,2216,2070,2844,2564,2811,2517,7724,5534,7666,3295,2766,3245,3028,3763,2269,2209,2044,2332,2271,2480,2182,1824,1330,1509,1726,1283,1035,1229,1429,363,581,1089,652,514,1178,505
ACSSF,2012m1,co,000,0095,0000008,1898,1706,3584,189,3584,338,181,314,419,435,290,811,441,965,529,930,1211,1421,1238,998,1056,1099,893,1091,1278,3983,1200,3664,2054,673,1183,940,940,938,806,766,1392,778,1040,779,652,474,442,636,434,560,436,758,1661,2430,189,2430,68,205,260,379,579,343,921,423,510,718,819,944,1328,1128,698,1082,903,658,423,669,2512,1663,2362,1252,958,1339,1025,1049,695,1075,591,938,751,822,761,663,671,597,369,456,643,301,517,1018,1620,2370,2063,1022,1334,1254
ACSSF,2012m1,co,000,0095,0000009,4527,3312,2566,189,2566,189,189,128,129,208,279,648,316,711,250,371,713,612,633,418,471,592,572,414,679,2630,844,2522,1604,714,517,600,845,730,593,471,625,195,450,457,457,384,193,339,263,348,342,712,1918,1494,189,1494,189,189,225,371,483,281,428,301,257,284,515,644,687,583,298,503,304,196,91,471,1641,1013,1613,777,548,659,582,827,448,521,220,738,499,546,567,364,338,204,198,219,535,95,193,1804,4954,5182,2935,1950,3694,2345
ACSSF,2012m1,co,000,0095,0000010,5014,3755,3067,189,3067,338,181,278,379,401,99,653,359,629,448,881,994,1157,1161,942,906,883,787,1022,1004,3637,1145,3164,1461,514,1079,683,618,606,659,600,1153,734,875,612,561,359,368,612,348,420,345,618,2124,2252,189,2252,68,205,125,110,320,318,835,284,520,662,660,767,1053,984,621,880,855,623,392,478,2511,1422,2233,1124,802,1063,827,596,627,850,524,544,544,575,439,720,534,520,330,418,411,292,447,1689,1658,3434,2893,1457,2353,1538
ACSSF,2012m1,co,000,0095,0000011,1813,1778,3010,189,3010,381,117,568,409,736,467,899,654,884,898,1072,1026,1089,1283,961,780,1035,1074,1057,1037,2871,1636,2615,2381,956,1013,834,1232,936,793,587,1058,728,1007,939,655,791,638,654,585,456,509,661,1628,2228,189,2228,238,149,142,290,476,600,683,785,834,607,903,1111,1007,994,922,668,790,433,633,514,2747,2113,2549,1275,1099,1431,1645,1424,937,1045,933,830,700,685,677,750,606,568,313,584,355,403,545,872,1244,718,1313,954,2193,552
ACSSF,2012m1,co,000,0095,0000012,1316,1810,4709,189,4709,474,219,712,561,839,542,1251,774,1464,959,1527,1545,1603,1872,1311,1247,1429,1271,1343,1628,4982,2005,4523,3051,1186,1669,1279,1460,1385,1154,1062,1652,1079,1517,1261,905,943,716,869,716,666,621,1052,2001,2972,189,2972,243,238,295,468,674,685,1105,873,903,972,1146,1507,1629,1398,1130,1289,1220,778,746,843,3745,2825,3487,1778,1489,2124,1932,1784,1062,1492,1211,1297,1108,1046,917,1030,936,860,469,744,723,475,873,639,1340,747,1029,818,962,433
ACSSF,2012m1,co,000,0095,0000013,388,661,3223,189,3223,198,120,310,494,1141,495,560,833,1437,1225,1471,1495,1450,1944,1337,1223,1484,1312,1513,1173,3417,1411,3470,1315,1164,1009,1581,1094,977,1094,650,1118,896,941,1061,746,665,585,496,439,527,678,346,509,2937,189,2937,253,177,112,486,862,671,759,830,693,909,1063,1304,1257,1189,1327,938,1100,1040,817,595,3077,2098,3103,1341,1249,1222,1579,1323,1330,1092,741,958,813,1080,958,668,435,671,476,503,277,333,314,777,930,2781,1233,1078,1659,528
ACSSF,2012m1,co,000,0095,0000014,495,251,3353,189,3353,77,189,185,479,826,713,889,971,1157,938,1290,1471,1442,1065,1278,1234,1596,1462,1398,1905,3341,1539,3437,1528,1086,1189,1402,1449,759,1046,785,1385,762,1193,922,796,689,456,490,784,456,613,802,467,2868,189,2868,145,69,316,433,783,859,813,735,1041,827,1286,1249,1545,1258,1054,1283,1391,1166,1273,1179,2935,2598,3003,1422,1326,1543,1754,1553,979,1215,908,1444,797,1212,849,720,830,724,943,556,539,406,563,609,901,1004,1479,731,1617,1021
ACSSF,2012m1,co,000,0095,0000015,423,697,2137,189,2137,116,93,263,301,289,160,270,532,929,550,895,986,1019,815,926,753,877,1047,1249,1812,2216,1324,2309,1308,1216,926,1138,1145,687,765,607,1003,721,700,824,472,677,457,584,552,440,674,733,510,2127,189,2127,103,189,203,522,524,390,436,560,542,434,973,879,637,832,714,706,724,858,824,1079,2172,2202,2276,1787,923,1243,1337,951,837,723,681,794,519,1079,598,834,624,809,382,597,346,519,543,933,3615,5868,1915,1836,3136,1384
ACSSF,2012m1,co,000,0095,0000016,691,473,4567,189,4567,87,160,379,619,689,1083,1180,1072,1129,1159,2128,2094,1351,2019,1265,1859,2372,1416,1963,2396,4598,2155,4389,1696,1206,1685,1596,1666,1503,1489,921,1121,788,1600,1216,772,640,735,673,859,565,426,893,649,3053,189,3053,144,159,205,730,1160,633,747,855,1145,818,1509,1613,1330,1389,1362,1621,1592,1441,1538,1764,3256,2550,3007,1855,1352,1457,1688,1484,1104,1085,888,1105,1080,1007,1137,664,803,727,829,676,587,724,672,917,1295,1466,887,974,3469,863
ACSSF,2012m1,co,000,0095,0000017,307,547,2129,189,2129,189,189,324,113,280,189,432,262,726,342,636,917,818,907,880,977,1052,965,1671,2023,2186,1072,2159,856,589,1093,623,533,344,512,467,547,445,556,569,544,705,304,245,608,522,685,880,554,2560,189,2560,189,68,264,480,422,339,481,264,426,387,688,722,751,872,805,971,1000,909,1202,1217,2586,2082,2856,1284,959,952,862,1097,780,786,610,665,508,726,727,840,657,320,599,587,417,758,359,3309,2214,3447,2764,1688,2893,1930
ACSSF,2012m1,co,000,0095,0000018,306,416,3358,189,3358,171,333,636,377,1160,308,1111,1163,1138,978,1440,1595,1631,1511,1214,1423,1293,1754,2010,2231,3360,1941,3770,1654,1456,1281,1550,1516,1176,1565,1243,1020,752,970,1262,810,761,831,1007,668,627,672,939,458,3995,189,3995,160,236,435,355,833,704,1058,721,1340,928,1520,1399,1807,1108,1034,1282,1281,1110,1209,998,3897,2857,4176,1734,1838,1801,1961,1687,1272,1621,1181,923,1083,1129,1031,914,899,522,690,522,645,559,696,1059,1210,1713,936,787,1371,546
ACSSF,2012m1,co,000,0095,0000019,381,515,2934,189,2934,361,167,567,316,681,555,1022,498,951,737,1126,1384,1200,1110,1291,1223,1574,1237,1882,1890,2940,1872,3161,1685,908,1049,1028,1210,1018,983,712,985,662,986,1134,928,719,423,572,638,713,827,860,509,3485,189,3485,153,133,325,302,687,558,675,676,788,773,1059,1183,1202,1082,1173,975,1516,1115,1268,1413,3583,2293,3488,1607,1275,1357,1574,1611,1112,829,966,1334,1313,1067,922,802,763,747,600,593,617,528,449,1122,916,2794,1065,1579,1655,999
ACSSF,2012m1,co,000,0095,0000020,415,544,3028,189,3028,86,189,380,428,735,642,698,537,814,720,962,972,908,1016,918,900,1142,905,1395,1533,3047,1052,2905,1219,1226,1001,1020,1037,909,1154,969,891,738,744,807,542,555,487,350,738,499,811,486,340,2466,189,2466,61,189,151,189,603,320,512,495,644,718,825,1052,1208,904,582,600,942,751,767,901,2414,1743,2450,1267,1526,1261,959,1311,782,974,904,862,730,838,517,639,634,376,564,483,408,359,328,904,1459,3707,1024,964,2119,527
ACSSF,2012m1,co,000,0095,0000021,409,592,1932,189,1932,189,64,189,59,270,54,394,439,685,576,875,1191,814,604,787,468,1284,871,633,758,1984,1014,1836,838,661,686,718,653,477,785,609,509,587,689,822,493,819,441,312,293,249,282,477,452,1706,189,1706,165,90,188,186,653,177,632,527,308,321,722,602,501,942,603,454,387,642,366,603,1745,1495,1988,927,774,1151,995,1049,586,699,780,823,378,746,717,305,447,243,304,325,405,195,181,1211,1260,3103,3105,1215,3973,1360
ACSSF,2012m1,co,000,0095,0000022,224,386,1520,189,1520,189,63,289,192,313,260,457,514,678,542,655,519,697,774,599,670,812,542,581,496,1577,1111,1559,992,638,692,621,523,496,541,380,436,425,525,389,474,364,352,359,305,272,346,266,338,1491,189,1491,66,31,207,343,194,418,413,528,516,414,659,972,504,642,285,378,556,470,359,257,1551,1476,1836,845,877,860,1329,785,683,629,552,460,539,621,309,271,247,253,269,252,271,243,112,1190,3125,2213,1320,1215,2030,769
ACSSF,2012m1,co,000,0095,0000023,407,382,2043,189,2043,58,241,128,78,530,606,437,280,744,569,774,1077,914,911,974,940,912,957,1043,920,2129,1575,2151,995,1053,819,1000,555,678,637,816,877,332,598,556,453,503,379,411,388,584,273,206,526,2278,189,2278,241,157,117,262,727,467,719,392,555,434,734,871,1228,872,730,522,711,547,641,507,2444,1906,2155,1326,855,978,960,960,842,550,473,538,335,719,705,364,287,361,320,450,279,289,512,1036,2913,2564,1391,1347,1952,653
ACSSF,2012m1,co,000,0095,0000024,1850,1969,1777,189,1777,136,80,126,189,178,46,355,254,461,261,638,627,498,532,507,527,694,667,921,721,1755,873,1726,768,392,224,525,510,349,450,198,460,325,408,419,327,297,311,288,252,303,398,295,1693,1571,189,1571,117,189,189,191,221,94,356,391,344,331,605,387,738,575,297,468,640,433,410,614,1689,1083,1505,656,458,639,848,558,441,279,368,637,584,485,424,319,302,227,271,268,331,195,186,2450,3252,4340,2073,1950,5792,2473
ACSSF,2012m1,co,000,0095,0000025,3463,2849,3445,189,3445,189,189,235,458,764,592,645,766,996,982,1242,1274,946,997,1038,921,1071,1258,931,1183,3020,1597,2909,1169,907,900,1159,1047,645,851,558,934,498,932,742,571,498,399,375,639,245,313,362,2982,2389,189,2389,131,55,294,343,902,719,573,477,804,523,993,1045,1148,815,902,734,1383,691,884,691,3495,2206,3314,1201,964,1094,1307,1072,738,1135,597,1040,552,1033,660,564,741,532,375,279,335,260,214,722,1438,1376,1403,1504,1279,1053
ACSSF,2012m1,co,000,0095,0000026,1478,1811,1372,189,1372,47,189,175,242,203,76,125,189,637,74,173,432,822,412,379,506,412,578,575,938,1869,869,1849,956,737,830,561,998,486,475,291,441,312,401,653,158,276,253,168,285,300,315,432,1629,1437,189,1437,103,189,151,189,253,121,226,369,263,216,501,593,391,366,380,434,459,278,465,723,1788,1191,1797,1605,751,849,594,659,517,386,401,328,268,657,271,519,416,278,237,227,205,229,185,2183,5702,7562,1048,2901,4989,1815
ACSSF,2012m1,co,000,0095,0000027,1741,1650,1533,189,1533,189,189,73,64,128,189,211,184,194,186,334,397,583,480,298,732,455,611,730,988,1822,839,1679,643,249,495,674,442,247,454,346,367,384,412,392,345,352,237,295,346,328,361,467,1596,1377,189,1377,189,189,189,91,209,104,179,189,275,279,333,535,454,465,504,361,660,589,679,670,1605,953,1579,548,514,519,463,520,353,334,440,375,350,458,458,379,222,299,154,452,273,249,191,1997,3222,4750,2795,2851,4762,2271
ACSSF,2012m1,co,000,0095,0000028,3270,2451,3306,189,3306,125,311,535,349,813,267,1093,1052,894,759,1477,1328,1141,1127,966,1145,960,1106,1532,1830,3198,1685,3450,1356,1348,1001,1413,1212,1021,1380,1119,911,703,791,1031,668,670,581,826,583,431,642,779,2450,3168,189,3168,189,226,356,262,407,672,1046,581,958,824,1293,1308,1206,1037,909,995,1209,859,976,649,3401,2417,3429,1587,1720,1202,1689,1476,949,1489,899,760,785,887,877,778,640,499,513,446,497,468,377,710,1902,1523,892,916,1649,607
ACSSF,2012m1,co,000,0095,0000029,691,473,4567,189,4567,87,160,379,619,689,1083,1180,1072,1129,1159,2128,2094,1351,2019,1265,1859,2372,1416,1963,2396,4598,2155,4389,1696,1206,1685,1596,1666,1503,1489,921,1121,788,1600,1216,772,640,735,673,859,565,426,893,649,3053,189,3053,144,159,205,730,1160,633,747,855,1145,818,1509,1613,1330,1389,1362,1621,1592,1441,1538,1764,3256,2550,3007,1855,1352,1457,1688,1484,1104,1085,888,1105,1080,1007,1137,664,803,727,829,676,587,724,672,917,1295,1466,887,974,3469,863
ACSSF,2012m1,co,000,0095,0000030,2020,1514,1969,189,1969,75,189,209,173,688,531,581,201,493,353,451,870,647,750,643,446,753,535,917,851,2000,805,1890,946,1070,511,812,687,764,856,806,583,448,359,462,280,473,260,196,238,377,524,347,1725,1892,189,1892,189,189,151,189,388,133,478,383,556,491,568,591,490,593,324,449,733,474,391,493,1711,1270,1842,1002,1226,1012,712,963,634,752,488,547,390,428,413,271,294,251,298,259,302,242,224,934,3915,4419,1602,1487,3035,733
ACSSF,2012m1,co,000,0095,0000031,1926,1760,1400,189,1400,48,224,56,59,307,360,316,125,468,427,515,619,654,364,655,417,542,315,510,641,1927,1032,1571,558,939,457,801,426,400,406,646,469,176,392,264,282,309,295,206,170,145,125,145,1263,1389,189,1389,189,71,113,174,225,170,441,166,401,211,384,511,830,470,379,168,324,442,154,235,1699,1211,1744,851,714,735,654,636,496,434,286,370,127,318,470,292,162,229,261,234,227,149,172,1230,1954,6500,2432,2039,3308,1084
ACSSF,2012m1,co,000,0095,0000032,3595,2085,1523,189,1523,189,189,100,113,168,189,92,189,568,310,370,663,253,810,374,581,657,513,651,1182,1754,888,1586,604,238,391,186,256,135,204,180,378,281,373,295,221,452,211,179,258,218,543,419,2020,1375,189,1375,189,189,189,189,115,218,134,67,203,200,437,458,539,661,632,515,620,518,640,705,2079,1243,1785,759,607,563,415,544,337,360,264,354,207,414,594,468,510,217,252,223,111,293,277,3048,9737,6472,3918,4542,4294,3167
ACSSF,2012m1,co,000,0095,0000033,2309,2471,1910,189,1910,213,99,299,256,297,365,405,81,722,309,605,589,781,877,533,943,812,639,815,856,2664,1391,2374,1164,655,642,764,677,403,631,428,547,373,583,538,413,375,228,173,353,269,398,379,1933,1937,189,1937,189,133,138,204,550,205,432,492,378,351,579,826,633,522,692,739,886,656,563,682,1977,1072,2112,825,928,537,1027,890,698,539,677,589,508,514,570,287,411,420,305,338,207,369,190,1465,4509,3648,2146,2606,3418,1463
ACSSF,2012m1,co,000,0095,0000034,1800,1843,1766,189,1766,68,87,156,174,146,106,241,532,732,391,699,811,623,446,617,420,488,446,524,924,1744,1035,1625,691,800,348,887,431,592,542,341,234,300,421,349,319,377,190,400,255,204,219,253,1364,1388,189,1388,189,189,189,411,381,299,113,185,373,296,488,304,287,372,338,545,290,571,397,565,1477,1171,1522,631,328,702,724,642,498,531,357,525,157,441,254,359,157,223,73,393,184,350,211,2969,3569,5512,2237,1999,6435,2180
ACSSF,2012m1,co,000,0095,0000035,1915,1383,1588,189,1588,189,189,164,189,400,237,189,367,496,345,675,683,510,539,277,783,567,573,542,628,1604,503,1555,596,388,465,536,486,455,358,298,478,197,362,701,459,197,130,249,408,213,606,116,1431,1369,189,1369,61,189,189,189,403,255,97,218,263,299,485,505,948,386,455,311,349,246,391,488,1581,894,1461,584,763,460,457,522,344,540,516,333,400,521,283,222,454,222,92,329,129,105,194,3878,4281,4564,5124,2584,2228,2994
ACSSF,2012m1,co,000,0095,0000036,1165,1243,1393,189,1393,189,61,289,192,305,100,388,516,490,500,613,471,459,682,498,519,463,462,436,365,1509,894,1546,926,629,651,563,486,484,508,350,346,304,448,309,292,292,275,327,251,217,215,203,1061,1285,189,1285,36,31,216,343,169,373,274,370,435,405,605,920,375,485,225,340,440,330,174,141,1716,1259,1874,600,760,773,1164,617,561,575,426,374,480,453,284,239,227,222,203,240,237,212,92,1607,2015,3695,1771,1548,1494,828
ACSSF,2012m1,co,000,0095,0000037,2648,2226,1872,189,1872,189,120,65,180,606,311,253,303,708,224,574,1036,918,929,632,691,781,670,865,439,2199,1018,1913,684,471,197,803,403,537,569,415,566,429,507,524,289,343,178,404,269,137,422,258,2183,1880,189,1880,189,165,49,182,495,327,458,480,384,471,685,931,723,771,751,431,774,643,418,256,2514,1446,2005,695,678,482,958,627,821,561,459,564,585,588,517,352,283,184,274,305,112,234,191,1108,2433,6486,3309,2323,3830,1614
ACSSF,2012m1,co,000,0095,0000038,1695,1577,1745,189,1745,307,189,104,68,607,203,333,369,402,288,580,903,691,521,843,546,643,551,898,850,1578,635,1537,540,586,240,696,579,337,433,300,490,443,424,519,529,277,336,234,120,197,454,236,1687,1782,189,1782,189,65,125,189,365,108,400,456,345,192,498,638,590,546,415,439,621,521,625,692,1701,1088,1801,813,685,648,659,807,384,424,477,524,708,501,434,406,377,416,236,364,225,210,159,2500,2665,2550,3718,3441,3657,2261
ACSSF,2012m1,co,000,0095,0000039,1478,1811,1372,189,1372,47,189,175,242,203,76,125,189,637,74,173,432,822,412,379,506,412,578,575,938,1869,869,1849,956,737,830,561,998,486,475,291,441,312,401,653,158,276,253,168,285,300,315,432,1629,1437,189,1437,103,189,151,189,253,121,226,369,263,216,501,593,391,366,380,434,459,278,465,723,1788,1191,1797,1605,751,849,594,659,517,386,401,328,268,657,271,519,416,278,237,227,205,229,185,2183,5702,7562,1048,2901,4989,1815
ACSSF,2012m1,co,000,0095,0000040,3270,2451,3306,189,3306,125,311,535,349,813,267,1093,1052,894,759,1477,1328,1141,1127,966,1145,960,1106,1532,1830,3198,1685,3450,1356,1348,1001,1413,1212,1021,1380,1119,911,703,791,1031,668,670,581,826,583,431,642,779,2450,3168,189,3168,189,226,356,262,407,672,1046,581,958,824,1293,1308,1206,1037,909,995,1209,859,976,649,3401,2417,3429,1587,1720,1202,1689,1476,949,1489,899,760,785,887,877,778,640,499,513,446,497,468,377,710,1902,1523,892,916,1649,607
ACSSF,2012m1,co,000,0095,0000041,3463,2849,3445,189,3445,189,189,235,458,764,592,645,766,996,982,1242,1274,946,997,1038,921,1071,1258,931,1183,3020,1597,2909,1169,907,900,1159,1047,645,851,558,934,498,932,742,571,498,399,375,639,245,313,362,2982,2389,189,2389,131,55,294,343,902,719,573,477,804,523,993,1045,1148,815,902,734,1383,691,884,691,3495,2206,3314,1201,964,1094,1307,1072,738,1135,597,1040,552,1033,660,564,741,532,375,279,335,260,214,722,1438,1376,1403,1504,1279,1053
ACSSF,2012m1,co,000,0095,0000042,691,473,4567,189,4567,87,160,379,619,689,1083,1180,1072,1129,1159,2128,2094,1351,2019,1265,1859,2372,1416,1963,2396,4598,2155,4389,1696,1206,1685,1596,1666,1503,1489,921,1121,788,1600,1216,772,640,735,673,859,565,426,893,649,3053,189,3053,144,159,205,730,1160,633,747,855,1145,818,1509,1613,1330,1389,1362,1621,1592,1441,1538,1764,3256,2550,3007,1855,1352,1457,1688,1484,1104,1085,888,1105,1080,1007,1137,664,803,727,829,676,587,724,672,917,1295,1466,887,974,3469,863
ACSSF,2012m1,co,000,0095,0000043,2020,1514,1969,189,1969,75,189,209,173,688,531,581,201,493,353,451,870,647,750,643,446,753,535,917,851,2000,805,1890,946,1070,511,812,687,764,856,806,583,448,359,462,280,473,260,196,238,377,524,347,1725,1892,189,1892,189,189,151,189,388,133,478,383,556,491,568,591,490,593,324,449,733,474,391,493,1711,1270,1842,1002,1226,1012,712,963,634,752,488,547,390,428,413,271,294,251,298,259,302,242,224,934,3915,4419,1602,1487,3035,733
ACSSF,2012m1,co,000,0095,0000044,1915,1383,1588,189,1588,189,189,164,189,400,237,189,367,496,345,675,683,510,539,277,783,567,573,542,628,1604,503,1555,596,388,465,536,486,455,358,298,478,197,362,701,459,197,130,249,408,213,606,116,1431,1369,189,1369,61,189,189,189,403,255,97,218,263,299,485,505,948,386,455,311,349,246,391,488,1581,894,1461,584,763,460,457,522,344,540,516,333,400,521,283,222,454,222,92,329,129,105,194,3878,4281,4564,5124,2584,2228,2994
ACSSF,2012m1,co,000,0095,0000045,1926,1760,1400,189,1400,48,224,56,59,307,360,316,125,468,427,515,619,654,364,655,417,542,315,510,641,1927,1032,1571,558,939,457,801,426,400,406,646,469,176,392,264,282,309,295,206,170,145,125,145,1263,1389,189,1389,189,71,113,174,225,170,441,166,401,211,384,511,830,470,379,168,324,442,154,235,1699,1211,1744,851,714,735,654,636,496,434,286,370,127,318,470,292,162,229,261,234,227,149,172,1230,1954,6500,2432,2039,3308,1084
ACSSF,2012m1,co,000,0095,0000046,1165,1243,1393,189,1393,189,61,289,192,305,100,388,516,490,500,613,471,459,682,498,519,463,462,436,365,1509,894,1546,926,629,651,563,486,484,508,350,346,304,448,309,292,292,275,327,251,217,215,203,1061,1285,189,1285,36,31,216,343,169,373,274,370,435,405,605,920,375,485,225,340,440,330,174,141,1716,1259,1874,600,760,773,1164,617,561,575,426,374,480,453,284,239,227,222,203,240,237,212,92,1607,2015,3695,1771,1548,1494,828
ACSSF,2012m1,co,000,0095,0000047,4282,2829,5293,189,5293,102,160,569,644,678,1177,1234,1173,1222,1168,2223,2066,1407,2092,1373,1909,2580,1553,2198,2614,5115,2382,4874,1745,1332,1754,1639,1896,1553,1530,966,1113,843,1641,1238,933,779,757,706,896,587,469,859,2669,3508,189,3508,171,159,337,747,1184,845,861,874,1162,942,1663,1767,1429,1778,1448,1662,1641,1542,1547,1902,3750,2975,3402,1959,1534,1626,1881,1512,1178,1191,908,1276,1370,1288,1245,786,840,766,829,707,611,712,741,721,1657,1029,793,884,2847,804
ACSSF,2012m1,co,000,0095,0000048,5093,3670,5091,189,5091,129,189,547,507,903,730,1003,676,1256,968,1276,1558,1647,1647,1353,1325,1715,1395,1888,2663,4958,1698,4715,1832,1701,1495,1400,1606,1093,1253,1093,1641,1003,1095,1286,774,1099,787,901,1118,691,1244,1199,3245,4075,189,4075,124,137,356,642,754,424,755,774,954,899,1241,1655,1579,1465,1168,1084,1508,1160,1423,1559,4016,2845,4256,2506,1871,1883,1599,1777,1197,1279,1172,1218,1052,1408,855,1172,1128,1009,959,738,837,641,692,564,1625,1695,1093,1133,1976,497
ACSSF,2012m1,co,000,0095,0000049,3208,2494,4311,189,4311,188,124,612,588,587,541,1071,885,1313,1183,1791,1655,1481,1577,1413,1458,1784,1519,1378,1617,4385,2155,4595,2370,1427,1765,1212,1532,1271,1456,1094,1380,1231,1441,1426,1097,1041,869,809,727,646,691,1103,2136,3599,189,3599,211,175,368,440,868,683,1414,1005,1015,834,1312,1616,1328,1358,1197,1155,1088,960,825,999,3949,3042,4084,1817,1573,2113,1975,1837,1310,1661,1291,1283,1036,1162,922,964,887,814,610,682,670,487,813,694,671,1644,1192,747,1138,400
ACSSF,2012m1,co,000,0095,0000050,4954,3236,3992,189,3992,355,271,394,350,778,674,716,848,1457,973,1310,1810,1571,1321,1480,1463,1428,1336,2084,2333,4367,2833,4305,2338,1501,1492,1625,1028,1226,1191,1258,1159,687,872,935,887,970,621,708,830,780,648,969,3245,3765,189,3765,317,222,282,686,967,639,961,540,910,832,1175,1292,1528,1437,1005,1062,1219,1224,1270,1273,3761,3433,3564,1912,1592,1694,1690,1450,1318,1000,1005,872,812,1005,1099,855,769,532,637,862,562,954,630,1008,904,1571,1017,759,1080,452
ACSSF,2012m1,co,000,0095,0000051,1565,1498,3453,189,3453,378,382,694,379,1337,308,1157,1137,1370,1005,1444,1562,1626,1647,1289,1493,1381,1890,2160,2322,3714,2144,4021,2473,1517,1373,1569,1665,1207,1587,1316,1102,809,1179,1505,915,832,900,1014,761,758,747,1091,1539,3902,189,3902,170,236,441,399,841,754,1057,738,1388,959,1657,1410,1977,1236,1079,1313,1403,1139,1277,1134,3953,2930,4524,1898,1995,1726,2055,1903,1444,1616,1206,1074,1128,1254,1136,991,910,559,705,599,679,582,757,637,1501,1936,804,746,1261,504
ACSSF,2012m1,co,000,0095,0000052,5453,3267,4074,189,4074,189,189,221,757,937,600,791,980,1382,1136,1490,1705,1479,1467,1329,1445,1800,1524,1652,2164,4190,1915,4319,1591,1147,1411,1735,1557,902,1116,833,1459,993,1317,961,867,883,512,590,907,526,688,882,3821,3141,189,3141,131,104,309,403,1034,765,842,886,1029,869,1123,1337,1815,1436,1374,1540,1726,1445,1332,1282,4364,3081,4361,1546,1585,1928,1860,1670,1083,1388,998,1506,843,1318,1160,846,1050,714,1040,588,558,481,630,794,1549,2982,1388,827,1099,1021
ACSSF,2012m1,co,000,0095,0000053,5405,3629,4585,189,4585,357,205,391,357,1019,774,1248,759,1399,1228,1525,1844,1951,2372,1577,1344,1925,1563,2269,1559,5031,2412,4707,1989,1448,1284,1497,1375,1369,1416,859,1304,934,1236,1327,1011,763,669,640,584,805,875,744,3538,3834,189,3834,289,159,221,474,1042,745,929,949,871,973,1308,1505,1665,1405,1419,1136,1683,1386,1221,1411,4409,2793,4166,2111,1828,1456,1982,1892,1611,1301,1116,1472,1327,1438,1104,866,692,861,549,774,548,498,405,534,1161,2142,1101,996,789,710
ACSSF,2012m1,co,000,0095,0000054,1792,1361,1489,189,1489,39,91,81,83,148,84,300,377,559,421,540,555,639,511,456,396,373,399,636,519,1899,874,2054,1686,634,537,386,400,564,630,394,487,389,329,267,242,426,233,313,198,124,171,207,1049,932,189,932,44,117,19,198,403,148,382,320,369,337,339,487,513,547,233,285,364,123,169,154,1332,1088,1308,524,545,775,586,480,541,389,318,344,430,370,266,151,296,129,217,194,56,119,134,1058,2192,2476,2478,1446,1925,1216
ACSSF,2012m1,co,000,0095,0000055,3810,2270,2242,189,2242,43,189,353,386,410,473,122,463,604,473,766,716,577,629,373,815,858,811,854,1127,2182,711,2038,649,371,683,575,623,500,666,543,593,597,622,721,471,260,213,251,651,300,668,322,2180,1767,189,1767,61,189,189,189,409,255,307,229,320,466,530,670,1084,631,512,348,474,497,577,576,2200,1189,1761,844,876,534,526,843,536,799,724,531,525,676,340,533,520,276,402,392,289,217,208,3195,3824,5336,2839,1938,2278,1744
ACSSF,2012m1,co,000,0095,0000056,3729,2194,2365,189,2365,75,189,209,173,688,490,689,293,478,529,585,882,679,786,775,567,748,487,1009,1135,2378,974,2376,1091,1134,623,833,890,777,900,878,637,501,472,463,317,522,424,241,322,448,530,405,2176,2007,189,2007,189,189,151,189,516,171,457,407,637,560,717,867,501,529,364,498,698,581,487,590,2284,1657,2260,1069,1300,1143,789,1032,675,750,507,653,485,541,449,450,374,251,332,298,328,251,241,919,3204,3291,1323,1693,3444,618
ACSSF,2012m1,co,000,0095,0000057,1975,1592,1829,189,1829,136,52,514,197,182,160,512,97,443,246,443,464,555,770,570,484,652,632,686,622,1963,1025,1696,1134,476,529,306,698,272,553,252,676,355,635,343,399,424,433,300,274,222,274,504,1140,1379,189,1379,189,189,147,29,190,208,365,540,431,167,464,543,486,460,724,386,571,222,215,417,1401,1054,1395,909,592,629,620,772,300,540,387,408,341,322,275,365,447,191,129,306,139,170,154,2714,3908,3479,4315,2247,3205,745
ACSSF,2012m1,co,000,0095,0000058,3528,2332,1960,189,1960,48,224,82,70,497,575,442,216,669,522,665,928,869,778,829,877,770,720,934,738,2262,1139,2025,918,1014,847,922,487,615,521,759,562,292,529,360,373,499,309,371,241,539,173,183,1842,2128,189,2128,241,157,113,241,396,438,456,398,440,405,545,677,1122,829,554,419,642,464,536,357,2609,1679,2261,1230,804,866,868,961,687,522,368,410,213,626,564,290,208,311,269,305,264,179,502,1096,1140,2468,1764,2642,2602,801
ACSSF,2012m1,co,000,0095,0000059,2241,1614,2460,189,2460,189,189,299,262,23,96,817,348,839,580,881,927,1114,1132,672,894,805,577,796,1048,2251,643,2122,596,495,1013,411,494,906,406,233,1055,273,648,574,397,597,271,666,335,295,312,756,1311,1718,189,1718,189,159,246,346,242,158,418,270,448,663,560,796,843,893,629,1018,726,566,479,485,2042,1271,1846,791,546,790,836,511,555,726,526,527,417,489,588,493,423,693,317,438,602,257,573,2609,2334,1660,2247,2122,3334,4277
ACSSF,2012m1,co,000,0095,0000060,2552,1860,1995,189,1995,338,181,234,235,484,189,214,295,434,246,450,484,783,513,585,311,467,602,779,356,2692,1185,2127,1625,493,502,771,594,427,370,501,391,493,606,627,470,424,348,582,362,421,343,397,1638,1387,189,1387,59,189,141,166,347,301,225,373,217,127,578,516,608,362,222,245,404,319,353,168,1584,1157,1687,814,498,657,726,729,549,472,301,729,247,480,402,356,260,201,278,197,205,152,259,1908,3656,3913,2833,2621,2820,1059
ACSSF,2012m1,co,000,0095,0000061,1392,793,1554,189,1554,189,63,289,192,305,260,457,514,634,515,635,509,639,768,578,653,796,531,575,475,1646,1138,1508,924,638,674,620,503,489,541,380,393,342,525,341,382,358,352,359,289,256,289,262,954,1473,189,1473,36,31,207,343,194,383,433,444,492,414,659,972,504,625,285,378,549,478,281,250,1549,1470,1821,649,810,839,1244,785,677,613,550,469,539,621,300,268,247,253,242,252,261,243,112,1236,3082,2866,1308,1275,2099,733
ACSSF,2012m1,co,000,0095,0000062,2831,1822,1597,189,1597,338,65,162,270,620,191,399,304,403,492,601,556,448,530,312,383,305,440,453,398,1682,876,1371,719,488,591,612,715,385,393,288,307,265,376,297,253,369,230,148,305,166,185,205,1558,1372,189,1372,210,145,69,140,272,263,255,284,508,393,470,306,307,528,217,238,217,254,183,221,1533,1027,1591,630,695,699,870,803,507,368,529,307,457,284,277,212,166,234,103,185,122,144,135,1396,2172,3414,884,2072,2609,1133
ACSSF,2012m1,co,000,0095,0000063,3651,2474,2090,189,2090,189,189,220,124,466,420,710,210,379,439,374,468,430,476,441,476,495,478,711,1372,1969,730,2028,826,486,520,287,542,516,357,544,479,378,598,601,461,585,241,218,351,290,478,606,2265,1724,189,1724,189,189,38,138,222,350,103,220,320,366,272,635,326,630,496,401,640,473,671,864,2266,1112,1927,829,569,596,551,683,487,413,270,526,411,525,434,427,579,370,401,188,209,300,503,3005,5560,7530,4535,2904,4412,2511
ACSSF,2012m1,co,000,0095,0000064,3921,2577,2397,189,2397,68,131,188,177,190,123,290,533,773,421,694,974,816,566,748,616,563,736,848,1333,2238,1279,2290,866,835,459,921,534,681,624,465,835,329,494,444,412,428,315,407,447,243,334,353,2228,1659,189,1659,189,189,137,430,444,304,314,198,419,339,559,596,656,523,626,577,428,663,520,743,2134,1431,1948,723,473,883,889,741,632,567,436,658,472,592,517,548,222,293,242,527,202,403,238,1947,2839,6665,2828,2316,4254,1789
ACSSF,2012m1,co,000,0095,0000065,2880,2225,1634,189,1634,47,189,175,242,203,76,125,189,635,168,283,635,819,523,585,478,589,606,656,1024,1930,888,1910,941,751,830,585,966,478,475,299,463,319,429,704,225,317,238,164,259,305,420,519,1913,1627,189,1627,103,189,151,250,253,121,233,444,263,223,778,658,402,341,394,447,461,501,561,792,1953,1360,1873,1660,754,899,808,647,553,401,414,375,281,794,387,532,392,361,311,301,246,223,223,1524,4170,8010,1027,2736,5731,1522
ACSSF,2012m1,co,000,0095,0000066,3439,2183,2041,189,2041,273,189,223,141,341,133,149,407,294,425,607,1086,468,638,477,672,935,502,1007,1177,1832,791,1617,606,534,510,472,599,359,332,392,856,495,438,590,231,419,414,414,316,189,516,448,2072,2081,189,2081,189,70,130,410,414,210,512,227,371,181,492,773,695,510,506,529,682,648,608,720,2007,1331,1859,840,685,600,776,628,529,398,617,340,317,443,647,296,421,784,233,368,263,283,189,2881,2848,7353,2246,1481,2914,2064
ACSSF,2012m1,co,000,0095,0000067,4201,2371,2255,189,2255,173,189,145,189,709,195,422,205,563,781,671,668,641,719,873,557,853,754,980,845,2044,765,1905,525,828,375,682,571,347,549,405,586,318,428,399,517,309,295,319,239,267,409,244,2783,1745,189,1745,189,65,55,249,511,55,361,565,337,297,652,484,668,612,663,508,530,446,606,642,2411,1401,1974,863,742,718,843,653,561,480,403,398,534,516,420,340,343,602,201,416,236,193,174,2283,3615,4050,2735,2155,3547,1350
ACSSF,2012m1,co,000,0095,0000068,4875,3061,2381,189,2381,189,120,65,189,628,444,259,556,765,507,677,1100,1042,1229,632,721,771,633,844,446,2424,1030,2258,742,647,277,682,463,613,758,455,696,477,562,511,377,385,280,392,211,179,423,221,2929,2047,189,2047,189,141,79,180,553,399,477,459,457,507,752,1006,649,779,704,469,835,682,366,298,2822,1590,2217,695,645,481,1128,621,883,655,487,611,589,620,588,391,300,311,264,281,112,221,205,1910,2119,1166,2636,2307,3772,1449
ACSSF,2012m1,co,000,0095,0000069,4578,3120,2206,189,2206,48,189,158,285,382,138,308,398,849,747,880,845,727,950,680,700,933,812,749,455,3266,961,2811,897,555,645,1321,739,593,397,388,604,525,641,828,457,453,473,233,301,400,350,205,3066,2060,189,2060,253,86,189,231,471,411,567,517,277,618,589,672,919,695,803,553,479,598,393,251,2869,1439,2686,992,846,924,825,914,664,716,506,528,144,497,618,426,181,186,172,222,177,181,176,1695,1792,3514,3651,2133,2029,945
ACSSF,2012m1,co,000,0095,0000070,3737,2253,1914,189,1914,189,189,78,51,212,189,166,198,344,369,360,627,670,582,401,617,754,471,654,1100,1598,812,1480,545,524,314,696,597,252,373,333,282,202,287,341,209,246,191,358,289,205,210,233,2211,1365,189,1365,112,55,290,137,209,206,140,181,348,172,411,421,531,516,358,751,559,484,431,579,1906,1069,1453,471,310,549,687,531,288,308,390,585,237,409,380,418,227,145,193,342,171,185,180,3142,3463,3665,3586,3421,3681,3147
ACSSF,2012m1,co,000,0095,0000071,4334,2871,2141,189,2141,189,189,182,189,327,105,377,613,594,601,734,702,627,684,961,630,638,584,587,497,2107,1129,1813,719,465,634,736,583,312,600,316,627,347,755,521,450,299,119,213,444,207,194,208,2810,1653,189,1653,189,189,189,176,252,189,407,332,485,303,585,730,903,541,642,404,672,447,574,239,2649,1709,2302,754,533,680,939,669,531,621,409,523,281,700,480,272,458,540,167,202,182,53,125,2013,2177,3168,2762,2510,3210,2133
ACSSF,2012m1,co,000,0095,0000072,4556,2905,2423,189,2423,189,189,118,462,645,570,515,416,651,688,817,906,368,643,385,469,408,562,356,483,1949,993,1829,666,615,536,690,650,509,407,312,758,335,567,399,366,197,281,196,174,106,169,243,2398,1486,189,1486,189,189,52,279,658,430,392,215,416,428,606,705,579,538,483,312,478,216,481,331,2084,1237,1884,782,621,615,757,779,558,699,391,678,366,579,304,232,198,149,51,172,233,155,93,1028,1920,1387,1909,2240,2831,1006
ACSSF,2012m1,co,000,0095,0000073,3771,2463,1735,189,1735,189,189,95,189,154,65,206,243,286,186,282,362,592,403,331,494,541,767,708,1060,1891,814,1772,693,332,632,387,361,283,490,262,770,482,409,354,476,308,244,298,509,328,353,563,2364,1762,189,1762,189,189,189,91,196,180,184,351,303,310,339,510,480,813,415,706,517,567,847,806,2334,1358,2039,599,610,739,604,493,364,342,371,541,374,674,429,357,242,297,195,276,284,261,377,2110,6359,6990,2863,3246,7491,2258
ACSSF,2012m1,co,000,0095,0000074,7465,4650,3187,189,3187,189,141,233,83,241,420,895,473,753,236,675,1067,925,580,792,721,1857,965,848,1085,3680,1781,2993,827,660,870,855,716,792,539,470,457,279,740,527,335,182,576,417,431,299,101,160,3781,3046,189,3046,189,140,47,344,595,246,372,318,350,242,1154,868,901,528,751,764,972,509,908,964,2817,1673,2286,1246,594,680,991,682,647,522,389,547,608,337,472,275,247,240,355,376,294,316,135,2032,3512,5440,1909,2056,6167,1263
ACSSF,2012m1,co,000,0095,0000075,6016,3654,2616,189,2616,189,189,57,395,205,726,509,453,373,217,650,335,613,702,478,1010,433,613,869,1161,2571,859,2490,758,508,797,1028,838,652,589,305,582,354,619,526,281,206,246,94,405,121,243,348,3455,2026,189,2026,120,189,173,468,162,198,345,281,640,325,382,608,466,730,672,869,749,1002,492,456,2521,1058,2135,834,548,661,814,537,639,541,421,350,336,339,351,183,275,317,266,510,142,218,215,2967,3337,2125,1173,3705,4076,1746
ACSSF,2012m1,co,000,0095,0000076,4704,3081,2523,189,2523,189,189,141,132,355,64,264,222,490,402,975,881,814,1073,680,899,605,568,973,1061,1987,562,1989,694,573,340,414,699,532,426,371,325,428,460,628,448,422,253,239,587,399,292,546,3111,1964,189,1964,76,70,189,158,449,280,267,111,705,259,683,843,587,602,522,552,847,657,742,839,2462,1321,2292,898,594,602,689,568,265,452,346,447,563,534,614,375,491,437,445,248,408,367,605,2839,2374,6495,2824,3120,5569,2963
ACSSF,2012m1,co,000,0095,0000077,5995,3875,2923,189,2923,87,73,249,588,542,510,246,560,520,259,1173,1187,614,888,763,761,1158,619,949,1038,2647,1060,2530,776,771,841,680,824,679,728,606,621,158,1053,554,408,438,228,176,316,155,221,535,3393,2019,189,2019,189,189,103,189,628,280,541,424,474,747,762,633,669,618,665,694,860,623,621,629,3125,1809,2667,788,969,901,716,995,672,550,544,717,357,581,801,536,562,392,864,492,268,388,285,1469,2954,3242,2269,2509,2869,2369
ACSSF,2012m1,co,000,0095,0000078,5943,3719,2675,189,2675,189,189,113,225,479,662,551,830,709,963,981,842,603,781,529,648,910,439,429,531,2667,1475,2080,842,408,445,1028,640,727,706,439,398,329,545,384,146,289,174,385,158,177,112,156,2897,1974,189,1974,189,189,53,382,532,418,222,483,509,485,318,815,435,571,590,502,427,227,407,389,2329,1454,2147,629,777,580,913,892,475,359,352,544,249,443,315,186,474,139,224,161,62,115,110,1559,2123,5091,1116,1974,3697,810
ACSSF,2012m1,co,000,0095,0000079,3013,2362,2100,189,2100,136,80,61,189,178,46,357,287,455,363,816,643,530,546,642,561,731,668,877,796,1790,871,1718,783,360,230,489,740,367,464,211,423,361,408,429,320,286,331,282,252,303,383,314,2074,1603,189,1603,133,189,189,237,273,147,349,391,363,391,621,437,750,583,379,473,662,346,388,682,1900,946,1759,696,506,670,880,858,413,305,301,854,753,429,471,342,311,351,280,181,356,232,186,1410,3186,2876,2750,1887,4347,2369
ACSSF,2012m1,co,000,0095,0000080,3740,2674,1878,189,1878,189,111,86,101,349,312,246,266,644,283,469,668,749,591,646,609,673,634,540,657,2346,1146,2017,1103,622,682,639,569,535,677,428,563,272,576,581,293,281,175,272,310,386,281,329,2688,2186,189,2186,189,120,121,79,518,290,409,305,439,348,475,653,486,580,681,689,639,568,512,538,2230,1431,2036,920,424,617,809,910,501,517,439,497,706,697,456,330,279,265,201,248,258,298,146,1853,3471,4360,1973,2038,2062,1801
ACSSF,2012m1,co,000,0095,0000081,3864,2550,2037,189,2037,213,99,290,256,271,224,402,71,787,297,465,457,618,854,540,691,749,524,1008,869,1891,1199,1567,664,397,376,486,619,420,409,283,449,287,632,464,337,414,223,209,359,292,402,348,2364,1930,189,1930,189,57,65,212,274,260,331,505,422,351,548,759,586,664,531,432,884,662,563,717,2217,1124,2105,584,937,624,1011,650,587,501,540,521,592,465,509,388,406,421,305,370,248,261,144,1389,1213,3515,2387,1841,3083,2026
ACSSF,2012m1,co,000,0095,0000082,2921,2028,1836,189,1836,54,189,189,139,200,105,692,422,392,223,405,516,706,465,555,605,734,395,519,792,1791,809,1718,565,317,614,649,654,421,326,370,469,377,383,278,278,315,174,175,275,257,325,376,2231,1297,189,1297,94,189,271,134,137,535,333,190,280,371,657,609,703,474,370,449,333,459,558,458,2067,1481,1744,779,556,558,687,443,551,348,432,545,437,374,326,153,196,304,285,236,120,177,249,2221,2596,3294,2601,2376,4722,1662
ACSSF,2012m1,co,000,0095,0000083,4210,2357,2077,189,2077,189,189,459,113,136,189,92,154,637,262,453,654,335,820,437,664,761,590,1064,1221,1653,985,1572,706,266,376,205,373,138,350,242,492,231,404,307,549,441,208,197,367,256,501,382,2656,1950,189,1950,189,189,74,189,195,218,59,117,317,379,359,652,541,543,702,489,732,559,905,660,2271,1219,2164,833,696,716,722,627,541,370,370,410,363,572,407,534,421,232,457,520,242,259,232,4184,4505,3852,4329,3100,4779,2925
ACSSF,2012m1,co,000,0095,0000084,3336,1888,1751,189,1751,189,189,297,189,303,189,244,211,152,210,293,471,542,418,507,334,686,502,909,1384,1744,790,1586,563,459,571,451,408,133,460,292,347,283,323,431,346,316,148,166,267,225,239,817,1970,1585,189,1585,189,189,138,189,355,245,339,232,175,147,422,265,425,484,275,597,468,495,643,796,2173,1242,2017,756,461,720,332,490,554,522,292,331,416,407,626,554,449,240,155,301,220,645,216,4096,4147,10968,4504,3703,9092,1993
ACSSF,2012m1,co,000,0095,0000085,3208,1768,1864,189,1864,189,189,77,189,147,192,379,189,301,189,371,575,459,359,573,715,425,700,861,1377,1810,739,1794,623,424,935,415,232,294,207,419,270,304,348,363,355,459,262,224,519,402,394,442,2050,1209,189,1209,189,68,233,480,217,77,369,63,298,231,444,382,463,650,222,535,582,634,742,678,2122,1533,1735,855,676,542,574,673,394,583,408,434,338,396,586,355,429,265,378,187,290,346,221,3998,7663,6388,6923,2593,6672,3007
ACSSF,2012m1,co,000,0095,0000086,4683,2728,1829,189,1829,63,189,45,189,396,155,98,200,372,475,603,397,452,523,507,459,768,935,560,958,2108,1403,1456,414,283,298,576,460,375,594,559,416,237,403,401,187,480,295,177,205,122,230,203,2615,1952,189,1952,67,44,60,340,590,515,582,267,399,215,501,542,571,575,497,549,963,519,428,461,2325,1242,1904,557,592,472,506,586,501,353,540,358,212,316,199,269,491,172,336,112,215,176,267,2832,2487,5263,2331,3475,3845,1301
ACSSF,2012m1,co,000,0095,0000087,1878,1251,1660,189,1660,162,189,64,178,86,268,349,303,427,479,429,588,372,862,475,466,841,717,498,548,1659,754,1574,974,664,505,521,524,442,504,314,487,670,509,566,487,199,356,268,341,308,325,439,1248,1396,189,1396,189,17,51,91,249,413,534,291,505,197,422,367,614,616,300,352,512,240,371,433,1605,846,1525,671,550,764,713,773,496,615,399,571,430,446,384,496,462,241,238,336,289,200,234,1376,1194,2661,3459,1097,3000,2032
ACSSF,2012m1,co,000,0095,0000088,2176,1291,1906,189,1906,189,64,189,39,270,189,377,355,678,576,877,1149,744,491,665,448,1240,725,683,633,1976,1142,1803,839,663,648,612,653,432,782,472,506,456,607,762,490,796,356,313,227,245,278,466,1174,1678,189,1678,165,90,188,182,629,177,632,523,261,299,668,598,490,912,582,439,371,631,181,482,1930,1330,1985,827,738,1106,925,1023,589,711,772,768,317,634,622,289,389,202,271,325,400,191,181,1636,1039,3625,3480,1279,4443,1183
ACSSF,2012m1,co,000,0095,0000089,2343,1430,1478,189,1478,189,189,217,234,240,360,409,396,348,228,447,560,417,520,711,283,562,473,561,713,1734,642,1626,700,290,458,545,635,422,523,564,585,572,590,369,352,279,374,299,297,248,194,299,1388,1202,189,1202,112,189,189,123,305,285,596,243,252,305,667,403,283,593,318,345,264,313,337,396,1663,1068,1671,820,559,716,572,687,362,531,554,325,549,518,392,417,231,271,197,127,266,128,193,1503,2550,3333,2046,1545,5156,898
ACSSF,2012m1,co,000,0095,0000090,3884,2461,2247,189,2247,103,115,140,53,828,72,233,352,826,558,696,788,757,952,569,729,604,784,994,889,1915,995,1718,578,509,505,321,672,372,458,269,594,282,629,676,360,319,509,243,351,186,230,431,2062,1934,189,1934,119,63,64,250,471,197,238,253,638,267,602,548,967,299,637,659,599,635,499,516,2195,1717,1732,597,430,592,630,770,492,471,328,253,403,396,355,369,537,333,213,330,109,161,530,2667,2273,1754,3210,2965,2840,1630
ACSSF,2012m1,co,000,0095,0000091,5498,3030,2196,189,2196,189,98,148,137,382,81,437,808,484,515,740,570,780,640,736,798,525,491,680,944,2435,1268,2027,855,583,291,640,750,544,566,577,469,374,391,740,425,270,147,593,297,230,309,492,3280,1901,189,1901,189,170,100,122,331,284,398,411,556,381,846,453,674,436,494,499,700,448,648,414,2955,1250,2787,1013,957,613,1040,872,716,785,428,455,728,520,402,392,290,176,160,214,570,235,265,1551,3244,2913,2117,2178,3637,1248
ACSSF,2012m1,co,000,0095,0000092,4925,3260,2394,189,2394,189,98,263,298,441,179,465,581,599,245,579,772,737,729,517,630,464,639,589,528,2072,1079,1876,763,678,372,688,560,359,655,598,348,371,324,385,198,253,324,366,249,238,390,267,2841,1995,189,1995,189,189,259,212,204,352,584,244,509,439,824,533,586,653,418,641,446,532,226,101,2387,1044,2065,677,674,789,970,909,432,639,526,486,286,385,365,352,441,240,193,105,163,236,92,1890,5663,1923,2128,2961,5043,1014
ACSSF,2012m1,co,000,0095,0000093,4945,2877,1923,189,1923,121,189,189,189,175,86,415,364,298,276,610,567,625,606,657,622,427,813,743,1080,2293,799,1956,503,403,460,505,648,463,508,611,279,439,361,428,518,501,501,211,263,249,220,221,2784,1459,189,1459,189,147,80,88,64,153,530,320,348,267,391,831,701,529,390,400,621,325,542,320,2463,1319,2086,790,934,538,728,814,574,680,320,372,294,495,533,264,330,361,402,245,209,72,269,1088,2261,3639,3596,3219,3185,991
ACSSF,2012m1,co,000,0095,0000094,5487,3536,2459,189,2459,30,277,514,177,521,159,708,300,300,456,1079,693,623,519,414,609,663,688,944,478,2471,1277,1957,586,776,793,625,553,779,650,477,595,337,439,479,224,327,231,367,404,202,136,315,2981,1691,189,1691,189,30,198,58,144,522,550,411,606,446,807,501,472,437,264,445,324,211,283,55,2772,1690,2287,673,844,1158,643,556,549,676,513,513,427,353,481,444,189,159,173,143,189,70,189,1506,2448,4418,1889,1958,2947,1871
ACSSF,2012m1,co,000,0095,0000095,6015,3251,1768,189,1768,189,189,162,71,363,135,89,615,301,429,501,320,390,282,386,421,653,681,940,1371,2322,927,1914,506,604,476,673,500,271,522,424,374,134,340,634,402,225,172,532,225,265,331,564,3395,1854,189,1854,106,189,190,189,458,224,196,249,399,245,321,471,559,443,322,385,582,606,676,738,2574,1475,1938,858,596,729,821,590,356,434,755,559,380,754,532,418,338,236,410,267,175,370,388,4264,4784,6964,6157,2886,5077,3413
ACSSF,2012m1,co,000,0095,0000096,4994,2971,2038,189,2038,189,63,189,71,681,189,89,714,232,435,293,451,255,240,423,406,541,575,757,1146,2216,1074,1797,467,758,548,461,490,263,507,350,271,257,369,512,413,207,229,454,251,294,416,542,2755,1678,189,1678,189,183,141,189,415,313,217,307,557,223,385,524,531,412,307,382,616,485,557,588,2157,1134,1613,826,610,643,612,564,305,362,463,604,515,578,567,323,281,238,219,262,169,320,378,3051,4243,5942,5137,2737,5904,2284
ACSSF,2012m1,co,000,0095,0000097,5303,3817,3044,189,3044,189,189,206,447,764,592,517,678,822,924,1163,948,681,958,940,685,896,1039,771,632,3125,1442,2633,921,729,857,1038,895,547,769,420,878,456,880,691,531,346,305,211,481,171,206,217,3426,2016,189,2016,67,189,95,319,741,486,545,412,802,395,775,794,1055,642,785,560,914,497,722,303,3148,1896,2852,1060,821,956,1127,990,629,941,480,733,341,824,537,308,705,517,346,213,254,158,157,1344,1517,3958,1856,1308,1940,1011
ACSSF,2012m1,co,000,0095,0000098,3171,2445,1963,189,1963,96,189,246,263,245,133,125,323,693,422,580,726,866,706,759,660,777,792,947,1459,2558,957,2336,1207,882,903,752,988,433,494,574,991,622,602,782,285,554,382,401,431,337,671,664,2107,2200,189,2200,103,70,165,305,394,258,450,527,417,275,901,794,600,585,567,568,733,657,771,1072,2223,1775,2290,1945,861,1034,1171,927,641,486,567,525,530,914,599,571,622,716,347,461,313,384,469,1142,5046,7359,2866,2300,3884,1097
ACSSF,2012m1,co,000,0095,0000099,3239,2060,1504,189,1504,189,189,59,180,89,189,116,58,396,582,597,530,567,707,402,557,804,800,715,423,2006,779,1642,464,316,190,963,369,219,181,329,470,511,414,414,265,376,281,241,250,123,209,194,2424,1550,189,1550,189,86,189,189,347,244,322,479,234,535,352,466,772,551,799,462,450,560,395,275,2192,1233,1771,574,477,816,296,609,191,495,442,378,189,320,276,371,164,182,154,168,177,179,146,2507,3220,8462,2779,4946,5038,2820
ACSSF,2012m1,co,000,0095,0000100,5647,3468,3099,189,3099,189,189,143,469,626,379,457,577,649,501,766,1089,834,676,701,963,1179,909,846,1662,2764,1248,2800,1058,740,821,1085,925,498,488,532,841,370,802,528,520,609,371,447,560,370,384,489,3450,2882,189,2882,112,55,290,181,527,514,503,458,503,659,704,777,821,895,667,1152,1092,799,1031,952,2896,1690,2420,909,1027,1108,1050,963,653,663,649,1031,498,860,507,613,357,363,891,480,368,275,464,1026,2946,2168,2282,2174,2734,1612
ACSSF,2012m1,co,000,0095,0000101,5928,3746,3147,189,3147,125,124,442,309,651,225,757,728,719,559,1061,874,925,1068,809,1014,707,863,1048,1052,2981,1362,2664,1034,962,690,1106,904,773,810,806,464,545,507,772,536,419,598,550,369,291,427,391,3503,2749,189,2749,189,149,309,262,304,388,804,447,698,650,1036,1035,788,790,716,733,863,623,709,364,2933,1517,2568,1164,1296,964,1465,1238,646,882,668,594,406,635,675,563,634,421,295,261,352,285,291,1074,2288,2454,1473,1215,2087,754
ACSSF,2012m1,co,000,0095,0000102,691,473,4567,189,4567,87,160,379,619,689,1083,1180,1072,1129,1159,2128,2094,1351,2019,1265,1859,2372,1416,1963,2396,4598,2155,4389,1696,1206,1685,1596,1666,1503,1489,921,1121,788,1600,1216,772,640,735,673,859,565,426,893,649,3053,189,3053,144,159,205,730,1160,633,747,855,1145,818,1509,1613,1330,1389,1362,1621,1592,1441,1538,1764,3256,2550,3007,1855,1352,1457,1688,1484,1104,1085,888,1105,1080,1007,1137,664,803,727,829,676,587,724,672,917,1295,1466,887,974,3469,863
ACSSF,2012m1,co,000,0095,0000103,815,615,2091,189,2091,189,189,324,113,280,173,432,262,726,342,636,917,818,907,880,977,1066,1006,1671,2020,2180,1072,2168,856,589,1093,623,535,344,512,467,547,445,556,569,544,726,321,245,608,522,692,880,870,2604,189,2604,189,68,264,480,422,339,481,264,426,387,688,722,751,872,805,1037,1000,914,1202,1217,2635,2072,2929,1259,966,964,862,1097,780,786,610,665,508,726,756,840,701,320,599,587,423,758,359,3456,2216,3471,2776,1625,2741,1940
ACSSF,2012m1,co,000,0095,0000104,4151,2644,1445,189,1445,189,189,162,189,175,135,442,182,215,217,457,442,603,544,680,464,419,572,787,887,2250,957,1772,446,236,355,532,540,408,376,586,432,428,231,500,432,474,383,216,366,168,170,293,2087,1590,189,1590,189,189,80,175,353,107,371,346,365,181,318,358,823,469,311,365,484,494,333,397,2028,1227,1670,774,675,463,577,599,501,475,287,292,274,618,457,341,124,312,405,174,118,128,137,3336,4549,8874,5025,4402,3963,2308
ACSSF,2012m1,co,000,0095,0000105,3656,2154,2319,189,2319,75,189,209,173,709,490,698,313,478,524,570,882,690,862,770,559,741,477,1057,1186,2443,1016,2380,1079,1153,623,825,884,777,918,878,637,501,517,463,306,521,424,241,313,453,529,401,2077,2061,189,2061,189,189,151,189,516,171,479,366,653,616,717,867,534,530,407,498,697,554,487,701,2249,1704,2269,1061,1300,1146,765,1032,661,750,490,654,485,541,449,456,374,274,375,298,329,251,241,1066,3055,3854,1331,1814,3530,602
ACSSF,2012m1,co,000,0095,0000106,1078,759,1914,189,1914,189,64,189,59,270,54,393,441,678,576,877,1185,801,600,787,471,1258,840,658,756,2056,1016,1899,856,663,666,718,660,470,783,608,508,570,688,822,493,821,443,313,293,249,282,480,675,1696,189,1696,165,90,188,186,653,177,632,527,308,322,720,598,502,943,598,449,387,633,367,603,1825,1476,1988,894,748,1124,966,1036,589,698,783,821,383,735,713,297,447,243,304,325,405,195,181,1262,1251,3030,3121,1181,4129,1499
ACSSF,2012m1,co,000,0095,0000107,3254,2235,1700,189,1700,48,224,56,59,493,568,404,216,502,475,612,834,820,480,729,634,576,352,659,691,1914,1010,1686,791,927,635,920,438,444,504,636,504,204,397,247,271,309,254,210,175,184,140,152,1706,1659,189,1659,241,157,113,183,369,425,445,173,434,328,428,583,825,502,408,197,342,455,292,235,2255,1495,2095,1103,711,784,716,779,550,492,294,377,193,518,479,290,165,251,261,238,227,137,193,1249,1801,4511,2162,1854,4468,1092
ACSSF,2012m1,co,000,0095,0000108,4811,3010,2287,189,2287,189,277,278,159,533,134,596,535,420,486,913,689,569,508,262,498,489,438,675,506,2074,1129,1757,672,623,581,471,587,544,578,309,586,238,245,518,175,198,101,409,360,223,92,304,2817,1466,189,1466,189,189,177,58,155,522,502,196,509,387,771,364,443,261,228,361,307,298,267,121,2444,1179,2187,610,809,625,650,574,455,606,513,515,361,171,461,394,160,189,102,75,361,189,189,1607,1832,5149,2710,2031,2346,1821
ACSSF,2012m1,co,000,0095,0000109,1127,1063,3106,189,3106,361,167,567,316,693,555,1022,498,993,737,1140,1384,1220,1114,1298,1223,1556,1264,1896,1915,2988,1907,3158,1681,908,1049,1038,1210,1019,993,719,992,662,986,1134,928,719,423,572,638,713,827,895,601,3436,189,3436,153,133,325,302,687,558,675,676,789,773,1050,1205,1223,1059,1186,975,1507,1117,1259,1413,3581,2293,3517,1624,1275,1360,1574,1611,1108,834,966,1334,1312,1086,918,802,763,774,600,604,617,528,449,1110,933,2965,1081,1689,1573,995
ACSSF,2012m1,co,000,0095,0000110,2457,1807,1359,189,1359,189,189,189,189,212,102,324,233,97,274,317,402,725,370,363,665,533,574,531,756,1704,659,1500,777,314,323,428,498,284,508,406,534,466,369,274,335,188,191,173,339,283,332,508,1764,1205,189,1205,189,189,57,108,148,104,21,95,301,311,483,596,410,434,413,404,551,624,513,558,1611,1027,1629,556,560,455,581,417,617,407,487,506,482,444,425,221,204,312,194,274,246,257,225,3111,5409,4505,1737,2074,4292,1910
ACSSF,2012m1,co,000,0095,0000111,3619,2463,2206,189,2206,68,131,188,177,208,123,290,533,773,421,694,981,763,552,745,604,563,717,825,1272,2193,1298,2239,945,834,434,930,574,736,598,454,833,329,493,430,396,425,376,406,441,234,315,362,2140,1667,189,1667,189,189,137,430,444,304,314,198,431,339,549,496,636,480,621,596,439,690,491,747,2102,1550,1840,733,439,903,898,721,699,569,457,659,273,572,543,625,222,293,271,524,229,417,261,1525,3081,5968,2787,2435,4803,1716
ACSSF,2012m1,co,000,0095,0000112,3435,2097,2110,189,2110,43,189,164,16,410,473,189,391,496,470,761,709,583,573,374,814,775,800,720,1133,2216,759,1955,643,388,683,563,550,473,468,537,579,572,530,717,520,237,172,251,580,254,664,327,2020,1722,189,1722,61,189,189,189,406,255,119,301,346,407,530,602,1063,612,544,348,459,484,551,522,2055,1094,1691,767,865,517,498,781,551,772,711,497,498,676,328,491,474,263,202,357,179,169,194,3567,4433,6483,3305,1946,2299,2183
ACSSF,2012m1,co,000,0095,0000113,1260,1211,1435,189,1435,189,61,289,192,293,100,392,517,496,500,613,480,458,682,498,515,472,483,440,387,1510,879,1539,913,629,651,578,494,488,507,350,346,304,460,309,280,292,275,339,255,217,217,176,1101,1267,189,1267,36,31,216,343,169,381,278,370,435,403,609,918,375,485,232,340,440,330,175,141,1679,1259,1855,600,787,769,1164,624,561,575,426,382,480,487,284,255,235,183,208,240,237,212,92,1598,2039,2944,1684,1499,1419,836
ACSSF,2012m1,co,000,0095,0000114,4685,3397,2904,189,2904,173,120,102,59,856,398,404,502,979,874,959,1392,1106,1618,968,729,1124,967,1084,999,3002,1237,2539,895,574,599,782,723,610,918,461,773,448,533,541,542,457,392,456,330,463,585,364,2898,2557,189,2557,189,189,79,502,707,308,565,641,497,499,926,1071,792,1000,848,615,987,835,577,650,3087,1547,2746,1032,718,753,1422,765,1118,713,585,660,828,725,823,412,450,613,339,414,177,324,199,962,3035,3820,2443,1720,2347,1107
ACSSF,2012m1,co,000,0095,0000115,3674,2393,1452,189,1452,189,189,104,90,429,363,250,462,576,459,689,392,562,431,385,384,377,239,462,448,2114,736,1844,295,871,358,590,491,481,400,244,504,307,245,467,341,359,314,129,129,257,181,146,2104,1408,189,1408,253,65,55,119,410,411,252,357,139,234,402,493,335,423,204,297,458,293,306,173,2131,927,2138,592,633,367,718,641,522,456,305,357,226,304,218,203,120,189,84,160,210,118,75,1948,2882,2754,2733,2360,3570,1108
