ACSSF,2012m1,co,000,0004,0000001,0,16745,5494,4392,4322,1301,13256,8702,4516,7339,,,,,,,,,,,,,,,,,,,,,,,,,,,,,,,,,,,,,,,,,,,,,,,,,,,,,,,,,,,,,,,,,,,,,,,,15512,4183,5868,3908,2138,14658,,,,,,,,,,,,,,,,,,,,,,,,,,,,,,,,,,,,,,,,,,,,,,,,,,,,,,,,4322,3410,373,189,2282,1139,3268,2418,2569,1972,1666,3169,2114,224,545,1570,189,1316,116,380,559,4383,189,2009,1026,,,,,,,,,,,,,0,8702,16745,5494,4392,4322,1301,13256,8702,4516,7339,8579,4032,3652,3559,1010,5246,2156,418,4392,3462,1389,749,1620,1821,2541,396,2073,4322,3410,3297,2418,1666,3169,4383,5395,1301,702,687,918,836
ACSSF,2012m1,co,000,0004,0000002,13863,19783,5342,4089,4384,1293,12450,8437,4346,6935,,,,,,,,,,,,,,,,,,,,,,,,,,,,,,,,,,,,,,,,,,,,,,,,,,,,,,,,,,,,,,,,,,,,,,,,19723,4399,5620,3873,2076,13982,,,,,,,,,,,,,,,,,,,,,,,,,,,,,,,,,,,,,,,,,,,,,,,,,,,,,,,,,,,,,,,,,,,,,,,,,,,,,,,,,,,,,,,,,,,,,13863,14930,19783,5342,4089,4384,1293,12450,8437,4346,6935,8350,4003,3336,3583,1010,5146,2188,418,4089,3309,1353,550,1441,1794,2315,325,1953,4384,3351,3233,2378,1633,3122,4374,5388,1293,691,687,919,698
ACSSF,2012m1,co,000,0004,0000003,13863,12511,1472,1634,1127,535,3303,2485,898,2161,,,,,,,,,,,,,,,,,,,,,,,,,,,,,,,,,,,,,,,,,,,,,,,,,,,,,,,,,,,,,,,,,,,,,,,,12623,1780,2155,1840,606,3593,,,,,,,,,,,,,,,,,,,,,,,,,,,,,,,,,,,,,,,,,,,,,,,,,,,,,,,,,,,,,,,,,,,,,,,,,,,,,,,,,,,,,,,,,,,,,13863,13599,12511,1472,1634,1127,535,3303,2485,898,2161,2460,822,1542,1300,36,977,179,189,1634,1462,432,520,718,189,1087,200,775,1127,380,606,593,475,429,220,462,,,,,
ACSSF,2012m1,co,000,0004,0000004,1672,16107,5405,4153,4038,1269,12754,8528,4380,7229,,,,,,,,,,,,,,,,,,,,,,,,,,,,,,,,,,,,,,,,,,,,,,,,,,,,,,,,,,,,,,,,,,,,,,,,14928,4084,5679,3703,2152,14054,,,,,,,,,,,,,,,,,,,,,,,,,,,,,,,,,,,,,,,,,,,,,,,,,,,,,,,,,,,,,,,,,,,,,,,,,,,,,,,,,,,,,,,,,,,,,1672,8930,16107,5405,4153,4038,1269,12754,8528,4380,7229,8445,4009,3439,3477,1010,5092,2184,418,4153,3423,1367,749,1345,1794,2356,388,1950,4038,3417,3224,2388,1690,3131,4360,5383,1269,699,687,920,834
ACSSF,2012m1,co,000,0004,0000005,0,15345,5345,3705,3998,1047,12044,8753,4509,7314,,,,,,,,,,,,,,,,,,,,,,,,,,,,,,,,,,,,,,,,,,,,,,,,,,,,,,,,,,,,,,,,,,,,,,,,14564,3983,5319,3549,2005,13478,,,,,,,,,,,,,,,,,,,,,,,,,,,,,,,,,,,,,,,,,,,,,,,,,,,,,,,,,,,,,,,,,,,,,,,,,,,,,,,,,,,,,,,,,,,,,0,8753,15345,5345,3705,3998,1047,12044,8753,4509,7314,8578,4005,3445,3467,1010,5267,2153,417,3705,3153,1325,604,1291,1724,2255,322,1747,3998,3417,3208,2408,1690,3137,4339,5376,1047,508,670,920,698
ACSSF,2012m1,co,000,0004,0000006,95,14704,6138,2439,4196,1008,10771,6138,3843,4940,,,,,,,,,,,,,,,,,,,,,,,,,,,,,,,,,,,,,,,,,,,,,,,,,,,,,,,,,,,,,,,,,,,,,,,,13800,6126,3479,4341,1726,11596,,,,,,,,,,,,,,,,,,,,,,,,,,,,,,,,,,,,,,,,,,,,,,,,,,,,,,,,,,,,,,,,,,,,,,,,,,,,,,,,,,,,,,,,,,,,,95,6140,14704,6138,2439,4196,1008,10771,6138,3843,4940,6049,2546,1940,2474,811,4520,1620,218,2439,2007,1006,256,800,416,1880,171,1317,4196,1712,1995,1645,1076,2309,2020,4029,1008,339,620,517,675
ACSSF,2012m1,co,000,0004,0000007,95,10185,4712,2953,3409,801,7973,5974,2956,5006,,,,,,,,,,,,,,,,,,,,,,,,,,,,,,,,,,,,,,,,,,,,,,,,,,,,,,,,,,,,,,,,,,,,,,,,9780,5196,3628,3783,1446,9151,,,,,,,,,,,,,,,,,,,,,,,,,,,,,,,,,,,,,,,,,,,,,,,,,,,,,,,,,,,,,,,,,,,,,,,,,,,,,,,,,,,,,,,,,,,,,95,5956,10185,4712,2953,3409,801,7973,5974,2956,5006,5674,2503,3009,2444,655,3235,1524,371,2953,2450,921,497,1134,1646,1381,249,1453,3409,2795,2598,1854,1450,1862,3868,3397,,,,,
ACSSF,2012m1,co,000,0004,0000008,1672,3641,1406,1170,388,704,2512,1568,1083,1068,,,,,,,,,,,,,,,,,,,,,,,,,,,,,,,,,,,,,,,,,,,,,,,,,,,,,,,,,,,,,,,,,,,,,,,,3493,1475,1484,806,703,2640,,,,,,,,,,,,,,,,,,,,,,,,,,,,,,,,,,,,,,,,,,,,,,,,,,,,,,,,,,,,,,,,,,,,,,,,,,,,,,,,,,,,,,,,,,,,,1672,2356,3641,1406,1170,388,704,2512,1568,1083,1068,1494,499,790,501,189,1083,357,5,1170,940,168,448,434,103,739,222,709,,,,,,,,,,,,,
ACSSF,2012m1,co,000,0004,0000009,5941,5701,1068,762,249,518,775,899,496,744,,,,,,,,,,,,,,,,,,,,,,,,,,,,,,,,,,,,,,,,,,,,,,,,,,,,,,,,,,,,,,,,,,,,,,,,5678,1080,971,435,,952,,,,,,,,,,,,,,,,,,,,,,,,,,,,,,,,,,,,,,,,,,,,,,,,,,,,,,,,,,,,,,,,,,,,,,,,,,,,,,,,,,,,,,,,,,,,,,,,,,,,,,,,,,,,,,,,,,,,,,,,,,,,,,,,,,,,,
ACSSF,2012m1,co,000,0004,0000010,6463,7095,1036,947,357,517,2348,1448,919,872,,,,,,,,,,,,,,,,,,,,,,,,,,,,,,,,,,,,,,,,,,,,,,,,,,,,,,,,,,,,,,,,,,,,,,,,6930,1308,1197,695,,2434,,,,,,,,,,,,,,,,,,,,,,,,,,,,,,,,,,,,,,,,,,,,,,,,,,,,,,,,,,,,,,,,,,,,,,,,,,,,,,,,,,,,,,,,,,,,,6463,6824,7095,1036,947,357,517,2348,1448,919,872,1371,499,516,327,189,919,361,189,947,803,168,448,176,53,768,189,702,,,,,,,,,,,,,
ACSSF,2012m1,co,000,0004,0000011,1672,3735,1436,1208,846,177,3194,1375,599,1195,,,,,,,,,,,,,,,,,,,,,,,,,,,,,,,,,,,,,,,,,,,,,,,,,,,,,,,,,,,,,,,,,,,,,,,,3864,1474,1514,902,370,3247,,,,,,,,,,,,,,,,,,,,,,,,,,,,,,,,,,,,,,,,,,,,,,,,,,,,,,,,,,,,,,,,,,,,,,,,,,,,,,,,,,,,,,,,,,,,,1672,2253,3735,1436,1208,846,177,3194,1375,599,1195,1368,305,976,332,36,727,170,189,1208,997,485,189,786,181,942,80,639,846,158,631,353,291,229,180,280,,,,,
ACSSF,2012m1,co,000,0004,0000012,0,4518,2089,1760,989,728,3753,2242,1258,1832,,,,,,,,,,,,,,,,,,,,,,,,,,,,,,,,,,,,,,,,,,,,,,,,,,,,,,,,,,,,,,,,,,,,,,,,4491,2135,2228,1320,804,3945,,,,,,,,,,,,,,,,,,,,,,,,,,,,,,,,,,,,,,,,,,,,,,,,,,,,,,,,,,,,,,,,,,,,,,,,,,,,,,,,,,,,,,,,,,,,,0,2242,4518,2089,1760,989,728,3753,2242,1258,1832,2204,537,1405,645,36,1278,397,5,1760,1345,500,448,838,221,1138,236,956,989,158,736,417,291,259,262,382,,,,,
ACSSF,2012m1,co,000,0004,0000013,0,6171,1580,1694,1098,299,5685,3253,1173,3090,,,,,,,,,,,,,,,,,,,,,,,,,,,,,,,,,,,,,,,,,,,,,,,,,,,,,,,,,,,,,,,,,,,,,,,,5902,1525,2556,632,674,5849,,,,,,,,,,,,,,,,,,,,,,,,,,,,,,,,,,,,,,,,,,,,,,,,,,,,,,,,,,,,,,,,,,,,,,,,,,,,,,,,,,,,,,,,,,,,,0,3253,6171,1580,1694,1098,299,5685,3253,1173,3090,2980,1066,2452,1066,192,1253,1032,189,,,,,,,,,,1098,1617,1172,1010,549,506,1211,1506,,,,,
ACSSF,2012m1,co,000,0004,0000014,0,5621,2153,1516,1199,258,4775,4414,3254,2684,,,,,,,,,,,,,,,,,,,,,,,,,,,,,,,,,,,,,,,,,,,,,,,,,,,,,,,,,,,,,,,,,,,,,,,,5722,1948,2021,1041,441,5101,,,,,,,,,,,,,,,,,,,,,,,,,,,,,,,,,,,,,,,,,,,,,,,,,,,,,,,,,,,,,,,,,,,,,,,,,,,,,,,,,,,,,,,,,,,,,0,4414,5621,2153,1516,1199,258,4775,4414,3254,2684,4067,1516,777,1112,599,3539,1076,102,1516,1477,220,138,177,259,1459,87,400,1199,2001,1408,818,737,1661,2214,2678,,,,,
ACSSF,2012m1,co,000,0004,0000015,0,3059,853,615,989,34,3010,1427,397,1405,,,,,,,,,,,,,,,,,,,,,,,,,,,,,,,,,,,,,,,,,,,,,,,,,,,,,,,,,,,,,,,,,,,,,,,,3362,757,547,774,,3059,,,,,,,,,,,,,,,,,,,,,,,,,,,,,,,,,,,,,,,,,,,,,,,,,,,,,,,,,,,,,,,,,,,,,,,,,,,,,,,,,,,,,,,,,,,,,0,1427,3059,853,615,989,34,3010,1427,397,1405,1399,824,379,1167,189,555,403,62,,,,,,,,,,989,846,1247,724,590,664,2684,2173,,,,,
ACSSF,2012m1,co,000,0004,0000016,0,6561,1834,1536,2099,422,6236,3404,2257,2606,,,,,,,,,,,,,,,,,,,,,,,,,,,,,,,,,,,,,,,,,,,,,,,,,,,,,,,,,,,,,,,,,,,,,,,,6993,1493,1714,2031,751,6263,,,,,,,,,,,,,,,,,,,,,,,,,,,,,,,,,,,,,,,,,,,,,,,,,,,,,,,,,,,,,,,,,,,,,,,,,,,,,,,,,,,,,,,,,,,,,0,3404,6561,1834,1536,2099,422,6236,3404,2257,2606,3343,1323,1027,1575,216,2446,530,189,1536,1267,894,151,429,216,845,189,981,2099,1153,1527,774,705,1143,974,2831,,,,,
ACSSF,2012m1,co,000,0004,0000017,0,1601,547,449,993,184,1391,1514,949,1433,,,,,,,,,,,,,,,,,,,,,,,,,,,,,,,,,,,,,,,,,,,,,,,,,,,,,,,,,,,,,,,,,,,,,,,,2099,577,505,365,241,1710,,,,,,,,,,,,,,,,,,,,,,,,,,,,,,,,,,,,,,,,,,,,,,,,,,,,,,,,,,,,,,,,,,,,,,,,,,,,,,,,,,,,,,,,,,,,,0,1514,1601,547,449,993,184,1391,1514,949,1433,1466,543,672,817,189,1025,396,189,,,,,,,,,,993,1271,1370,137,576,478,1297,854,,,,,
ACSSF,2012m1,co,000,0004,0000018,0,4503,3831,1161,1284,666,4080,4486,1373,4116,,,,,,,,,,,,,,,,,,,,,,,,,,,,,,,,,,,,,,,,,,,,,,,,,,,,,,,,,,,,,,,,,,,,,,,,6031,1825,1711,2105,835,4453,,,,,,,,,,,,,,,,,,,,,,,,,,,,,,,,,,,,,,,,,,,,,,,,,,,,,,,,,,,,,,,,,,,,,,,,,,,,,,,,,,,,,,,,,,,,,0,4486,4503,3831,1161,1284,666,4080,4486,1373,4116,4238,2802,1191,1419,431,2446,866,406,1161,945,696,250,365,47,543,30,753,1284,707,950,1467,610,1689,733,607,,,,,
ACSSF,2012m1,co,000,0004,0000019,0,3342,870,1132,1307,94,2759,2091,1004,1839,,,,,,,,,,,,,,,,,,,,,,,,,,,,,,,,,,,,,,,,,,,,,,,,,,,,,,,,,,,,,,,,,,,,,,,,3105,711,1444,665,924,3121,,,,,,,,,,,,,,,,,,,,,,,,,,,,,,,,,,,,,,,,,,,,,,,,,,,,,,,,,,,,,,,,,,,,,,,,,,,,,,,,,,,,,,,,,,,,,0,2091,3342,870,1132,1307,94,2759,2091,1004,1839,1988,672,897,1262,621,1223,519,111,,,,,,,,,,1307,512,1364,449,782,488,1110,1279,,,,,
ACSSF,2012m1,co,000,0004,0000020,0,3020,672,573,733,489,2676,2012,816,1680,,,,,,,,,,,,,,,,,,,,,,,,,,,,,,,,,,,,,,,,,,,,,,,,,,,,,,,,,,,,,,,,,,,,,,,,2738,863,1056,836,,2886,,,,,,,,,,,,,,,,,,,,,,,,,,,,,,,,,,,,,,,,,,,,,,,,,,,,,,,,,,,,,,,,,,,,,,,,,,,,,,,,,,,,,,,,,,,,,0,2012,3020,672,573,733,489,2676,2012,816,1680,1991,861,962,856,163,984,452,189,,,,,,,,,,733,702,729,287,526,457,316,280,,,,,
ACSSF,2012m1,co,000,0004,0000021,0,1926,264,860,352,218,1700,1133,902,644,,,,,,,,,,,,,,,,,,,,,,,,,,,,,,,,,,,,,,,,,,,,,,,,,,,,,,,,,,,,,,,,,,,,,,,,1727,318,765,232,391,1947,,,,,,,,,,,,,,,,,,,,,,,,,,,,,,,,,,,,,,,,,,,,,,,,,,,,,,,,,,,,,,,,,,,,,,,,,,,,,,,,,,,,,,,,,,,,,0,1133,1926,264,860,352,218,1700,1133,902,644,1140,344,507,349,222,912,209,17,,,,,,,,,,,,,,,,,,,,,,
ACSSF,2012m1,co,000,0004,0000022,0,4049,387,742,441,144,3510,1870,1617,944,,,,,,,,,,,,,,,,,,,,,,,,,,,,,,,,,,,,,,,,,,,,,,,,,,,,,,,,,,,,,,,,,,,,,,,,3927,793,1015,417,,3934,,,,,,,,,,,,,,,,,,,,,,,,,,,,,,,,,,,,,,,,,,,,,,,,,,,,,,,,,,,,,,,,,,,,,,,,,,,,,,,,,,,,,,,,,,,,,0,1870,4049,387,742,441,144,3510,1870,1617,944,1725,349,428,463,189,1598,573,189,742,468,278,59,387,78,327,189,568,,,,,,,,,,,,,
ACSSF,2012m1,co,000,0004,0000023,0,4260,629,647,592,69,4249,1490,743,1328,,,,,,,,,,,,,,,,,,,,,,,,,,,,,,,,,,,,,,,,,,,,,,,,,,,,,,,,,,,,,,,,,,,,,,,,4340,484,923,130,,4249,,,,,,,,,,,,,,,,,,,,,,,,,,,,,,,,,,,,,,,,,,,,,,,,,,,,,,,,,,,,,,,,,,,,,,,,,,,,,,,,,,,,,,,,,,,,,0,1490,4260,629,647,592,69,4249,1490,743,1328,1270,503,613,573,231,761,552,189,,,,,,,,,,592,869,518,219,315,144,508,624,,,,,
ACSSF,2012m1,co,000,0004,0000024,1194,2860,627,837,956,48,2242,1002,496,809,,,,,,,,,,,,,,,,,,,,,,,,,,,,,,,,,,,,,,,,,,,,,,,,,,,,,,,,,,,,,,,,,,,,,,,,2516,764,928,1192,228,2435,,,,,,,,,,,,,,,,,,,,,,,,,,,,,,,,,,,,,,,,,,,,,,,,,,,,,,,,,,,,,,,,,,,,,,,,,,,,,,,,,,,,,,,,,,,,,1194,1599,2860,627,837,956,48,2242,1002,496,809,988,359,227,590,138,542,308,189,,,,,,,,,,,,,,,,,,,,,,
ACSSF,2012m1,co,000,0004,0000025,95,6659,3831,1293,2535,491,4338,3699,2876,2235,,,,,,,,,,,,,,,,,,,,,,,,,,,,,,,,,,,,,,,,,,,,,,,,,,,,,,,,,,,,,,,,,,,,,,,,6436,3557,1897,2614,595,4899,,,,,,,,,,,,,,,,,,,,,,,,,,,,,,,,,,,,,,,,,,,,,,,,,,,,,,,,,,,,,,,,,,,,,,,,,,,,,,,,,,,,,,,,,,,,,95,3693,6659,3831,1293,2535,491,4338,3699,2876,2235,3445,1252,770,905,599,3125,1020,102,,,,,,,,,,2535,807,1073,526,429,904,1426,2444,,,,,
ACSSF,2012m1,co,000,0004,0000026,31,2156,690,150,1186,34,1503,816,327,739,,,,,,,,,,,,,,,,,,,,,,,,,,,,,,,,,,,,,,,,,,,,,,,,,,,,,,,,,,,,,,,,,,,,,,,,1977,781,408,1343,,1591,,,,,,,,,,,,,,,,,,,,,,,,,,,,,,,,,,,,,,,,,,,,,,,,,,,,,,,,,,,,,,,,,,,,,,,,,,,,,,,,,,,,,,,,,,,,,31,820,2156,690,150,1186,34,1503,816,327,739,814,452,373,407,189,502,113,189,,,,,,,,,,1186,188,801,150,347,323,42,647,,,,,
ACSSF,2012m1,co,000,0004,0000027,49,2825,1134,508,1530,339,1806,1242,599,841,,,,,,,,,,,,,,,,,,,,,,,,,,,,,,,,,,,,,,,,,,,,,,,,,,,,,,,,,,,,,,,,,,,,,,,,2592,1233,672,1709,,1991,,,,,,,,,,,,,,,,,,,,,,,,,,,,,,,,,,,,,,,,,,,,,,,,,,,,,,,,,,,,,,,,,,,,,,,,,,,,,,,,,,,,,,,,,,,,,49,1242,2825,1134,508,1530,339,1806,1242,599,841,917,343,345,327,189,623,466,189,,,,,,,,,,1530,811,567,268,520,682,45,867,,,,,
ACSSF,2012m1,co,000,0004,0000028,59,5807,4086,815,1398,417,4063,3150,1197,2884,,,,,,,,,,,,,,,,,,,,,,,,,,,,,,,,,,,,,,,,,,,,,,,,,,,,,,,,,,,,,,,,,,,,,,,,6035,3658,1612,2604,867,4363,,,,,,,,,,,,,,,,,,,,,,,,,,,,,,,,,,,,,,,,,,,,,,,,,,,,,,,,,,,,,,,,,,,,,,,,,,,,,,,,,,,,,,,,,,,,,59,3150,5807,4086,815,1398,417,4063,3150,1197,2884,3102,1457,905,1135,431,2388,613,195,815,524,200,189,365,189,404,30,540,1398,707,852,1398,589,1597,733,586,,,,,
ACSSF,2012m1,co,000,0004,0000029,0,6561,1834,1536,2099,422,6236,3404,2257,2606,,,,,,,,,,,,,,,,,,,,,,,,,,,,,,,,,,,,,,,,,,,,,,,,,,,,,,,,,,,,,,,,,,,,,,,,6993,1493,1714,2031,751,6263,,,,,,,,,,,,,,,,,,,,,,,,,,,,,,,,,,,,,,,,,,,,,,,,,,,,,,,,,,,,,,,,,,,,,,,,,,,,,,,,,,,,,,,,,,,,,0,3404,6561,1834,1536,2099,422,6236,3404,2257,2606,3343,1323,1027,1575,216,2446,530,189,1536,1267,894,151,429,216,845,189,981,2099,1153,1527,774,705,1143,974,2831,,,,,
ACSSF,2012m1,co,000,0004,0000030,73,2203,835,459,908,489,1250,1581,515,1489,,,,,,,,,,,,,,,,,,,,,,,,,,,,,,,,,,,,,,,,,,,,,,,,,,,,,,,,,,,,,,,,,,,,,,,,1825,1137,1194,1041,,1432,,,,,,,,,,,,,,,,,,,,,,,,,,,,,,,,,,,,,,,,,,,,,,,,,,,,,,,,,,,,,,,,,,,,,,,,,,,,,,,,,,,,,,,,,,,,,73,1581,2203,835,459,908,489,1250,1581,515,1489,1571,628,1053,736,75,737,350,189,,,,,,,,,,908,655,628,201,444,423,231,262,,,,,
ACSSF,2012m1,co,000,0004,0000031,35,3469,513,656,911,69,3521,823,635,642,,,,,,,,,,,,,,,,,,,,,,,,,,,,,,,,,,,,,,,,,,,,,,,,,,,,,,,,,,,,,,,,,,,,,,,,3508,485,765,903,,3525,,,,,,,,,,,,,,,,,,,,,,,,,,,,,,,,,,,,,,,,,,,,,,,,,,,,,,,,,,,,,,,,,,,,,,,,,,,,,,,,,,,,,,,,,,,,,35,828,3469,513,656,911,69,3521,823,635,642,823,309,486,181,231,635,189,189,,,,,,,,,,,,,,,,,,,,,,
ACSSF,2012m1,co,000,0004,0000032,4745,4743,396,199,1542,189,504,968,822,666,,,,,,,,,,,,,,,,,,,,,,,,,,,,,,,,,,,,,,,,,,,,,,,,,,,,,,,,,,,,,,,,,,,,,,,,4843,609,365,1689,,944,,,,,,,,,,,,,,,,,,,,,,,,,,,,,,,,,,,,,,,,,,,,,,,,,,,,,,,,,,,,,,,,,,,,,,,,,,,,,,,,,,,,,,,,,,,,,,,,,,,,,,,,,,,,,,,,,,,,,,,,,1542,1073,1182,96,167,343,1293,674,,,,,
ACSSF,2012m1,co,000,0004,0000033,38,2461,1234,1201,1199,189,1055,1202,421,1184,,,,,,,,,,,,,,,,,,,,,,,,,,,,,,,,,,,,,,,,,,,,,,,,,,,,,,,,,,,,,,,,,,,,,,,,2382,1388,1345,1381,400,1167,,,,,,,,,,,,,,,,,,,,,,,,,,,,,,,,,,,,,,,,,,,,,,,,,,,,,,,,,,,,,,,,,,,,,,,,,,,,,,,,,,,,,,,,,,,,,38,1204,2461,1234,1201,1199,189,1055,1202,421,1184,1196,431,428,629,609,550,200,189,,,,,,,,,,1199,334,1056,157,598,210,646,302,,,,,
ACSSF,2012m1,co,000,0004,0000034,45,3204,1060,288,2504,189,1914,866,206,832,,,,,,,,,,,,,,,,,,,,,,,,,,,,,,,,,,,,,,,,,,,,,,,,,,,,,,,,,,,,,,,,,,,,,,,,3285,1143,412,2516,,1895,,,,,,,,,,,,,,,,,,,,,,,,,,,,,,,,,,,,,,,,,,,,,,,,,,,,,,,,,,,,,,,,,,,,,,,,,,,,,,,,,,,,,,,,,,,,,45,861,3204,1060,288,2504,189,1914,866,206,832,759,489,262,665,189,206,360,189,,,,,,,,,,,,,,,,,,,,,,
ACSSF,2012m1,co,000,0004,0000035,34,2581,155,176,625,189,2396,1092,529,1021,,,,,,,,,,,,,,,,,,,,,,,,,,,,,,,,,,,,,,,,,,,,,,,,,,,,,,,,,,,,,,,,,,,,,,,,2342,,721,897,,2378,,,,,,,,,,,,,,,,,,,,,,,,,,,,,,,,,,,,,,,,,,,,,,,,,,,,,,,,,,,,,,,,,,,,,,,,,,,,,,,,,,,,,,,,,,,,,,,,,,,,,,,,,,,,,,,,,,,,,,,,,,,,,,,,,,,,,
ACSSF,2012m1,co,000,0004,0000036,26,3986,548,691,294,189,3400,1625,1345,838,,,,,,,,,,,,,,,,,,,,,,,,,,,,,,,,,,,,,,,,,,,,,,,,,,,,,,,,,,,,,,,,,,,,,,,,3821,883,914,539,,3862,,,,,,,,,,,,,,,,,,,,,,,,,,,,,,,,,,,,,,,,,,,,,,,,,,,,,,,,,,,,,,,,,,,,,,,,,,,,,,,,,,,,,,,,,,,,,26,1620,3986,548,691,294,189,3400,1625,1345,838,1473,354,420,420,189,1341,573,189,,,,,,,,,,,,,,,,,,,,,,
ACSSF,2012m1,co,000,0004,0000037,54,3195,968,432,1754,128,2300,1321,426,1264,,,,,,,,,,,,,,,,,,,,,,,,,,,,,,,,,,,,,,,,,,,,,,,,,,,,,,,,,,,,,,,,,,,,,,,,3045,1048,1101,1675,,2368,,,,,,,,,,,,,,,,,,,,,,,,,,,,,,,,,,,,,,,,,,,,,,,,,,,,,,,,,,,,,,,,,,,,,,,,,,,,,,,,,,,,,,,,,,,,,54,1317,3195,968,432,1754,128,2300,1321,426,1264,1174,466,659,558,157,592,447,189,,,,,,,,,,1754,1576,952,1015,385,99,929,875,,,,,
ACSSF,2012m1,co,000,0004,0000038,58,3036,732,529,1794,189,1887,1856,637,1669,,,,,,,,,,,,,,,,,,,,,,,,,,,,,,,,,,,,,,,,,,,,,,,,,,,,,,,,,,,,,,,,,,,,,,,,2893,977,1388,1960,,1968,,,,,,,,,,,,,,,,,,,,,,,,,,,,,,,,,,,,,,,,,,,,,,,,,,,,,,,,,,,,,,,,,,,,,,,,,,,,,,,,,,,,,,,,,,,,,58,1848,3036,732,529,1794,189,1887,1856,637,1669,1821,343,1186,726,117,1031,223,189,,,,,,,,,,1794,356,283,352,394,438,562,1604,,,,,
ACSSF,2012m1,co,000,0004,0000039,31,2156,690,150,1186,34,1503,816,327,739,,,,,,,,,,,,,,,,,,,,,,,,,,,,,,,,,,,,,,,,,,,,,,,,,,,,,,,,,,,,,,,,,,,,,,,,1977,781,408,1343,,1591,,,,,,,,,,,,,,,,,,,,,,,,,,,,,,,,,,,,,,,,,,,,,,,,,,,,,,,,,,,,,,,,,,,,,,,,,,,,,,,,,,,,,,,,,,,,,31,820,2156,690,150,1186,34,1503,816,327,739,814,452,373,407,189,502,113,189,,,,,,,,,,1186,188,801,150,347,323,42,647,,,,,
ACSSF,2012m1,co,000,0004,0000040,59,5807,4086,815,1398,417,4063,3150,1197,2884,,,,,,,,,,,,,,,,,,,,,,,,,,,,,,,,,,,,,,,,,,,,,,,,,,,,,,,,,,,,,,,,,,,,,,,,6035,3658,1612,2604,867,4363,,,,,,,,,,,,,,,,,,,,,,,,,,,,,,,,,,,,,,,,,,,,,,,,,,,,,,,,,,,,,,,,,,,,,,,,,,,,,,,,,,,,,,,,,,,,,59,3150,5807,4086,815,1398,417,4063,3150,1197,2884,3102,1457,905,1135,431,2388,613,195,815,524,200,189,365,189,404,30,540,1398,707,852,1398,589,1597,733,586,,,,,
ACSSF,2012m1,co,000,0004,0000041,95,6659,3831,1293,2535,491,4338,3699,2876,2235,,,,,,,,,,,,,,,,,,,,,,,,,,,,,,,,,,,,,,,,,,,,,,,,,,,,,,,,,,,,,,,,,,,,,,,,6436,3557,1897,2614,595,4899,,,,,,,,,,,,,,,,,,,,,,,,,,,,,,,,,,,,,,,,,,,,,,,,,,,,,,,,,,,,,,,,,,,,,,,,,,,,,,,,,,,,,,,,,,,,,95,3693,6659,3831,1293,2535,491,4338,3699,2876,2235,3445,1252,770,905,599,3125,1020,102,,,,,,,,,,2535,807,1073,526,429,904,1426,2444,,,,,
ACSSF,2012m1,co,000,0004,0000042,0,6561,1834,1536,2099,422,6236,3404,2257,2606,,,,,,,,,,,,,,,,,,,,,,,,,,,,,,,,,,,,,,,,,,,,,,,,,,,,,,,,,,,,,,,,,,,,,,,,6993,1493,1714,2031,751,6263,,,,,,,,,,,,,,,,,,,,,,,,,,,,,,,,,,,,,,,,,,,,,,,,,,,,,,,,,,,,,,,,,,,,,,,,,,,,,,,,,,,,,,,,,,,,,0,3404,6561,1834,1536,2099,422,6236,3404,2257,2606,3343,1323,1027,1575,216,2446,530,189,1536,1267,894,151,429,216,845,189,981,2099,1153,1527,774,705,1143,974,2831,,,,,
ACSSF,2012m1,co,000,0004,0000043,73,2203,835,459,908,489,1250,1581,515,1489,,,,,,,,,,,,,,,,,,,,,,,,,,,,,,,,,,,,,,,,,,,,,,,,,,,,,,,,,,,,,,,,,,,,,,,,1825,1137,1194,1041,,1432,,,,,,,,,,,,,,,,,,,,,,,,,,,,,,,,,,,,,,,,,,,,,,,,,,,,,,,,,,,,,,,,,,,,,,,,,,,,,,,,,,,,,,,,,,,,,73,1581,2203,835,459,908,489,1250,1581,515,1489,1571,628,1053,736,75,737,350,189,,,,,,,,,,908,655,628,201,444,423,231,262,,,,,
ACSSF,2012m1,co,000,0004,0000044,34,2581,155,176,625,189,2396,1092,529,1021,,,,,,,,,,,,,,,,,,,,,,,,,,,,,,,,,,,,,,,,,,,,,,,,,,,,,,,,,,,,,,,,,,,,,,,,2342,,721,897,,2378,,,,,,,,,,,,,,,,,,,,,,,,,,,,,,,,,,,,,,,,,,,,,,,,,,,,,,,,,,,,,,,,,,,,,,,,,,,,,,,,,,,,,,,,,,,,,,,,,,,,,,,,,,,,,,,,,,,,,,,,,,,,,,,,,,,,,
ACSSF,2012m1,co,000,0004,0000045,35,3469,513,656,911,69,3521,823,635,642,,,,,,,,,,,,,,,,,,,,,,,,,,,,,,,,,,,,,,,,,,,,,,,,,,,,,,,,,,,,,,,,,,,,,,,,3508,485,765,903,,3525,,,,,,,,,,,,,,,,,,,,,,,,,,,,,,,,,,,,,,,,,,,,,,,,,,,,,,,,,,,,,,,,,,,,,,,,,,,,,,,,,,,,,,,,,,,,,35,828,3469,513,656,911,69,3521,823,635,642,823,309,486,181,231,635,189,189,,,,,,,,,,,,,,,,,,,,,,
ACSSF,2012m1,co,000,0004,0000046,26,3986,548,691,294,189,3400,1625,1345,838,,,,,,,,,,,,,,,,,,,,,,,,,,,,,,,,,,,,,,,,,,,,,,,,,,,,,,,,,,,,,,,,,,,,,,,,3821,883,914,539,,3862,,,,,,,,,,,,,,,,,,,,,,,,,,,,,,,,,,,,,,,,,,,,,,,,,,,,,,,,,,,,,,,,,,,,,,,,,,,,,,,,,,,,,,,,,,,,,26,1620,3986,548,691,294,189,3400,1625,1345,838,1473,354,420,420,189,1341,573,189,,,,,,,,,,,,,,,,,,,,,,
ACSSF,2012m1,co,000,0004,0000047,5487,8329,2161,1499,2448,422,6240,3800,2348,3228,,,,,,,,,,,,,,,,,,,,,,,,,,,,,,,,,,,,,,,,,,,,,,,,,,,,,,,,,,,,,,,,,,,,,,,,8776,2089,1857,2518,753,6254,,,,,,,,,,,,,,,,,,,,,,,,,,,,,,,,,,,,,,,,,,,,,,,,,,,,,,,,,,,,,,,,,,,,,,,,,,,,,,,,,,,,,,,,,,,,,5487,6374,8329,2161,1499,2448,422,6240,3800,2348,3228,3782,1440,1364,1890,216,2506,540,189,1499,1343,894,151,461,216,842,189,1040,2448,1153,1616,805,707,1613,1352,2866,,,,,
ACSSF,2012m1,co,000,0004,0000048,5379,6889,973,797,2593,710,4090,2821,1197,2368,,,,,,,,,,,,,,,,,,,,,,,,,,,,,,,,,,,,,,,,,,,,,,,,,,,,,,,,,,,,,,,,,,,,,,,,6517,1483,1471,3030,831,4312,,,,,,,,,,,,,,,,,,,,,,,,,,,,,,,,,,,,,,,,,,,,,,,,,,,,,,,,,,,,,,,,,,,,,,,,,,,,,,,,,,,,,,,,,,,,,5379,5647,6889,973,797,2593,710,4090,2821,1197,2368,2800,1122,1329,1719,163,1371,578,62,,,,,,,,,,2593,1116,1550,760,989,1198,1037,2368,,,,,
ACSSF,2012m1,co,000,0004,0000049,3579,6774,1487,1879,1112,524,5445,2352,1897,1486,,,,,,,,,,,,,,,,,,,,,,,,,,,,,,,,,,,,,,,,,,,,,,,,,,,,,,,,,,,,,,,,,,,,,,,,6834,1649,2334,1095,1047,5749,,,,,,,,,,,,,,,,,,,,,,,,,,,,,,,,,,,,,,,,,,,,,,,,,,,,,,,,,,,,,,,,,,,,,,,,,,,,,,,,,,,,,,,,,,,,,3579,4335,6774,1487,1879,1112,524,5445,2352,1897,1486,2275,642,1188,588,222,1933,740,17,1879,1314,562,221,1013,191,1064,182,1383,1112,241,923,419,351,252,79,431,,,,,
ACSSF,2012m1,co,000,0004,0000050,5898,6618,1643,1146,2654,231,5136,2404,1079,2224,,,,,,,,,,,,,,,,,,,,,,,,,,,,,,,,,,,,,,,,,,,,,,,,,,,,,,,,,,,,,,,,,,,,,,,,6837,1696,1532,2907,463,5489,,,,,,,,,,,,,,,,,,,,,,,,,,,,,,,,,,,,,,,,,,,,,,,,,,,,,,,,,,,,,,,,,,,,,,,,,,,,,,,,,,,,,,,,,,,,,5898,5829,6618,1643,1146,2654,231,5136,2404,1079,2224,2218,1062,1090,1203,231,1222,597,189,1146,1069,362,151,345,429,760,328,572,2654,1268,1455,455,609,755,2774,761,,,,,
ACSSF,2012m1,co,000,0004,0000051,1509,4972,3990,1332,1367,668,4204,4539,1433,4150,,,,,,,,,,,,,,,,,,,,,,,,,,,,,,,,,,,,,,,,,,,,,,,,,,,,,,,,,,,,,,,,,,,,,,,,6404,1960,1893,2115,837,4578,,,,,,,,,,,,,,,,,,,,,,,,,,,,,,,,,,,,,,,,,,,,,,,,,,,,,,,,,,,,,,,,,,,,,,,,,,,,,,,,,,,,,,,,,,,,,1509,4793,4972,3990,1332,1367,668,4204,4539,1433,4150,4294,2802,1233,1419,431,2490,866,406,1332,1087,707,464,397,47,561,30,917,1367,842,952,1499,610,1689,735,622,,,,,
ACSSF,2012m1,co,000,0004,0000052,6342,8810,2904,1541,2428,307,5399,4300,3128,2693,,,,,,,,,,,,,,,,,,,,,,,,,,,,,,,,,,,,,,,,,,,,,,,,,,,,,,,,,,,,,,,,,,,,,,,,8204,2383,2041,2546,441,6304,,,,,,,,,,,,,,,,,,,,,,,,,,,,,,,,,,,,,,,,,,,,,,,,,,,,,,,,,,,,,,,,,,,,,,,,,,,,,,,,,,,,,,,,,,,,,6342,7989,8810,2904,1541,2428,307,5399,4300,3128,2693,3988,1460,893,1144,599,3407,1101,102,1541,1494,220,138,177,290,1461,87,390,2428,2210,2030,870,713,1193,2639,2832,,,,,
ACSSF,2012m1,co,000,0004,0000053,5008,8093,1827,2256,1980,273,6053,3221,1367,3128,,,,,,,,,,,,,,,,,,,,,,,,,,,,,,,,,,,,,,,,,,,,,,,,,,,,,,,,,,,,,,,,,,,,,,,,8108,2359,3105,2182,1063,6265,,,,,,,,,,,,,,,,,,,,,,,,,,,,,,,,,,,,,,,,,,,,,,,,,,,,,,,,,,,,,,,,,,,,,,,,,,,,,,,,,,,,,,,,,,,,,5008,6020,8093,1827,2256,1980,273,6053,3221,1367,3128,2952,1090,2466,1254,653,1682,1053,111,2256,2111,309,435,925,1699,790,189,807,1980,1647,1669,1090,979,769,1277,1755,,,,,
ACSSF,2012m1,co,000,0004,0000054,2101,2249,926,552,197,106,437,809,487,739,,,,,,,,,,,,,,,,,,,,,,,,,,,,,,,,,,,,,,,,,,,,,,,,,,,,,,,,,,,,,,,,,,,,,,,,2215,839,708,468,308,748,,,,,,,,,,,,,,,,,,,,,,,,,,,,,,,,,,,,,,,,,,,,,,,,,,,,,,,,,,,,,,,,,,,,,,,,,,,,,,,,,,,,,,,,,,,,,2101,2199,2249,926,552,197,106,437,809,487,739,809,431,457,406,189,478,189,189,,,,,,,,,,,,,,,,,,,,,,
ACSSF,2012m1,co,000,0004,0000055,4506,4788,332,207,654,189,2409,1330,548,1220,,,,,,,,,,,,,,,,,,,,,,,,,,,,,,,,,,,,,,,,,,,,,,,,,,,,,,,,,,,,,,,,,,,,,,,,4618,969,757,970,,2400,,,,,,,,,,,,,,,,,,,,,,,,,,,,,,,,,,,,,,,,,,,,,,,,,,,,,,,,,,,,,,,,,,,,,,,,,,,,,,,,,,,,,,,,,,,,,4506,4656,4788,332,207,654,189,2409,1330,548,1220,1265,844,680,432,150,548,252,189,,,,,,,,,,,,,,,,,,,,,,
ACSSF,2012m1,co,000,0004,0000056,4506,4639,771,545,900,489,1271,1518,565,1444,,,,,,,,,,,,,,,,,,,,,,,,,,,,,,,,,,,,,,,,,,,,,,,,,,,,,,,,,,,,,,,,,,,,,,,,4465,1057,1264,938,,1490,,,,,,,,,,,,,,,,,,,,,,,,,,,,,,,,,,,,,,,,,,,,,,,,,,,,,,,,,,,,,,,,,,,,,,,,,,,,,,,,,,,,,,,,,,,,,4506,4882,4639,771,545,900,489,1271,1518,565,1444,1495,522,1083,815,75,772,350,189,,,,,,,,,,900,655,628,273,462,415,316,259,,,,,
ACSSF,2012m1,co,000,0004,0000057,2060,3357,1185,437,636,123,2588,636,202,593,,,,,,,,,,,,,,,,,,,,,,,,,,,,,,,,,,,,,,,,,,,,,,,,,,,,,,,,,,,,,,,,,,,,,,,,3364,1205,686,609,,2592,,,,,,,,,,,,,,,,,,,,,,,,,,,,,,,,,,,,,,,,,,,,,,,,,,,,,,,,,,,,,,,,,,,,,,,,,,,,,,,,,,,,,,,,,,,,,2060,2219,3357,1185,437,636,123,2588,636,202,593,636,153,553,179,189,233,189,189,,,,,,,,,,,,,,,,,,,,,,
ACSSF,2012m1,co,000,0004,0000058,4690,6387,489,664,868,69,4140,1192,678,1066,,,,,,,,,,,,,,,,,,,,,,,,,,,,,,,,,,,,,,,,,,,,,,,,,,,,,,,,,,,,,,,,,,,,,,,,6494,348,712,824,,4167,,,,,,,,,,,,,,,,,,,,,,,,,,,,,,,,,,,,,,,,,,,,,,,,,,,,,,,,,,,,,,,,,,,,,,,,,,,,,,,,,,,,,,,,,,,,,4690,4687,6387,489,664,868,69,4140,1192,678,1066,1163,509,586,504,231,678,87,189,,,,,,,,,,,,,,,,,,,,,,
ACSSF,2012m1,co,000,0004,0000059,2784,3284,429,503,368,514,1985,888,733,443,,,,,,,,,,,,,,,,,,,,,,,,,,,,,,,,,,,,,,,,,,,,,,,,,,,,,,,,,,,,,,,,,,,,,,,,3255,814,590,555,,2095,,,,,,,,,,,,,,,,,,,,,,,,,,,,,,,,,,,,,,,,,,,,,,,,,,,,,,,,,,,,,,,,,,,,,,,,,,,,,,,,,,,,,,,,,,,,,,,,,,,,,,,,,,,,,,,,,,,,,,,,,,,,,,,,,,,,,
ACSSF,2012m1,co,000,0004,0000060,3145,3581,1067,742,356,67,1432,988,350,878,,,,,,,,,,,,,,,,,,,,,,,,,,,,,,,,,,,,,,,,,,,,,,,,,,,,,,,,,,,,,,,,,,,,,,,,3630,1078,1128,611,,1476,,,,,,,,,,,,,,,,,,,,,,,,,,,,,,,,,,,,,,,,,,,,,,,,,,,,,,,,,,,,,,,,,,,,,,,,,,,,,,,,,,,,,,,,,,,,,3145,3230,3581,1067,742,356,67,1432,988,350,878,912,61,802,154,189,350,357,189,,,,,,,,,,,,,,,,,,,,,,
ACSSF,2012m1,co,000,0004,0000061,1963,4436,395,826,441,144,3510,1861,1601,943,,,,,,,,,,,,,,,,,,,,,,,,,,,,,,,,,,,,,,,,,,,,,,,,,,,,,,,,,,,,,,,,,,,,,,,,4405,753,1010,417,,3931,,,,,,,,,,,,,,,,,,,,,,,,,,,,,,,,,,,,,,,,,,,,,,,,,,,,,,,,,,,,,,,,,,,,,,,,,,,,,,,,,,,,,,,,,,,,,1963,2567,4436,395,826,441,144,3510,1861,1601,943,1713,354,431,463,189,1592,573,189,,,,,,,,,,,,,,,,,,,,,,
ACSSF,2012m1,co,000,0004,0000062,3334,3283,464,913,265,87,1334,866,639,681,,,,,,,,,,,,,,,,,,,,,,,,,,,,,,,,,,,,,,,,,,,,,,,,,,,,,,,,,,,,,,,,,,,,,,,,3427,503,1062,385,,1622,,,,,,,,,,,,,,,,,,,,,,,,,,,,,,,,,,,,,,,,,,,,,,,,,,,,,,,,,,,,,,,,,,,,,,,,,,,,,,,,,,,,,,,,,,,,,3334,3194,3283,464,913,265,87,1334,866,639,681,878,132,639,121,189,639,170,189,,,,,,,,,,,,,,,,,,,,,,
ACSSF,2012m1,co,000,0004,0000063,4787,4778,220,247,595,189,227,1473,569,1337,,,,,,,,,,,,,,,,,,,,,,,,,,,,,,,,,,,,,,,,,,,,,,,,,,,,,,,,,,,,,,,,,,,,,,,,4732,,362,1383,,576,,,,,,,,,,,,,,,,,,,,,,,,,,,,,,,,,,,,,,,,,,,,,,,,,,,,,,,,,,,,,,,,,,,,,,,,,,,,,,,,,,,,,,,,,,,,,,,,,,,,,,,,,,,,,,,,,,,,,,,,,,,,,,,,,,,,,
ACSSF,2012m1,co,000,0004,0000064,4808,5530,1141,300,2847,189,2319,1233,238,1213,,,,,,,,,,,,,,,,,,,,,,,,,,,,,,,,,,,,,,,,,,,,,,,,,,,,,,,,,,,,,,,,,,,,,,,,5482,1233,810,2922,,2305,,,,,,,,,,,,,,,,,,,,,,,,,,,,,,,,,,,,,,,,,,,,,,,,,,,,,,,,,,,,,,,,,,,,,,,,,,,,,,,,,,,,,,,,,,,,,4808,4951,5530,1141,300,2847,189,2319,1233,238,1213,943,489,309,761,189,238,529,189,,,,,,,,,,2847,649,862,436,138,594,2710,601,,,,,
ACSSF,2012m1,co,000,0004,0000065,2871,3628,637,150,1142,34,1540,888,327,815,,,,,,,,,,,,,,,,,,,,,,,,,,,,,,,,,,,,,,,,,,,,,,,,,,,,,,,,,,,,,,,,,,,,,,,,3619,730,464,1338,,1631,,,,,,,,,,,,,,,,,,,,,,,,,,,,,,,,,,,,,,,,,,,,,,,,,,,,,,,,,,,,,,,,,,,,,,,,,,,,,,,,,,,,,,,,,,,,,2871,2868,3628,637,150,1142,34,1540,888,327,815,881,444,443,476,189,502,113,189,,,,,,,,,,1142,188,692,150,364,390,42,652,,,,,
ACSSF,2012m1,co,000,0004,0000066,4338,4256,379,507,2677,189,1977,1436,302,1357,,,,,,,,,,,,,,,,,,,,,,,,,,,,,,,,,,,,,,,,,,,,,,,,,,,,,,,,,,,,,,,,,,,,,,,,4262,732,661,2574,,2069,,,,,,,,,,,,,,,,,,,,,,,,,,,,,,,,,,,,,,,,,,,,,,,,,,,,,,,,,,,,,,,,,,,,,,,,,,,,,,,,,,,,,,,,,,,,,4338,4583,4256,379,507,2677,189,1977,1436,302,1357,1422,517,443,791,189,888,315,62,,,,,,,,,,2677,817,1016,700,560,943,1149,2402,,,,,
ACSSF,2012m1,co,000,0004,0000067,5208,5499,677,270,2162,196,1667,1618,903,1324,,,,,,,,,,,,,,,,,,,,,,,,,,,,,,,,,,,,,,,,,,,,,,,,,,,,,,,,,,,,,,,,,,,,,,,,5564,881,1138,2254,,1796,,,,,,,,,,,,,,,,,,,,,,,,,,,,,,,,,,,,,,,,,,,,,,,,,,,,,,,,,,,,,,,,,,,,,,,,,,,,,,,,,,,,,,,,,,,,,5208,5318,5499,677,270,2162,196,1667,1618,903,1324,1587,326,1121,675,117,905,210,189,,,,,,,,,,2162,270,662,253,478,375,657,1651,,,,,
ACSSF,2012m1,co,000,0004,0000068,5977,6824,993,582,1716,128,3051,1567,436,1494,,,,,,,,,,,,,,,,,,,,,,,,,,,,,,,,,,,,,,,,,,,,,,,,,,,,,,,,,,,,,,,,,,,,,,,,7006,1114,1322,1764,440,3098,,,,,,,,,,,,,,,,,,,,,,,,,,,,,,,,,,,,,,,,,,,,,,,,,,,,,,,,,,,,,,,,,,,,,,,,,,,,,,,,,,,,,,,,,,,,,5977,5907,6824,993,582,1716,128,3051,1567,436,1494,1428,539,937,512,157,608,448,189,,,,,,,,,,1716,1559,916,1028,417,122,942,794,,,,,
ACSSF,2012m1,co,000,0004,0000069,5058,5957,1409,1606,1232,141,3316,2514,624,2397,,,,,,,,,,,,,,,,,,,,,,,,,,,,,,,,,,,,,,,,,,,,,,,,,,,,,,,,,,,,,,,,,,,,,,,,5418,1771,2200,1622,,3409,,,,,,,,,,,,,,,,,,,,,,,,,,,,,,,,,,,,,,,,,,,,,,,,,,,,,,,,,,,,,,,,,,,,,,,,,,,,,,,,,,,,,,,,,,,,,5058,5756,5957,1409,1606,1232,141,3316,2514,624,2397,2285,550,2027,762,189,645,845,189,,,,,,,,,,,,,,,,,,,,,,
ACSSF,2012m1,co,000,0004,0000070,5156,4529,2480,417,2156,301,1982,2382,2001,1168,,,,,,,,,,,,,,,,,,,,,,,,,,,,,,,,,,,,,,,,,,,,,,,,,,,,,,,,,,,,,,,,,,,,,,,,5063,2596,672,2251,353,2831,,,,,,,,,,,,,,,,,,,,,,,,,,,,,,,,,,,,,,,,,,,,,,,,,,,,,,,,,,,,,,,,,,,,,,,,,,,,,,,,,,,,,,,,,,,,,5156,5206,4529,2480,417,2156,301,1982,2382,2001,1168,2213,566,338,611,189,2025,477,189,,,,,,,,,,2156,1360,669,321,406,672,1661,1092,,,,,
ACSSF,2012m1,co,000,0004,0000071,6211,5397,3469,651,1424,33,2219,1875,1039,1522,,,,,,,,,,,,,,,,,,,,,,,,,,,,,,,,,,,,,,,,,,,,,,,,,,,,,,,,,,,,,,,,,,,,,,,,5530,3707,1149,1669,238,2313,,,,,,,,,,,,,,,,,,,,,,,,,,,,,,,,,,,,,,,,,,,,,,,,,,,,,,,,,,,,,,,,,,,,,,,,,,,,,,,,,,,,,,,,,,,,,6211,6293,5397,3469,651,1424,33,2219,1875,1039,1522,1629,709,303,563,357,1208,821,189,,,,,,,,,,1424,636,349,115,411,327,1269,378,,,,,
ACSSF,2012m1,co,000,0004,0000072,5779,6279,3933,1109,2236,171,3072,2680,2051,1348,,,,,,,,,,,,,,,,,,,,,,,,,,,,,,,,,,,,,,,,,,,,,,,,,,,,,,,,,,,,,,,,,,,,,,,,6559,3909,1375,2257,,3416,,,,,,,,,,,,,,,,,,,,,,,,,,,,,,,,,,,,,,,,,,,,,,,,,,,,,,,,,,,,,,,,,,,,,,,,,,,,,,,,,,,,,,,,,,,,,5779,5996,6279,3933,1109,2236,171,3072,2680,2051,1348,2508,709,588,502,472,2196,329,102,,,,,,,,,,2236,277,196,347,107,776,586,2090,,,,,
ACSSF,2012m1,co,000,0004,0000073,4711,4681,651,330,1895,391,1373,753,285,688,,,,,,,,,,,,,,,,,,,,,,,,,,,,,,,,,,,,,,,,,,,,,,,,,,,,,,,,,,,,,,,,,,,,,,,,4635,941,518,1977,,1450,,,,,,,,,,,,,,,,,,,,,,,,,,,,,,,,,,,,,,,,,,,,,,,,,,,,,,,,,,,,,,,,,,,,,,,,,,,,,,,,,,,,,,,,,,,,,4711,4797,4681,651,330,1895,391,1373,753,285,688,698,389,342,306,189,295,234,189,,,,,,,,,,1895,691,637,590,297,1233,189,758,,,,,
ACSSF,2012m1,co,000,0004,0000074,10481,9041,3888,647,1979,321,4185,1271,569,1235,,,,,,,,,,,,,,,,,,,,,,,,,,,,,,,,,,,,,,,,,,,,,,,,,,,,,,,,,,,,,,,,,,,,,,,,8972,3990,834,2167,,4223,,,,,,,,,,,,,,,,,,,,,,,,,,,,,,,,,,,,,,,,,,,,,,,,,,,,,,,,,,,,,,,,,,,,,,,,,,,,,,,,,,,,,,,,,,,,,10481,10609,9041,3888,647,1979,321,4185,1271,569,1235,1296,851,488,386,126,887,253,189,,,,,,,,,,1979,141,1421,543,308,215,672,1211,,,,,
ACSSF,2012m1,co,000,0004,0000075,7896,6127,2899,1233,759,214,2152,969,763,664,,,,,,,,,,,,,,,,,,,,,,,,,,,,,,,,,,,,,,,,,,,,,,,,,,,,,,,,,,,,,,,,,,,,,,,,6321,2973,1277,903,234,2219,,,,,,,,,,,,,,,,,,,,,,,,,,,,,,,,,,,,,,,,,,,,,,,,,,,,,,,,,,,,,,,,,,,,,,,,,,,,,,,,,,,,,,,,,,,,,7896,7655,6127,2899,1233,759,214,2152,969,763,664,955,249,401,348,189,758,115,189,,,,,,,,,,,,,,,,,,,,,,
ACSSF,2012m1,co,000,0004,0000076,5822,5273,864,489,873,70,1012,804,121,796,,,,,,,,,,,,,,,,,,,,,,,,,,,,,,,,,,,,,,,,,,,,,,,,,,,,,,,,,,,,,,,,,,,,,,,,5354,948,618,1239,,998,,,,,,,,,,,,,,,,,,,,,,,,,,,,,,,,,,,,,,,,,,,,,,,,,,,,,,,,,,,,,,,,,,,,,,,,,,,,,,,,,,,,,,,,,,,,,5822,5732,5273,864,489,873,70,1012,804,121,796,800,384,431,719,169,321,114,189,,,,,,,,,,873,262,495,136,316,504,189,302,,,,,
ACSSF,2012m1,co,000,0004,0000077,8256,6253,4773,368,2866,99,2160,1937,858,1661,,,,,,,,,,,,,,,,,,,,,,,,,,,,,,,,,,,,,,,,,,,,,,,,,,,,,,,,,,,,,,,,,,,,,,,,6395,4827,1063,2907,,2398,,,,,,,,,,,,,,,,,,,,,,,,,,,,,,,,,,,,,,,,,,,,,,,,,,,,,,,,,,,,,,,,,,,,,,,,,,,,,,,,,,,,,,,,,,,,,8256,8247,6253,4773,368,2866,99,2160,1937,858,1661,1840,686,720,1316,189,894,372,189,,,,,,,,,,2866,1637,568,363,561,926,307,2793,,,,,
ACSSF,2012m1,co,000,0004,0000078,8815,8500,767,816,1150,189,4122,2090,1759,1133,,,,,,,,,,,,,,,,,,,,,,,,,,,,,,,,,,,,,,,,,,,,,,,,,,,,,,,,,,,,,,,,,,,,,,,,8563,1002,1180,2231,,4278,,,,,,,,,,,,,,,,,,,,,,,,,,,,,,,,,,,,,,,,,,,,,,,,,,,,,,,,,,,,,,,,,,,,,,,,,,,,,,,,,,,,,,,,,,,,,8815,8729,8500,767,816,1150,189,4122,2090,1759,1133,2028,548,420,627,189,1759,254,189,,,,,,,,,,1150,327,397,75,126,370,719,806,,,,,
ACSSF,2012m1,co,000,0004,0000079,3395,3759,627,951,902,48,2522,1066,567,848,,,,,,,,,,,,,,,,,,,,,,,,,,,,,,,,,,,,,,,,,,,,,,,,,,,,,,,,,,,,,,,,,,,,,,,,3658,748,1078,1144,,2641,,,,,,,,,,,,,,,,,,,,,,,,,,,,,,,,,,,,,,,,,,,,,,,,,,,,,,,,,,,,,,,,,,,,,,,,,,,,,,,,,,,,,,,,,,,,,3395,3464,3759,627,951,902,48,2522,1066,567,848,1067,370,360,590,138,616,165,189,,,,,,,,,,,,,,,,,,,,,,
ACSSF,2012m1,co,000,0004,0000080,5108,4728,394,1071,1159,77,969,1298,664,1107,,,,,,,,,,,,,,,,,,,,,,,,,,,,,,,,,,,,,,,,,,,,,,,,,,,,,,,,,,,,,,,,,,,,,,,,4745,724,1241,1519,,1322,,,,,,,,,,,,,,,,,,,,,,,,,,,,,,,,,,,,,,,,,,,,,,,,,,,,,,,,,,,,,,,,,,,,,,,,,,,,,,,,,,,,,,,,,,,,,5108,5091,4728,394,1071,1159,77,969,1298,664,1107,1262,37,559,494,609,733,153,111,,,,,,,,,,,,,,,,,,,,,,
ACSSF,2012m1,co,000,0004,0000081,5159,4917,1272,657,1035,189,1049,1008,297,1010,,,,,,,,,,,,,,,,,,,,,,,,,,,,,,,,,,,,,,,,,,,,,,,,,,,,,,,,,,,,,,,,,,,,,,,,5081,1418,793,1295,400,1101,,,,,,,,,,,,,,,,,,,,,,,,,,,,,,,,,,,,,,,,,,,,,,,,,,,,,,,,,,,,,,,,,,,,,,,,,,,,,,,,,,,,,,,,,,,,,5159,4933,4917,1272,657,1035,189,1049,1008,297,1010,910,453,484,507,189,395,342,189,,,,,,,,,,1035,334,429,205,570,141,739,302,,,,,
ACSSF,2012m1,co,000,0004,0000082,3514,3805,1193,772,859,189,1505,1744,879,1437,,,,,,,,,,,,,,,,,,,,,,,,,,,,,,,,,,,,,,,,,,,,,,,,,,,,,,,,,,,,,,,,,,,,,,,,4133,1466,1187,1243,,1821,,,,,,,,,,,,,,,,,,,,,,,,,,,,,,,,,,,,,,,,,,,,,,,,,,,,,,,,,,,,,,,,,,,,,,,,,,,,,,,,,,,,,,,,,,,,,3514,3364,3805,1193,772,859,189,1505,1744,879,1437,1704,264,850,957,36,886,173,189,,,,,,,,,,,,,,,,,,,,,,
ACSSF,2012m1,co,000,0004,0000083,5448,5452,1211,203,1284,189,597,963,562,793,,,,,,,,,,,,,,,,,,,,,,,,,,,,,,,,,,,,,,,,,,,,,,,,,,,,,,,,,,,,,,,,,,,,,,,,5510,1266,543,1344,,802,,,,,,,,,,,,,,,,,,,,,,,,,,,,,,,,,,,,,,,,,,,,,,,,,,,,,,,,,,,,,,,,,,,,,,,,,,,,,,,,,,,,,,,,,,,,,,,,,,,,,,,,,,,,,,,,,,,,,,,,,1284,766,1141,96,115,197,697,523,,,,,
ACSSF,2012m1,co,000,0004,0000084,4551,4640,675,393,1587,104,1226,1085,614,1032,,,,,,,,,,,,,,,,,,,,,,,,,,,,,,,,,,,,,,,,,,,,,,,,,,,,,,,,,,,,,,,,,,,,,,,,4723,889,429,1603,,1349,,,,,,,,,,,,,,,,,,,,,,,,,,,,,,,,,,,,,,,,,,,,,,,,,,,,,,,,,,,,,,,,,,,,,,,,,,,,,,,,,,,,,,,,,,,,,4551,4635,4640,675,393,1587,104,1226,1085,614,1032,1026,287,321,755,189,634,285,189,,,,,,,,,,1587,1088,1194,57,375,418,1250,636,,,,,
ACSSF,2012m1,co,000,0004,0000085,4469,4681,557,160,895,145,760,1117,421,1003,,,,,,,,,,,,,,,,,,,,,,,,,,,,,,,,,,,,,,,,,,,,,,,,,,,,,,,,,,,,,,,,,,,,,,,,4727,896,570,1143,209,1053,,,,,,,,,,,,,,,,,,,,,,,,,,,,,,,,,,,,,,,,,,,,,,,,,,,,,,,,,,,,,,,,,,,,,,,,,,,,,,,,,,,,,,,,,,,,,4469,4499,4681,557,160,895,145,760,1117,421,1003,1105,513,591,437,189,647,123,189,,,,,,,,,,,,,,,,,,,,,,
ACSSF,2012m1,co,000,0004,0000086,6487,5597,2476,363,1972,575,2579,1315,962,1008,,,,,,,,,,,,,,,,,,,,,,,,,,,,,,,,,,,,,,,,,,,,,,,,,,,,,,,,,,,,,,,,,,,,,,,,5757,2696,697,1959,609,2732,,,,,,,,,,,,,,,,,,,,,,,,,,,,,,,,,,,,,,,,,,,,,,,,,,,,,,,,,,,,,,,,,,,,,,,,,,,,,,,,,,,,,,,,,,,,,6487,6343,5597,2476,363,1972,575,2579,1315,962,1008,1315,742,594,336,189,986,189,189,,,,,,,,,,,,,,,,,,,,,,
ACSSF,2012m1,co,000,0004,0000087,2308,2525,419,632,318,20,995,671,199,624,,,,,,,,,,,,,,,,,,,,,,,,,,,,,,,,,,,,,,,,,,,,,,,,,,,,,,,,,,,,,,,,,,,,,,,,2524,440,695,352,,1021,,,,,,,,,,,,,,,,,,,,,,,,,,,,,,,,,,,,,,,,,,,,,,,,,,,,,,,,,,,,,,,,,,,,,,,,,,,,,,,,,,,,,,,,,,,,,,,,,,,,,,,,,,,,,,,,,,,,,,,,,,,,,,,,,,,,,
ACSSF,2012m1,co,000,0004,0000088,2788,3113,264,797,352,218,1698,1131,902,696,,,,,,,,,,,,,,,,,,,,,,,,,,,,,,,,,,,,,,,,,,,,,,,,,,,,,,,,,,,,,,,,,,,,,,,,3137,316,778,240,391,1956,,,,,,,,,,,,,,,,,,,,,,,,,,,,,,,,,,,,,,,,,,,,,,,,,,,,,,,,,,,,,,,,,,,,,,,,,,,,,,,,,,,,,,,,,,,,,2788,2873,3113,264,797,352,218,1698,1131,902,696,1148,360,554,349,222,912,211,17,,,,,,,,,,,,,,,,,,,,,,
ACSSF,2012m1,co,000,0004,0000089,3277,3387,622,647,212,515,996,566,189,566,,,,,,,,,,,,,,,,,,,,,,,,,,,,,,,,,,,,,,,,,,,,,,,,,,,,,,,,,,,,,,,,,,,,,,,,3384,623,814,250,,996,,,,,,,,,,,,,,,,,,,,,,,,,,,,,,,,,,,,,,,,,,,,,,,,,,,,,,,,,,,,,,,,,,,,,,,,,,,,,,,,,,,,,,,,,,,,,,,,,,,,,,,,,,,,,,,,,,,,,,,,,,,,,,,,,,,,,
ACSSF,2012m1,co,000,0004,0000090,5155,5556,2156,1017,553,429,547,1443,377,1391,,,,,,,,,,,,,,,,,,,,,,,,,,,,,,,,,,,,,,,,,,,,,,,,,,,,,,,,,,,,,,,,,,,,,,,,5701,2267,1132,1209,,738,,,,,,,,,,,,,,,,,,,,,,,,,,,,,,,,,,,,,,,,,,,,,,,,,,,,,,,,,,,,,,,,,,,,,,,,,,,,,,,,,,,,,,,,,,,,,5155,5148,5556,2156,1017,553,429,547,1443,377,1391,1340,477,518,1002,189,388,382,189,,,,,,,,,,,,,,,,,,,,,,
ACSSF,2012m1,co,000,0004,0000091,7037,6015,3094,588,1069,190,1284,2497,342,2440,,,,,,,,,,,,,,,,,,,,,,,,,,,,,,,,,,,,,,,,,,,,,,,,,,,,,,,,,,,,,,,,,,,,,,,,7003,3443,949,1644,644,1367,,,,,,,,,,,,,,,,,,,,,,,,,,,,,,,,,,,,,,,,,,,,,,,,,,,,,,,,,,,,,,,,,,,,,,,,,,,,,,,,,,,,,,,,,,,,,7037,6132,6015,3094,588,1069,190,1284,2497,342,2440,2471,1990,749,855,189,618,402,189,,,,,,,,,,1069,465,175,368,301,999,189,146,,,,,
ACSSF,2012m1,co,000,0004,0000092,6382,5638,1686,335,930,411,1037,2207,607,2099,,,,,,,,,,,,,,,,,,,,,,,,,,,,,,,,,,,,,,,,,,,,,,,,,,,,,,,,,,,,,,,,,,,,,,,,5800,2726,637,2251,439,1196,,,,,,,,,,,,,,,,,,,,,,,,,,,,,,,,,,,,,,,,,,,,,,,,,,,,,,,,,,,,,,,,,,,,,,,,,,,,,,,,,,,,,,,,,,,,,6382,6013,5638,1686,335,930,411,1037,2207,607,2099,2169,629,472,381,64,1937,309,189,,,,,,,,,,,,,,,,,,,,,,
ACSSF,2012m1,co,000,0004,0000093,7335,6994,1861,203,1133,357,1686,2079,223,2027,,,,,,,,,,,,,,,,,,,,,,,,,,,,,,,,,,,,,,,,,,,,,,,,,,,,,,,,,,,,,,,,,,,,,,,,7041,2384,572,1479,445,1697,,,,,,,,,,,,,,,,,,,,,,,,,,,,,,,,,,,,,,,,,,,,,,,,,,,,,,,,,,,,,,,,,,,,,,,,,,,,,,,,,,,,,,,,,,,,,7335,7454,6994,1861,203,1133,357,1686,2079,223,2027,1671,1079,424,816,104,361,572,189,,,,,,,,,,1133,189,439,614,270,547,451,548,,,,,
ACSSF,2012m1,co,000,0004,0000094,7434,6366,3025,331,938,208,3479,1858,900,1609,,,,,,,,,,,,,,,,,,,,,,,,,,,,,,,,,,,,,,,,,,,,,,,,,,,,,,,,,,,,,,,,,,,,,,,,6449,3327,1005,1209,516,3775,,,,,,,,,,,,,,,,,,,,,,,,,,,,,,,,,,,,,,,,,,,,,,,,,,,,,,,,,,,,,,,,,,,,,,,,,,,,,,,,,,,,,,,,,,,,,7434,7329,6366,3025,331,938,208,3479,1858,900,1609,1807,947,774,488,389,1017,347,406,,,,,,,,,,,,,,,,,,,,,,
ACSSF,2012m1,co,000,0004,0000095,8079,7403,1023,253,1654,57,849,1502,246,1471,,,,,,,,,,,,,,,,,,,,,,,,,,,,,,,,,,,,,,,,,,,,,,,,,,,,,,,,,,,,,,,,,,,,,,,,7841,1261,1006,1856,363,853,,,,,,,,,,,,,,,,,,,,,,,,,,,,,,,,,,,,,,,,,,,,,,,,,,,,,,,,,,,,,,,,,,,,,,,,,,,,,,,,,,,,,,,,,,,,,8079,7724,7403,1023,253,1654,57,849,1502,246,1471,1489,482,1010,951,198,420,96,189,,,,,,,,,,,,,,,,,,,,,,
ACSSF,2012m1,co,000,0004,0000096,7080,6692,1118,271,1730,133,712,1566,332,1433,,,,,,,,,,,,,,,,,,,,,,,,,,,,,,,,,,,,,,,,,,,,,,,,,,,,,,,,,,,,,,,,,,,,,,,,6870,1290,995,1907,435,843,,,,,,,,,,,,,,,,,,,,,,,,,,,,,,,,,,,,,,,,,,,,,,,,,,,,,,,,,,,,,,,,,,,,,,,,,,,,,,,,,,,,,,,,,,,,,7080,6961,6692,1118,271,1730,133,712,1566,332,1433,1558,469,972,795,198,453,96,189,,,,,,,,,,1730,620,895,1228,148,424,468,191,,,,,
ACSSF,2012m1,co,000,0004,0000097,6909,7375,3927,1366,2040,209,4053,2770,2066,1948,,,,,,,,,,,,,,,,,,,,,,,,,,,,,,,,,,,,,,,,,,,,,,,,,,,,,,,,,,,,,,,,,,,,,,,,7493,4222,1816,2326,387,4435,,,,,,,,,,,,,,,,,,,,,,,,,,,,,,,,,,,,,,,,,,,,,,,,,,,,,,,,,,,,,,,,,,,,,,,,,,,,,,,,,,,,,,,,,,,,,6909,6984,7375,3927,1366,2040,209,4053,2770,2066,1948,2581,1089,779,713,599,2195,917,102,,,,,,,,,,2040,606,607,257,417,392,1370,1239,,,,,
ACSSF,2012m1,co,000,0004,0000098,3851,4800,727,521,2551,34,2452,1208,563,1040,,,,,,,,,,,,,,,,,,,,,,,,,,,,,,,,,,,,,,,,,,,,,,,,,,,,,,,,,,,,,,,,,,,,,,,,4702,944,670,2762,,2650,,,,,,,,,,,,,,,,,,,,,,,,,,,,,,,,,,,,,,,,,,,,,,,,,,,,,,,,,,,,,,,,,,,,,,,,,,,,,,,,,,,,,,,,,,,,,3851,4035,4800,727,521,2551,34,2452,1208,563,1040,1205,597,548,695,189,680,162,62,,,,,,,,,,2551,821,1213,611,554,395,689,2380,,,,,
ACSSF,2012m1,co,000,0004,0000099,3658,4031,1079,195,838,189,1325,2092,374,2083,,,,,,,,,,,,,,,,,,,,,,,,,,,,,,,,,,,,,,,,,,,,,,,,,,,,,,,,,,,,,,,,,,,,,,,,4003,1147,1929,1301,,1464,,,,,,,,,,,,,,,,,,,,,,,,,,,,,,,,,,,,,,,,,,,,,,,,,,,,,,,,,,,,,,,,,,,,,,,,,,,,,,,,,,,,,,,,,,,,,3658,3517,4031,1079,195,838,189,1325,2092,374,2083,2092,423,1898,758,189,374,189,189,,,,,,,,,,,,,,,,,,,,,,
ACSSF,2012m1,co,000,0004,0000100,6795,6596,3435,625,2266,298,2986,3161,2404,1524,,,,,,,,,,,,,,,,,,,,,,,,,,,,,,,,,,,,,,,,,,,,,,,,,,,,,,,,,,,,,,,,,,,,,,,,6534,3602,893,2427,350,3913,,,,,,,,,,,,,,,,,,,,,,,,,,,,,,,,,,,,,,,,,,,,,,,,,,,,,,,,,,,,,,,,,,,,,,,,,,,,,,,,,,,,,,,,,,,,,6795,7152,6596,3435,625,2266,298,2986,3161,2404,1524,2945,822,459,784,189,2602,577,189,,,,,,,,,,2266,1953,1112,812,579,1638,2047,2422,,,,,
ACSSF,2012m1,co,000,0004,0000101,8103,8286,3237,618,1044,415,3214,2464,728,2369,,,,,,,,,,,,,,,,,,,,,,,,,,,,,,,,,,,,,,,,,,,,,,,,,,,,,,,,,,,,,,,,,,,,,,,,8364,3650,1265,2284,598,3302,,,,,,,,,,,,,,,,,,,,,,,,,,,,,,,,,,,,,,,,,,,,,,,,,,,,,,,,,,,,,,,,,,,,,,,,,,,,,,,,,,,,,,,,,,,,,8103,8127,8286,3237,618,1044,415,3214,2464,728,2369,2418,794,848,625,390,1950,345,189,,,,,,,,,,1044,189,451,390,362,820,389,541,,,,,
ACSSF,2012m1,co,000,0004,0000102,0,6561,1834,1536,2099,422,6236,3404,2257,2606,,,,,,,,,,,,,,,,,,,,,,,,,,,,,,,,,,,,,,,,,,,,,,,,,,,,,,,,,,,,,,,,,,,,,,,,6993,1493,1714,2031,751,6263,,,,,,,,,,,,,,,,,,,,,,,,,,,,,,,,,,,,,,,,,,,,,,,,,,,,,,,,,,,,,,,,,,,,,,,,,,,,,,,,,,,,,,,,,,,,,0,3404,6561,1834,1536,2099,422,6236,3404,2257,2606,3343,1323,1027,1575,216,2446,530,189,1536,1267,894,151,429,216,845,189,981,2099,1153,1527,774,705,1143,974,2831,,,,,
ACSSF,2012m1,co,000,0004,0000103,917,1895,547,449,993,184,1391,1514,949,1433,,,,,,,,,,,,,,,,,,,,,,,,,,,,,,,,,,,,,,,,,,,,,,,,,,,,,,,,,,,,,,,,,,,,,,,,2266,577,505,365,241,1710,,,,,,,,,,,,,,,,,,,,,,,,,,,,,,,,,,,,,,,,,,,,,,,,,,,,,,,,,,,,,,,,,,,,,,,,,,,,,,,,,,,,,,,,,,,,,917,1847,1895,547,449,993,184,1391,1514,949,1433,1466,543,672,817,189,1025,396,189,,,,,,,,,,993,1271,1370,137,576,478,1297,854,,,,,
ACSSF,2012m1,co,000,0004,0000104,6144,6418,1252,618,890,358,701,1685,163,1657,,,,,,,,,,,,,,,,,,,,,,,,,,,,,,,,,,,,,,,,,,,,,,,,,,,,,,,,,,,,,,,,,,,,,,,,6431,1757,715,1411,434,764,,,,,,,,,,,,,,,,,,,,,,,,,,,,,,,,,,,,,,,,,,,,,,,,,,,,,,,,,,,,,,,,,,,,,,,,,,,,,,,,,,,,,,,,,,,,,6144,6211,6418,1252,618,890,358,701,1685,163,1657,1287,963,367,750,189,319,556,189,,,,,,,,,,,,,,,,,,,,,,
ACSSF,2012m1,co,000,0004,0000105,4451,4531,771,545,903,489,1271,1518,565,1444,,,,,,,,,,,,,,,,,,,,,,,,,,,,,,,,,,,,,,,,,,,,,,,,,,,,,,,,,,,,,,,,,,,,,,,,4368,1064,1264,955,,1490,,,,,,,,,,,,,,,,,,,,,,,,,,,,,,,,,,,,,,,,,,,,,,,,,,,,,,,,,,,,,,,,,,,,,,,,,,,,,,,,,,,,,,,,,,,,,4451,4808,4531,771,545,903,489,1271,1518,565,1444,1495,522,1083,815,75,772,350,189,,,,,,,,,,903,655,592,273,462,415,316,256,,,,,
ACSSF,2012m1,co,000,0004,0000106,1144,1874,264,820,352,218,1702,1116,902,639,,,,,,,,,,,,,,,,,,,,,,,,,,,,,,,,,,,,,,,,,,,,,,,,,,,,,,,,,,,,,,,,,,,,,,,,1726,318,754,232,391,1950,,,,,,,,,,,,,,,,,,,,,,,,,,,,,,,,,,,,,,,,,,,,,,,,,,,,,,,,,,,,,,,,,,,,,,,,,,,,,,,,,,,,,,,,,,,,,1144,1528,1874,264,820,352,218,1702,1116,902,639,1124,344,535,349,222,912,209,17,,,,,,,,,,,,,,,,,,,,,,
ACSSF,2012m1,co,000,0004,0000107,4553,5457,563,659,870,69,4061,929,650,816,,,,,,,,,,,,,,,,,,,,,,,,,,,,,,,,,,,,,,,,,,,,,,,,,,,,,,,,,,,,,,,,,,,,,,,,5432,550,784,855,,4119,,,,,,,,,,,,,,,,,,,,,,,,,,,,,,,,,,,,,,,,,,,,,,,,,,,,,,,,,,,,,,,,,,,,,,,,,,,,,,,,,,,,,,,,,,,,,4553,4645,5457,563,659,870,69,4061,929,650,816,929,460,499,327,231,650,189,189,,,,,,,,,,,,,,,,,,,,,,
ACSSF,2012m1,co,000,0004,0000108,6857,5646,2685,394,600,205,2660,2542,838,2430,,,,,,,,,,,,,,,,,,,,,,,,,,,,,,,,,,,,,,,,,,,,,,,,,,,,,,,,,,,,,,,,,,,,,,,,6394,3340,553,917,,3106,,,,,,,,,,,,,,,,,,,,,,,,,,,,,,,,,,,,,,,,,,,,,,,,,,,,,,,,,,,,,,,,,,,,,,,,,,,,,,,,,,,,,,,,,,,,,6857,6292,5646,2685,394,600,205,2660,2542,838,2430,2523,2288,208,499,104,925,191,195,,,,,,,,,,,,,,,,,,,,,,
ACSSF,2012m1,co,000,0004,0000109,1411,3879,870,1132,1307,94,2765,2091,1004,1839,,,,,,,,,,,,,,,,,,,,,,,,,,,,,,,,,,,,,,,,,,,,,,,,,,,,,,,,,,,,,,,,,,,,,,,,3481,711,1444,665,924,3126,,,,,,,,,,,,,,,,,,,,,,,,,,,,,,,,,,,,,,,,,,,,,,,,,,,,,,,,,,,,,,,,,,,,,,,,,,,,,,,,,,,,,,,,,,,,,1411,2819,3879,870,1132,1307,94,2765,2091,1004,1839,1988,672,897,1262,621,1223,519,111,,,,,,,,,,1307,512,1364,449,782,488,1110,1279,,,,,
ACSSF,2012m1,co,000,0004,0000110,3034,3070,519,766,1014,189,935,794,290,691,,,,,,,,,,,,,,,,,,,,,,,,,,,,,,,,,,,,,,,,,,,,,,,,,,,,,,,,,,,,,,,,,,,,,,,,3033,622,783,1247,,1031,,,,,,,,,,,,,,,,,,,,,,,,,,,,,,,,,,,,,,,,,,,,,,,,,,,,,,,,,,,,,,,,,,,,,,,,,,,,,,,,,,,,,,,,,,,,,3034,3075,3070,519,766,1014,189,935,794,290,691,691,222,345,424,189,294,261,189,,,,,,,,,,,,,,,,,,,,,,
ACSSF,2012m1,co,000,0004,0000111,4718,5398,1086,300,2779,189,2281,1254,238,1227,,,,,,,,,,,,,,,,,,,,,,,,,,,,,,,,,,,,,,,,,,,,,,,,,,,,,,,,,,,,,,,,,,,,,,,,5279,1141,810,2847,,2264,,,,,,,,,,,,,,,,,,,,,,,,,,,,,,,,,,,,,,,,,,,,,,,,,,,,,,,,,,,,,,,,,,,,,,,,,,,,,,,,,,,,,,,,,,,,,4718,4959,5398,1086,300,2779,189,2281,1254,238,1227,971,543,309,761,189,238,529,189,,,,,,,,,,2779,649,533,436,138,594,2710,544,,,,,
ACSSF,2012m1,co,000,0004,0000112,3974,4294,246,200,657,189,2385,1308,548,1201,,,,,,,,,,,,,,,,,,,,,,,,,,,,,,,,,,,,,,,,,,,,,,,,,,,,,,,,,,,,,,,,,,,,,,,,4205,935,759,954,,2374,,,,,,,,,,,,,,,,,,,,,,,,,,,,,,,,,,,,,,,,,,,,,,,,,,,,,,,,,,,,,,,,,,,,,,,,,,,,,,,,,,,,,,,,,,,,,3974,4075,4294,246,200,657,189,2385,1308,548,1201,1241,844,680,409,150,548,252,189,,,,,,,,,,,,,,,,,,,,,,
ACSSF,2012m1,co,000,0004,0000113,921,4196,548,691,294,189,3394,1630,1351,838,,,,,,,,,,,,,,,,,,,,,,,,,,,,,,,,,,,,,,,,,,,,,,,,,,,,,,,,,,,,,,,,,,,,,,,,4036,883,915,539,,3860,,,,,,,,,,,,,,,,,,,,,,,,,,,,,,,,,,,,,,,,,,,,,,,,,,,,,,,,,,,,,,,,,,,,,,,,,,,,,,,,,,,,,,,,,,,,,921,1793,4196,548,691,294,189,3394,1630,1351,838,1477,354,420,420,189,1345,573,189,,,,,,,,,,,,,,,,,,,,,,
ACSSF,2012m1,co,000,0004,0000114,6637,6685,1022,524,1853,196,2729,2112,802,1944,,,,,,,,,,,,,,,,,,,,,,,,,,,,,,,,,,,,,,,,,,,,,,,,,,,,,,,,,,,,,,,,,,,,,,,,6949,1352,1808,1865,304,3025,,,,,,,,,,,,,,,,,,,,,,,,,,,,,,,,,,,,,,,,,,,,,,,,,,,,,,,,,,,,,,,,,,,,,,,,,,,,,,,,,,,,,,,,,,,,,6637,6317,6685,1022,524,1853,196,2729,2112,802,1944,1831,620,1125,1046,157,808,962,189,,,,,,,,,,1853,1651,1379,1046,633,960,1086,1004,,,,,
ACSSF,2012m1,co,000,0004,0000115,5316,4765,435,1521,1050,141,3307,718,464,569,,,,,,,,,,,,,,,,,,,,,,,,,,,,,,,,,,,,,,,,,,,,,,,,,,,,,,,,,,,,,,,,,,,,,,,,4849,631,1566,1066,,3291,,,,,,,,,,,,,,,,,,,,,,,,,,,,,,,,,,,,,,,,,,,,,,,,,,,,,,,,,,,,,,,,,,,,,,,,,,,,,,,,,,,,,,,,,,,,,5316,5358,4765,435,1521,1050,141,3307,718,464,569,673,297,482,84,117,495,202,189,,,,,,,,,,,,,,,,,,,,,,
