ACSSF,2012m1,co,000,0103,0000001,227,405,370,291,341,397,251,240,835,393,345,393,385,266,1182,2460,2130,1539,1817,2211,1151,3286,3982,6448,2196,3343,2436,3009,2705,4649,6670,1268,3429,3751,1384,9554,14069,18538,4536,10142,3776,6286,1325,2365,1940,1543,1669,3449,1560,2403,3843,4857,1714,2732,2146,1756,331,415,845,314,846,851,265,412,643,1571,812,940,973,736,1815,1821,4985,189,4985,1123,3085,3553,3271,3019,2038,5534,4519,4844,3770,3129,2219,1556,772,822,1809,4997,189,4997,1146,2972,2815,2910,2085,1366,5441,5156,4555,3921,2769,1588,1080,628,332
ACSSF,2012m1,co,000,0103,0000002,278,454,375,328,396,402,266,296,917,400,376,679,402,289,1163,2379,2091,1661,1905,2204,1143,3905,6418,4546,2612,3744,1296,3663,2911,4699,6603,1267,3547,3602,1360,7642,11754,14885,4491,12225,2205,5646,1619,2123,2103,1593,1681,4065,1513,2828,4641,4008,1740,3003,2316,2156,374,471,903,348,645,1318,299,455,692,1641,858,1115,989,762,4275,2750,4856,189,4856,1069,3062,3391,3207,2906,1990,5414,4333,4873,3548,3038,2227,1554,770,733,2559,4935,189,4935,1125,2863,2626,2863,1893,1322,5381,4876,4379,3737,2578,1523,995,600,332
ACSSF,2012m1,co,000,0103,0000003,522,2062,1198,1251,1202,1839,602,546,1658,1203,1567,969,1949,645,9468,26067,42476,15396,12291,31969,12984,6723,10535,17509,2976,13959,5427,4120,7643,11466,37771,1543,14638,53407,18095,2137,6181,4607,.,4462,401,.,3475,8584,6295,11757,4027,3473,6838,5777,4046,22833,8030,6027,16692,1533,1366,773,2488,1483,966,1188,592,1336,2247,3148,2564,1560,3058,1801,4134,2686,2064,189,2064,420,603,963,953,583,639,2214,1541,1381,1062,694,508,251,292,487,2331,1449,189,1449,159,757,843,685,470,380,2145,1220,1796,1415,780,396,359,118,35
ACSSF,2012m1,co,000,0103,0000004,247,430,365,290,378,409,256,694,744,399,348,836,406,278,1142,2192,2036,1541,1850,2210,1092,3972,4263,7592,2251,3100,4741,3261,3036,4486,5445,1263,3573,3658,1347,9914,15483,18538,6250,10171,6427,6286,1321,2417,1974,1656,1835,4218,1340,2581,4420,4657,1685,2998,2136,1861,354,632,936,332,479,1325,276,648,608,1701,804,895,946,777,1945,1582,4814,189,4814,1107,2956,3435,3320,2922,2006,5321,4258,4781,3508,3003,2124,1560,746,852,1819,4806,189,4806,1130,2801,2709,2816,1990,1353,5157,4894,4441,3829,2507,1586,996,616,332
ACSSF,2012m1,co,000,0103,0000005,249,720,388,294,399,420,253,680,433,962,338,914,424,278,1102,1980,2061,1409,1863,2200,1080,4088,6669,5237,2824,3869,4794,3894,3013,4437,5445,1263,3498,3658,1326,12808,11868,15327,6506,15117,2800,6286,1389,2238,2128,1711,1826,4167,1424,2813,4970,4275,1649,3171,2150,1801,369,1394,1934,336,406,1003,279,642,612,1926,774,902,948,771,1651,1237,4300,189,4300,1042,2847,3314,3154,2568,1927,4831,3984,4681,3428,2959,1932,1375,748,773,1273,4571,189,4571,1150,2768,2494,2736,1942,1276,4751,4639,4277,3439,2519,1555,993,616,332
ACSSF,2012m1,co,000,0103,0000006,944,622,996,484,606,1074,476,385,862,638,577,601,650,572,1419,2057,4106,1882,2514,3014,1142,6395,7114,11121,4163,7239,4195,2905,3650,3141,13980,2193,2798,7904,2335,9430,15659,4811,51611,25807,2412,611,2160,2166,1945,1307,1686,5097,1801,3391,6595,3851,2350,3615,2478,2494,862,1249,1975,566,1428,756,633,565,1127,943,999,1418,1319,991,5569,3324,3777,189,3777,904,2362,2838,2370,1726,1099,4136,3081,3492,2540,2114,1478,908,630,684,3457,2741,189,2741,878,1769,1729,2034,1227,896,3909,3195,3232,2441,1903,878,777,331,210
ACSSF,2012m1,co,000,0103,0000007,459,604,1154,404,1049,936,365,520,1233,1119,457,694,1829,379,4058,4059,8214,1993,4683,6179,1519,5009,12185,20248,4097,4161,4934,4923,4516,7455,6200,1781,4636,3706,4211,8276,6270,18641,7353,11496,55313,17678,2374,3395,3710,4772,4368,6309,2226,3200,7145,7449,2446,4651,5829,2215,955,1323,630,497,550,857,375,1090,1521,1429,1131,1172,1273,1398,5455,3334,3320,189,3320,602,1630,1989,2817,1788,1484,3743,2503,3134,2223,2113,1296,1204,474,357,3358,3750,189,3750,718,2005,1658,2055,1457,824,4439,3989,3833,3078,1678,1411,575,503,215
ACSSF,2012m1,co,000,0103,0000008,1484,1635,1442,2189,1627,1448,973,1387,2797,1918,1861,1700,1371,1044,,,,,,,,3672,5246,17182,8017,3958,11521,3241,,,,,,,,6468,189,.,.,10761,10761,.,9177,12331,3553,8893,8011,36734,5120,11462,8004,32334,12670,.,28092,.,872,1968,3757,2750,1773,1289,933,2896,4163,2264,3118,3599,9780,2696,1146,1269,1958,189,1958,385,898,735,1330,847,411,2081,1314,1601,1209,891,843,506,261,449,1100,1028,189,1028,201,483,665,748,534,410,1274,1075,1204,1069,570,359,123,189,189
ACSSF,2012m1,co,000,0103,0000009,3322,7243,4259,2766,1741,2201,1145,2635,4476,3802,2920,3431,3633,1515,,,,,,,,5980,16459,.,19039,3264,.,3264,,,,,,,,.,.,.,.,.,.,.,6916,20952,1901,5128,6542,5889,12464,,,,,,,,2823,8118,9197,2420,3606,3327,3025,2912,9826,2397,2905,4902,11745,2731,,,,,,,,,,,,,,,,,,,,,,,,,,,,,,,,,,,,,,,
ACSSF,2012m1,co,000,0103,0000010,1371,4017,2301,2946,1794,1735,1521,1061,3735,3656,3665,1745,1890,1463,,,,,,,,5657,1077,11647,9258,25693,11521,4379,,,,,,,,99,189,.,.,.,.,.,9646,13370,6928,15252,19978,16542,6008,13892,21743,34419,9726,40076,28092,.,1187,1969,4085,2781,2399,2896,1468,3651,4340,4821,12017,5631,13144,4200,2531,2176,1472,189,1472,360,395,466,805,783,379,2076,1105,1573,1139,369,865,246,261,449,1278,1072,189,1072,110,270,605,608,534,126,1082,821,1017,918,509,218,123,189,189
ACSSF,2012m1,co,000,0103,0000011,1031,1542,702,952,814,2048,1099,1015,780,747,899,798,2549,986,3988,2688,4194,9065,1145,.,3082,9195,12662,18343,8354,12244,3650,8519,886,761,6884,5344,14127,32007,.,,,,,,,,3982,5115,6074,4725,5893,4068,2562,8216,15435,20143,4418,9817,27349,5362,1587,760,2411,874,1324,1098,929,1622,2447,3214,1496,2283,2377,1641,1278,1131,1490,189,1490,386,893,927,1066,662,372,1427,1214,1433,1252,672,499,211,119,152,871,1213,189,1213,164,677,862,530,271,56,1302,1200,1190,1111,1007,302,254,63,189
ACSSF,2012m1,co,000,0103,0000012,685,671,664,864,635,1967,761,789,662,644,1020,718,1416,688,1485,4910,7929,7687,933,898,676,4954,8627,16634,4715,3828,1080,3143,1743,764,6884,4813,21520,32007,23022,2540,11058,.,.,12481,12481,.,3781,5192,5982,2387,3831,10995,2686,5762,5232,19259,8578,13607,20789,.,1015,2444,2236,790,1443,849,659,1543,2015,2385,4013,1723,1456,1295,881,1343,2195,189,2195,523,1265,1165,1393,1045,543,2343,1779,1934,1724,1083,1017,579,278,458,1317,1620,189,1620,259,844,1174,972,652,430,1955,1736,1727,1537,1162,460,289,63,189
ACSSF,2012m1,co,000,0103,0000013,778,2249,1154,1412,1220,1382,891,730,2106,3409,1440,1520,1687,1040,13807,16021,6584,1519,16341,18083,2075,,,,,,,,3809,12083,4618,11383,2198,4396,15392,3882,11132,.,11132,.,.,.,5227,3534,8073,8544,3294,9227,2800,7637,15152,14596,3133,8638,12064,2957,1126,1816,2183,1227,1117,1568,1198,926,1291,1988,2339,1610,2989,1600,788,548,1776,189,1776,510,1049,1533,1550,1130,676,1879,1277,1831,1410,1097,1171,711,220,98,570,2030,189,2030,392,1054,976,1254,769,262,2277,2191,1796,1729,1090,637,265,157,189
ACSSF,2012m1,co,000,0103,0000014,1560,1341,997,853,806,2119,646,826,1237,2131,1124,878,1831,955,1686,2487,5343,1199,2764,5673,1144,16111,14207,50307,17213,16552,5116,4112,7719,5687,9535,3283,7931,12560,3968,27812,32489,29648,121657,18182,105787,13348,4174,7131,11484,6384,5540,3961,2400,4998,9532,7283,6119,7042,5845,6399,1659,2360,3236,1274,1848,1739,931,2218,1541,3599,1752,1896,4812,2461,566,443,1424,189,1424,133,1206,1060,1131,859,696,1509,921,1326,990,785,822,491,246,175,407,1349,189,1349,380,827,987,1121,586,322,1391,1192,1341,1179,846,502,294,376,85
ACSSF,2012m1,co,000,0103,0000015,914,4344,6279,1329,2855,2882,1104,840,1794,5870,1299,2405,2520,1327,9202,25115,50770,6904,2035,42097,1919,,,,,,,,11151,17621,12405,7518,10605,24702,7788,.,.,.,.,.,.,.,2187,2669,2671,20417,2970,5699,8298,7245,52204,37223,5410,7474,16060,4334,1655,6225,6492,1384,1561,3976,1422,3148,4395,5847,5541,6369,6937,3064,360,311,834,189,834,171,248,881,770,502,656,950,945,1036,767,651,499,411,310,182,198,855,189,855,498,654,462,445,499,423,886,1228,899,712,312,330,180,74,100
ACSSF,2012m1,co,000,0103,0000016,1129,1969,2786,1220,832,1688,658,1416,2689,1070,1508,1705,1920,902,1399,5187,5705,4864,4454,4856,2023,13713,3604,8203,10905,13641,3035,4624,5949,11862,20785,3995,11049,8667,2219,,,,,,,,2091,2283,7717,3513,2597,5099,1375,2275,11613,11024,6887,5929,4741,5940,1204,3039,5003,2305,1757,1370,2335,1017,1613,1815,1985,1814,1964,1288,747,601,2261,189,2261,244,1744,1663,1628,1362,739,2369,1749,2144,1580,1463,1081,566,266,111,664,1745,189,1745,488,1240,1182,1251,809,676,1909,2129,1665,1450,1037,568,610,229,201
ACSSF,2012m1,co,000,0103,0000017,2577,4157,5350,1616,2818,2661,1189,2224,4686,5540,1709,2985,3046,1176,12709,15403,10567,.,21530,26901,42710,,,,,,,,27342,23502,19857,21444,12105,46524,20328,.,.,.,.,.,.,.,20317,17780,45781,11754,21924,41450,16160,10218,13606,14417,37371,17181,36328,10769,1055,5080,4826,1983,2733,3239,1318,7011,8504,12943,8706,8634,5466,4263,220,118,707,189,707,297,366,317,608,454,624,698,453,636,437,376,232,257,189,47,183,771,189,771,192,425,370,509,341,417,801,839,883,724,278,209,125,184,189
ACSSF,2012m1,co,000,0103,0000018,1217,1267,1761,922,1429,1127,930,731,1878,2201,1031,1185,1498,928,2603,3908,9140,8500,2729,3672,2507,12508,16923,8872,3394,25317,13193,5674,3349,22428,11954,2979,4033,24589,1862,4567,11397,23867,.,16489,11937,.,5604,12838,3791,3372,8261,6450,3480,3285,9038,11551,4067,7990,7444,1695,764,1363,1160,964,1214,1706,904,2074,2638,2719,3200,1899,2880,1849,528,358,1571,189,1571,569,1262,1049,1233,758,449,1614,1185,1467,1112,671,717,372,431,389,466,1697,189,1697,508,645,1052,1190,491,602,1733,1510,1468,1120,863,564,405,85,189
ACSSF,2012m1,co,000,0103,0000019,718,1608,3338,752,990,1229,764,1216,2479,3543,900,1564,1572,954,6500,19123,27376,5920,2951,15209,11346,11849,28036,66714,18074,9212,19096,2405,15556,25772,13914,17136,13162,6450,2636,6033,6033,6033,.,.,.,.,7588,15716,14052,7936,13900,3926,6539,5813,10296,10765,2744,8719,13984,5208,1010,1618,917,984,2046,2309,1168,4340,3162,2333,1339,4529,1783,1516,526,351,1253,189,1253,329,555,804,984,672,758,1334,888,1304,836,951,399,571,74,194,453,1366,189,1366,176,700,538,846,724,478,1451,1579,1646,1044,779,750,367,94,164
ACSSF,2012m1,co,000,0103,0000020,1325,1839,2044,815,1244,2069,1238,1248,2588,2542,858,1301,2070,1362,20763,15627,41960,49511,8465,2031,17950,,,,,,,,14472,15118,20352,17375,8854,43535,7115,50756,4502,4502,.,.,.,.,5394,8990,9622,1058,10080,34184,562,5001,26144,35229,4132,3642,2417,4678,1356,2735,3602,882,1415,1863,1372,4559,10201,5231,1718,5405,9532,3443,296,233,1067,189,1067,267,596,517,823,438,506,1095,658,848,707,508,109,112,189,550,197,695,189,695,43,423,350,435,258,189,726,909,1059,749,463,290,241,272,189
ACSSF,2012m1,co,000,0103,0000021,1917,2930,3762,3109,2169,3318,1602,2923,4343,4226,3323,2309,3333,1642,21145,18970,38676,1910,.,.,.,47032,78794,54086,.,9431,21031,8230,,,,,,,,72404,311,.,.,3251,.,3251,15634,21680,34895,11351,5247,27392,8427,8541,6112,11743,4505,14332,31014,.,3052,4646,4442,3178,2256,1856,1538,3050,5539,7306,10270,7019,6460,7581,,,,,,,,,,,,,,,,,,,,,,,,,,,,,,,,,,,,,,,
ACSSF,2012m1,co,000,0103,0000022,1409,2744,1309,2061,1728,1738,1843,1378,2983,3075,3195,1714,2276,2067,4778,3261,1875,2270,23823,12947,.,13154,13489,2446,4134,15095,25099,1725,,,,,,,,.,.,.,.,.,.,.,8163,8464,9365,4197,5684,7437,1577,14747,11366,13418,6994,2393,10423,1398,3704,4818,4909,2964,2319,3414,3054,2166,2102,3441,3000,2939,3423,2574,381,302,985,189,985,344,571,686,702,536,296,1022,880,1028,699,649,300,127,225,189,277,1157,189,1157,198,596,492,756,543,204,1149,1351,1127,909,559,418,173,189,64
ACSSF,2012m1,co,000,0103,0000023,2264,2854,2360,1626,1874,1616,1606,921,1546,2530,1693,2019,2028,1943,14809,54106,2948,4695,15148,19523,5978,,,,,,,,9273,31707,55960,523,6703,33979,8819,.,.,.,.,.,.,.,4245,4890,7808,1162,6980,4415,1908,9383,30572,6974,.,8413,17574,4106,1386,2571,1563,1933,1527,2084,1980,1992,3503,5771,8610,3978,5215,3611,418,297,1219,189,1219,213,643,906,981,541,528,1239,830,1217,1143,1166,448,384,125,189,345,1471,189,1471,320,794,543,774,508,229,1377,1339,1164,788,736,493,204,189,189
ACSSF,2012m1,co,000,0103,0000024,1462,3454,4002,2349,4093,4408,1882,2043,3491,4469,2768,3634,5698,1866,,,,,,,,80259,159,.,.,.,.,.,,,,,,,,.,.,.,.,.,.,.,8967,10120,36612,24411,10794,4680,28082,19352,22764,28923,2152,24850,20353,1497,2783,4198,4489,3432,4204,7106,2360,5552,11849,17367,8544,8781,1627,7912,,,,,,,,,,,,,,,,,,,,,,,,,,,,,,,,,,,,,,,
ACSSF,2012m1,co,000,0103,0000025,1659,1393,1211,1042,1446,1840,886,910,2873,2243,1875,1545,1426,1875,2445,2231,6484,1251,3395,5668,1144,,,,,,,,4286,6723,11249,6312,9357,12473,3522,42084,49145,10524,.,.,.,.,4604,4621,7888,7587,12508,5122,1568,4996,8421,8171,5252,6454,5584,6587,1361,1450,1509,1966,2975,3361,1448,829,1669,3898,2975,3427,4849,1425,3318,2105,2167,189,2167,450,1125,1221,1291,768,460,1448,783,1425,1081,803,854,490,246,140,1977,1268,189,1268,378,694,917,910,477,303,1783,1229,1511,1083,788,551,248,189,189
ACSSF,2012m1,co,000,0103,0000026,1373,6318,6846,1286,2981,5769,958,1964,3772,8512,1334,3041,5585,1012,,,,,,,,.,.,.,.,.,.,.,12846,13610,26471,9241,5321,77115,4940,.,.,.,.,.,.,.,,,,,,,,8294,4529,177041,5684,18167,17704,6923,1675,4603,11767,1241,3102,6609,1024,7323,9148,15249,12441,11573,9205,4398,,,,,,,,,,,,,,,,,,,,,,,,,,,,,,,,,,,,,,,
ACSSF,2012m1,co,000,0103,0000027,4016,3094,4443,4794,3539,5189,1713,3367,4483,5049,4929,5835,4525,2600,,,,,,,,,,,,,,,11256,11899,18713,130220,24794,35750,5807,10031,10172,30937,10212,109896,.,131,12988,56010,40570,6214,15011,16235,18463,,,,,,,,3281,4672,4928,4693,6400,4373,2265,12782,19557,46180,1136,18017,7416,12880,,,,,,,,,,,,,,,,,,,,,,,,,,,,,,,,,,,,,,,
ACSSF,2012m1,co,000,0103,0000028,2080,1758,2627,1104,1794,1522,1045,884,2469,1686,1313,1629,1814,1099,4194,5818,12596,3573,6168,3813,1794,14592,17070,21386,3826,31728,55741,16413,6499,28564,14515,11669,5520,20134,1906,14855,34960,34960,.,16060,26352,.,6083,13004,4353,4543,7450,7442,3497,5602,8671,17753,6143,7586,7984,2729,1024,1597,2565,1083,1537,2087,1240,2100,3829,2933,3831,2306,2923,1590,2088,1353,1665,189,1665,526,1240,882,1037,608,438,1488,1168,1384,1072,632,678,352,366,344,1447,1462,189,1462,480,531,806,916,479,501,1504,1392,1174,1061,690,236,292,189,189
ACSSF,2012m1,co,000,0103,0000029,1129,1969,2786,1220,832,1688,658,1416,2689,1070,1508,1705,1920,902,1399,5187,5705,4864,4454,4856,2023,13713,3604,8203,10905,13641,3035,4624,5949,11862,20785,3995,11049,8667,2219,,,,,,,,2091,2283,7717,3513,2597,5099,1375,2275,11613,11024,6887,5929,4741,5940,1204,3039,5003,2305,1757,1370,2335,1017,1613,1815,1985,1814,1964,1288,747,601,2261,189,2261,244,1744,1663,1628,1362,739,2369,1749,2144,1580,1463,1081,566,266,111,664,1745,189,1745,488,1240,1182,1251,809,676,1909,2129,1665,1450,1037,568,610,229,201
ACSSF,2012m1,co,000,0103,0000030,1059,3783,5316,1370,1669,3210,861,1187,3889,5669,1402,2154,2803,964,17824,3108,19421,17688,14027,7002,21816,,,,,,,,15368,20218,3839,16236,16203,47892,7275,50756,4502,4502,.,.,.,.,8023,12149,47314,9674,32078,15178,1980,6984,43705,69546,.,6771,19793,3150,1116,4208,3602,1409,2503,2387,1002,3884,14208,7860,2501,4830,21663,4405,1594,925,878,189,878,267,595,395,578,336,379,565,352,473,371,297,109,91,189,78,1002,369,189,369,43,278,193,217,141,72,989,762,761,566,388,151,127,272,189
ACSSF,2012m1,co,000,0103,0000031,1472,3113,6730,1886,2160,5279,1015,2632,5224,7568,2522,4292,4377,1090,,,,,,,,,,,,,,,6204,68343,4756,.,15070,4156,6006,.,.,.,.,.,.,.,3424,3975,9945,11579,6425,15990,2603,9417,30090,14578,1675,6433,9198,1274,2953,5208,4307,2818,4597,3133,1053,2810,3660,7664,2761,4924,11031,6627,2116,1331,1137,189,1137,207,445,604,763,425,257,978,637,749,560,395,303,273,189,189,1217,821,189,821,239,355,371,522,212,214,1015,838,806,524,579,200,157,189,189
ACSSF,2012m1,co,000,0103,0000032,4123,9415,7795,3348,4327,2160,4355,3085,10212,8110,3909,4764,2201,4054,,,,,,,,2006,.,.,.,.,.,.,26810,53566,40023,34513,11740,40371,25834,.,.,.,.,.,.,.,14026,19466,46456,10996,.,.,.,,,,,,,,2633,9827,6404,3956,5098,2130,4952,13751,15831,14562,67187,11721,26495,4044,,,,,,,,,,,,,,,,,,,,,,,,,,,,,,,,,,,,,,,
ACSSF,2012m1,co,000,0103,0000033,3435,3476,5481,1892,1623,2697,2095,3528,3944,5023,2036,1993,3736,2077,,,,,,,,,,,,,,,24686,43189,27639,118219,9443,20017,15156,.,.,.,.,.,.,.,,,,,,,,6872,12020,6685,1768,18116,31827,1636,2732,2253,1545,3805,3361,3563,2268,3562,5234,7756,5752,5383,5817,7433,2240,1427,1097,189,1097,296,397,754,685,463,506,1106,829,777,399,654,301,262,189,189,1542,946,189,946,65,427,371,572,638,144,1285,1076,867,520,371,488,311,189,164
ACSSF,2012m1,co,000,0103,0000034,3905,3680,5253,1411,4110,5397,1412,2044,4425,4891,1197,4358,6614,2041,27420,28266,45595,52262,972,.,459,3803,3803,.,7253,.,.,.,,,,,,,,.,.,.,.,.,.,.,4190,7970,12294,19240,2573,2300,19853,13092,.,.,.,.,.,.,3936,6906,13536,1338,6234,4216,2329,4013,4931,5369,6358,2903,8207,3806,1963,1232,933,189,933,189,248,839,675,480,578,1019,847,870,721,569,291,365,189,76,1125,734,189,734,402,472,381,188,388,189,977,1012,729,566,274,277,167,189,189
ACSSF,2012m1,co,000,0103,0000035,3075,6297,4382,3292,5204,2113,5322,4110,5741,3594,4049,5283,2109,5490,.,.,.,.,.,.,.,,,,,,,,,,,,,,,.,.,.,.,.,.,.,14932,18149,9797,1102,9100,64813,615,22453,39296,39296,.,44352,14489,22381,3878,6286,3579,4031,4986,2210,5456,15605,20406,25778,9264,25587,15206,.,,,,,,,,,,,,,,,,,,,,,,,,,,,,,,,,,,,,,,,
ACSSF,2012m1,co,000,0103,0000036,1982,2786,4610,2712,2762,1619,2215,1594,3840,4332,3940,2291,2894,2854,6801,3611,1875,2445,16352,12947,28330,24800,24133,13073,7894,34059,20809,.,,,,,,,,.,.,.,.,.,.,.,5530,10401,14315,5730,6500,7569,1410,10377,32169,13011,7119,2926,6120,1424,1821,3053,5192,5465,2563,2870,5720,3542,3407,6556,3363,2939,4145,2205,1479,898,992,189,992,344,535,687,662,509,270,1185,947,1028,696,631,275,127,138,189,827,933,189,933,191,461,424,751,475,72,1306,1352,1060,826,547,266,173,189,189
ACSSF,2012m1,co,000,0103,0000037,2036,3219,6181,3143,3079,3745,2319,1834,2240,6315,3277,2793,3942,2450,2156,2352,52425,4786,.,.,.,,,,,,,,6192,10843,14159,13886,5833,9947,20312,.,.,.,.,.,.,.,2773,6871,8230,47466,20172,10380,34066,25157,20472,19207,100513,24862,28417,21122,3417,2811,4244,2341,1717,3434,3149,4730,2239,5639,13198,7198,5152,6547,2798,1590,1084,189,1084,180,402,472,983,680,215,1191,676,1038,763,184,536,260,216,189,1684,1247,189,1247,219,665,505,956,579,240,1418,1330,840,667,407,253,189,149,189
ACSSF,2012m1,co,000,0103,0000038,1818,3387,3532,4362,3074,3390,1253,2089,5165,2853,3951,3237,4335,1873,36978,14540,22173,34683,6093,.,1958,3446,41966,60655,.,5717,2072,6401,5899,15085,14466,22201,12367,6775,1737,.,.,.,.,.,.,.,6837,43328,9961,22542,9494,8133,5071,14990,21639,45702,5400,18946,12431,8002,3248,5555,3018,2757,2951,3587,2374,3484,6052,2625,6608,5366,7725,3572,2460,1427,1199,189,1199,189,324,406,879,270,493,861,403,783,420,457,402,329,189,189,1416,821,189,821,118,569,373,435,57,191,999,673,791,534,555,100,189,189,189
ACSSF,2012m1,co,000,0103,0000039,1373,6318,6846,1286,2981,5769,958,1964,3772,8512,1334,3041,5585,1012,,,,,,,,.,.,.,.,.,.,.,12846,13610,26471,9241,5321,77115,4940,.,.,.,.,.,.,.,,,,,,,,8294,4529,177041,5684,18167,17704,6923,1675,4603,11767,1241,3102,6609,1024,7323,9148,15249,12441,11573,9205,4398,,,,,,,,,,,,,,,,,,,,,,,,,,,,,,,,,,,,,,,
ACSSF,2012m1,co,000,0103,0000040,2080,1758,2627,1104,1794,1522,1045,884,2469,1686,1313,1629,1814,1099,4194,5818,12596,3573,6168,3813,1794,14592,17070,21386,3826,31728,55741,16413,6499,28564,14515,11669,5520,20134,1906,14855,34960,34960,.,16060,26352,.,6083,13004,4353,4543,7450,7442,3497,5602,8671,17753,6143,7586,7984,2729,1024,1597,2565,1083,1537,2087,1240,2100,3829,2933,3831,2306,2923,1590,2088,1353,1665,189,1665,526,1240,882,1037,608,438,1488,1168,1384,1072,632,678,352,366,344,1447,1462,189,1462,480,531,806,916,479,501,1504,1392,1174,1061,690,236,292,189,189
ACSSF,2012m1,co,000,0103,0000041,1659,1393,1211,1042,1446,1840,886,910,2873,2243,1875,1545,1426,1875,2445,2231,6484,1251,3395,5668,1144,,,,,,,,4286,6723,11249,6312,9357,12473,3522,42084,49145,10524,.,.,.,.,4604,4621,7888,7587,12508,5122,1568,4996,8421,8171,5252,6454,5584,6587,1361,1450,1509,1966,2975,3361,1448,829,1669,3898,2975,3427,4849,1425,3318,2105,2167,189,2167,450,1125,1221,1291,768,460,1448,783,1425,1081,803,854,490,246,140,1977,1268,189,1268,378,694,917,910,477,303,1783,1229,1511,1083,788,551,248,189,189
ACSSF,2012m1,co,000,0103,0000042,1129,1969,2786,1220,832,1688,658,1416,2689,1070,1508,1705,1920,902,1399,5187,5705,4864,4454,4856,2023,13713,3604,8203,10905,13641,3035,4624,5949,11862,20785,3995,11049,8667,2219,,,,,,,,2091,2283,7717,3513,2597,5099,1375,2275,11613,11024,6887,5929,4741,5940,1204,3039,5003,2305,1757,1370,2335,1017,1613,1815,1985,1814,1964,1288,747,601,2261,189,2261,244,1744,1663,1628,1362,739,2369,1749,2144,1580,1463,1081,566,266,111,664,1745,189,1745,488,1240,1182,1251,809,676,1909,2129,1665,1450,1037,568,610,229,201
ACSSF,2012m1,co,000,0103,0000043,1059,3783,5316,1370,1669,3210,861,1187,3889,5669,1402,2154,2803,964,17824,3108,19421,17688,14027,7002,21816,,,,,,,,15368,20218,3839,16236,16203,47892,7275,50756,4502,4502,.,.,.,.,8023,12149,47314,9674,32078,15178,1980,6984,43705,69546,.,6771,19793,3150,1116,4208,3602,1409,2503,2387,1002,3884,14208,7860,2501,4830,21663,4405,1594,925,878,189,878,267,595,395,578,336,379,565,352,473,371,297,109,91,189,78,1002,369,189,369,43,278,193,217,141,72,989,762,761,566,388,151,127,272,189
ACSSF,2012m1,co,000,0103,0000044,3075,6297,4382,3292,5204,2113,5322,4110,5741,3594,4049,5283,2109,5490,.,.,.,.,.,.,.,,,,,,,,,,,,,,,.,.,.,.,.,.,.,14932,18149,9797,1102,9100,64813,615,22453,39296,39296,.,44352,14489,22381,3878,6286,3579,4031,4986,2210,5456,15605,20406,25778,9264,25587,15206,.,,,,,,,,,,,,,,,,,,,,,,,,,,,,,,,,,,,,,,,
ACSSF,2012m1,co,000,0103,0000045,1472,3113,6730,1886,2160,5279,1015,2632,5224,7568,2522,4292,4377,1090,,,,,,,,,,,,,,,6204,68343,4756,.,15070,4156,6006,.,.,.,.,.,.,.,3424,3975,9945,11579,6425,15990,2603,9417,30090,14578,1675,6433,9198,1274,2953,5208,4307,2818,4597,3133,1053,2810,3660,7664,2761,4924,11031,6627,2116,1331,1137,189,1137,207,445,604,763,425,257,978,637,749,560,395,303,273,189,189,1217,821,189,821,239,355,371,522,212,214,1015,838,806,524,579,200,157,189,189
ACSSF,2012m1,co,000,0103,0000046,1982,2786,4610,2712,2762,1619,2215,1594,3840,4332,3940,2291,2894,2854,6801,3611,1875,2445,16352,12947,28330,24800,24133,13073,7894,34059,20809,.,,,,,,,,.,.,.,.,.,.,.,5530,10401,14315,5730,6500,7569,1410,10377,32169,13011,7119,2926,6120,1424,1821,3053,5192,5465,2563,2870,5720,3542,3407,6556,3363,2939,4145,2205,1479,898,992,189,992,344,535,687,662,509,270,1185,947,1028,696,631,275,127,138,189,827,933,189,933,191,461,424,751,475,72,1306,1352,1060,826,547,266,173,189,189
ACSSF,2012m1,co,000,0103,0000047,1428,1721,1017,876,808,1480,605,1191,2325,2439,1323,947,1878,791,1338,4811,6591,4178,4312,4359,1901,15216,3615,7609,10191,12159,11910,5668,6421,13634,17775,3782,11484,11407,2283,,,,,,,,2268,2381,6864,3479,2585,4337,1340,2260,4841,8562,3773,7298,4311,5928,1205,2192,1219,2133,1338,2483,1206,1021,1850,1727,1968,2111,1492,1307,2498,1772,2744,189,2744,280,1829,1763,1585,1457,822,2547,1815,2260,1617,1513,1078,726,273,111,1504,1910,189,1910,488,1217,1239,1346,837,707,2031,2225,1714,1486,1175,576,641,238,201
ACSSF,2012m1,co,000,0103,0000048,609,1252,3096,569,1065,2157,931,701,848,2286,640,881,2248,1021,6189,16677,30833,6482,16780,2311,3764,8128,55355,7437,12874,5563,13417,1859,6177,8660,4941,7761,8252,22064,6685,43163,1830,4502,.,16866,.,196588,2427,2608,5665,3730,8118,31197,1539,4430,15013,25640,1256,6391,2468,3415,1254,860,1838,647,951,2416,1069,2886,7241,6259,1485,2349,6244,2771,3044,1709,1440,189,1440,385,600,800,1051,587,818,1622,1178,1158,911,713,546,240,346,573,1949,1269,189,1269,231,631,547,854,649,544,1850,1425,1447,1211,704,425,246,281,100
ACSSF,2012m1,co,000,0103,0000049,706,704,2896,913,700,1135,699,794,700,2166,963,699,966,615,1376,7696,4476,1196,593,12947,539,4760,10140,17187,3736,2545,7339,3248,7924,9123,7555,11858,15811,27274,18310,7062,9756,40091,7999,7226,401,3251,4201,5707,4247,1941,3491,9871,2391,4789,5161,12024,4707,2292,10752,3343,1292,2194,2238,987,1309,963,652,1222,2251,1814,2604,1455,2267,1586,1729,1318,2301,189,2301,423,1150,1257,1604,1204,621,2337,1742,2308,1817,1285,792,755,356,256,1375,1726,189,1726,296,1034,1042,1093,901,513,1931,2085,1679,1505,1193,510,284,103,64
ACSSF,2012m1,co,000,0103,0000050,573,1859,1101,1058,1229,1437,685,725,1705,1163,1048,938,1407,709,6025,22347,10387,5524,20048,4854,1205,7405,5575,21603,4863,8222,8681,4919,18825,34085,21009,10647,14884,28133,1656,7881,.,.,.,7828,.,8918,3072,4410,7343,2232,7586,2956,2325,5684,16861,3609,896,5673,12046,3107,729,3422,3536,1071,991,1034,675,1060,2684,2490,4109,2612,2100,1564,2725,1884,2457,189,2457,492,977,1492,1520,815,1186,2181,1537,1989,1688,1590,687,756,46,76,1421,1928,189,1928,627,1044,1111,1156,669,406,1968,2243,1965,1352,880,652,334,184,35
ACSSF,2012m1,co,000,0103,0000051,1476,1557,1534,773,1448,1095,759,701,1210,2154,826,1291,1282,662,2709,2929,9756,10111,2729,3672,2507,11000,14301,11444,1717,19712,6685,5751,2930,12107,11781,5141,4047,22232,1356,4567,11397,23867,.,16489,11937,.,5147,10462,3793,5152,7391,6440,3409,3028,8504,11114,4181,8654,7136,1691,736,2249,1173,774,1154,1493,582,1966,2751,2561,2382,1662,2853,1796,760,988,1743,189,1743,662,1282,1040,1234,761,549,1975,1507,1582,1168,687,717,359,431,548,1105,1734,189,1734,508,654,1090,1189,495,673,1960,1605,1550,1149,887,601,405,85,189
ACSSF,2012m1,co,000,0103,0000052,879,871,1383,763,928,1936,596,1429,2823,3445,1124,1196,1238,826,1480,2282,4802,1231,2519,6020,1340,11893,14373,50415,5751,14042,1572,21037,6617,6975,9682,2736,6008,7182,5117,,,,,,,,3331,4104,9147,7926,8899,3108,1384,4224,7958,6275,6406,5760,7137,4502,820,1015,2308,1428,1259,1945,827,1424,1582,2745,1540,2172,3945,2564,4637,3001,2763,189,2763,479,1462,1564,1466,1118,724,1806,1365,1649,1225,876,1182,494,299,181,2341,1832,189,1832,378,1044,1024,1191,732,427,2573,1995,1782,1460,967,628,336,403,85
ACSSF,2012m1,co,000,0103,0000053,657,803,1185,602,1705,825,706,1250,1113,1441,651,944,893,846,6088,21172,2286,3881,3746,6720,9233,6579,17465,30455,30164,9038,16371,5683,5338,7647,10283,7478,5491,5700,3805,3245,3245,6033,11132,.,.,.,5855,5049,6777,5973,5010,8016,4081,7460,15619,9113,2446,9090,11132,2630,632,858,1157,753,1259,2004,1041,1524,2089,1919,1877,2079,1317,1619,3822,2684,2436,189,2436,356,985,1516,1946,1202,1016,2435,1599,2140,1549,1342,1099,798,101,220,1802,2276,189,2276,381,1255,974,1327,921,503,2563,2767,2156,1900,1135,938,371,73,164
ACSSF,2012m1,co,000,0103,0000054,1430,1890,2779,4235,1747,3022,1458,1512,2619,3497,4432,1557,3395,1689,24715,35453,2240,401,12134,44751,1637,16448,14032,556,15883,1282,.,1343,,,,,,,,42623,.,.,.,.,.,.,11418,3863,6321,3495,350,19928,412,,,,,,,,1653,3061,2639,4307,1270,2923,2559,1724,5249,3555,2690,3728,13721,1634,863,603,830,189,830,76,247,554,464,361,87,893,832,734,472,487,358,385,46,189,468,500,189,500,174,302,309,470,89,189,669,591,597,590,165,48,47,189,189
ACSSF,2012m1,co,000,0103,0000055,2336,3928,4279,1454,1781,2178,1817,4319,3495,4228,1873,2260,2166,1839,,,,,,,,,,,,,,,,,,,,,,.,.,.,.,.,.,.,9779,18316,9797,1224,9100,64813,615,29654,34899,39296,.,57180,18381,14987,4150,3212,4268,1842,2499,2183,2109,11910,20691,26616,5426,17102,22880,1613,,,,,,,,,,,,,,,,,,,,,,,,,,,,,,,,,,,,,,,
ACSSF,2012m1,co,000,0103,0000056,942,4044,3506,1147,2039,3702,732,1311,4250,3153,1138,2473,3711,829,19349,3832,19421,49511,3357,2298,21816,,,,,,,,8313,17529,3839,17375,17131,60797,8888,50756,4502,4502,.,.,.,.,8083,12913,41599,8712,31203,13943,1509,7030,34420,60200,6771,6737,13603,3204,1610,3970,3605,1145,2490,2703,784,3767,12181,4408,2739,5209,9681,2280,1624,976,930,189,930,267,596,395,614,336,391,885,586,671,521,460,109,112,189,78,954,500,189,500,43,381,307,292,161,72,1010,781,967,665,412,290,230,272,189
ACSSF,2012m1,co,000,0103,0000057,3219,4640,3690,1993,4029,3695,3143,1739,3021,3391,2839,3431,3511,1199,2580,12088,.,8966,3238,.,3238,8643,9729,4616,76938,.,.,.,,,,,,,,.,.,.,.,.,.,.,10722,10120,9603,5928,1877,.,1840,,,,,,,,2434,3673,4928,2481,3857,2955,986,3176,5176,6800,12926,5664,9990,2231,,,,,,,,,,,,,,,,,,,,,,,,,,,,,,,,,,,,,,,
ACSSF,2012m1,co,000,0103,0000058,1263,1231,2148,1458,1987,2769,1380,3264,3918,3178,1758,3373,2967,1745,,,,,,,,,,,,,,,8291,108794,65306,.,14824,4156,4813,.,.,.,.,.,.,.,4470,4510,7166,8203,6732,5294,2402,17436,34497,7755,1999,5517,25669,1416,1592,2108,1697,1895,3637,2716,1858,2722,3765,6170,4657,3901,6969,4191,2218,1363,1252,189,1252,209,654,773,905,469,512,1273,764,1119,963,769,384,309,189,189,1118,1398,189,1398,320,621,469,767,492,214,1239,1189,1020,708,691,430,157,189,189
ACSSF,2012m1,co,000,0103,0000059,3370,2577,1475,3246,1569,3279,4167,2848,2584,1414,1651,1428,3309,4451,,,,,,,,,,,,,,,,,,,,,,593,.,.,.,.,.,.,13929,24964,10631,5084,20517,9428,12742,.,7435,.,.,.,10509,.,1717,2340,1617,1436,3883,3294,6318,4988,5256,5386,11709,7258,22939,5468,,,,,,,,,,,,,,,,,,,,,,,,,,,,,,,,,,,,,,,
ACSSF,2012m1,co,000,0103,0000060,1966,3256,2364,1394,4120,2899,1772,2171,5446,2598,1308,4717,3304,1657,,,,,,,,7497,1832,104233,2285,16836,8429,1780,264,.,.,.,527,.,.,128810,.,.,.,.,.,.,15855,39084,8789,83689,11999,10660,8541,12210,10541,939,34054,.,22332,.,2264,5248,3408,1279,5947,3250,1655,7421,6580,3129,6575,6303,12238,5259,,,,,,,,,,,,,,,,,,,,,,,,,,,,,,,,,,,,,,,
ACSSF,2012m1,co,000,0103,0000061,1399,2603,1937,2115,1693,1824,2003,1598,3141,3712,3273,1953,2330,1476,5273,3261,1875,2270,16352,12947,28330,16149,13097,2590,5056,15095,25099,1725,,,,,,,,.,.,.,.,.,.,.,8163,8464,9365,4197,5684,7437,1577,15298,12705,13226,6994,2511,6120,1398,3009,3893,4334,2439,2427,3169,2718,2299,2269,4681,3000,3873,2532,2343,753,425,1048,189,1048,344,571,688,647,541,276,1022,876,1028,699,649,300,127,225,189,455,1104,189,1104,198,535,459,756,543,204,1133,1337,1114,879,559,418,173,189,64
ACSSF,2012m1,co,000,0103,0000062,1196,2626,5034,1537,2568,1745,1465,1412,2893,5059,1508,2880,2110,1457,57252,115890,.,119367,9101,.,9101,7104,20191,33910,42450,9968,6393,14726,50854,634,634,.,58925,7951,.,.,.,.,.,.,.,.,12379,12323,10857,9010,7367,3691,11412,,,,,,,,2645,4879,4162,1543,3250,2348,1459,2178,2400,4519,2862,4026,2131,2982,1449,949,1060,189,1060,332,788,553,564,334,286,908,767,668,529,451,399,138,53,189,828,995,189,995,160,379,762,528,183,56,1069,811,758,745,697,209,239,63,189
ACSSF,2012m1,co,000,0103,0000063,1978,4869,8247,2523,4921,4526,5108,2182,4092,8457,2818,4847,4495,5163,.,.,.,.,.,.,.,,,,,,,,,,,,,,,.,.,.,.,.,.,.,,,,,,,,,,,,,,,2274,3924,8286,3546,4734,4429,5520,,,,,,,,,,,,,,,,,,,,,,,,,,,,,,,,,,,,,,,,,,,,,,
ACSSF,2012m1,co,000,0103,0000064,3039,4022,6531,2159,2203,5761,1574,2056,5943,6015,1614,4044,3824,1723,,,,,,,,5494,5481,4727,7253,.,.,.,19853,23133,43465,35060,26201,29121,6258,.,.,.,.,.,.,.,4736,6726,29538,1897,1935,2571,16752,7329,30179,43411,.,10835,237174,13364,2546,3648,5415,1214,3367,4666,1732,3560,4998,6498,2308,3895,7387,5995,2517,1519,971,189,971,32,279,841,726,545,601,1439,881,1294,749,1079,293,399,125,76,1408,793,189,793,403,525,393,282,411,23,1099,1083,814,574,390,316,213,189,189
ACSSF,2012m1,co,000,0103,0000065,3419,3577,6192,1965,2666,7098,790,2028,4722,9146,1938,2873,7920,811,,,,,,,,.,.,.,.,.,.,.,14518,14777,23605,9241,14242,35726,4565,.,.,.,.,.,.,.,10295,10904,340,9945,19834,37253,4740,5399,5044,.,5684,14014,16060,2596,2767,5211,11089,1537,2950,8183,816,8078,14302,14799,36789,14913,10237,6691,,,,,,,,,,,,,,,,,,,,,,,,,,,,,,,,,,,,,,,
ACSSF,2012m1,co,000,0103,0000066,1663,2634,7681,3439,1847,3033,2546,1933,2900,8397,3757,2658,2973,2233,101082,38281,38281,.,207655,.,.,,,,,,,,13888,16719,4660,10479,13829,21201,19092,.,.,.,.,.,.,.,,,,,,,,16489,18733,27407,28250,8304,17837,25671,2731,3012,6842,4722,3351,2885,2515,5498,14661,16968,6291,9722,10139,4297,1837,1113,867,189,867,85,182,426,563,323,490,703,353,616,382,268,425,84,189,189,1096,850,189,850,157,547,247,416,255,458,936,757,686,642,120,205,189,74,81
ACSSF,2012m1,co,000,0103,0000067,2102,2855,3530,3529,3691,1970,1971,2619,3755,3412,3532,3340,3524,2099,,,,,,,,58104,37158,38812,.,.,.,.,14749,18131,10469,4450,21327,5933,10756,.,.,.,.,.,.,.,5895,18182,16775,16133,6773,7108,2847,18930,28514,44057,24270,22280,7938,8371,3521,3778,5331,3372,3136,4374,2473,3024,5550,4710,4944,7013,11307,2452,3191,2011,1502,189,1502,189,313,717,936,646,473,1229,655,1049,602,564,475,185,153,189,1976,1254,189,1254,237,620,424,688,113,220,1318,946,884,873,349,93,146,189,189
ACSSF,2012m1,co,000,0103,0000068,1045,2963,1377,2611,2923,3362,2011,1058,2592,2675,3181,3133,3806,2101,,,,,,,,22323,29995,38920,46002,12240,32149,25703,8580,15515,3455,9228,8326,10587,42880,.,.,.,.,.,.,.,,,,,,,,17106,30120,23482,6409,7184,17939,21122,3500,4260,5029,2398,2063,3202,2961,3471,5319,2910,5695,2330,4515,3623,3760,2097,1488,189,1488,189,587,667,1140,653,215,1399,697,1221,787,468,548,424,220,189,2116,1303,189,1303,222,727,608,970,627,113,1679,1552,1011,735,435,502,39,149,189
ACSSF,2012m1,co,000,0103,0000069,2582,3211,2202,2387,4135,2322,1862,2995,4348,3756,2999,3212,2314,2171,11261,16438,9285,75281,14849,10039,.,,,,,,,,10241,14106,25123,22890,12980,8156,12976,.,.,.,.,.,.,.,6741,3784,13292,6453,1427,25211,3509,17667,18080,2476,.,18834,25080,3531,3041,5915,6756,5409,3813,2532,2672,1417,2373,6061,2754,2934,7183,1229,4418,2532,1914,189,1914,316,509,1074,1097,838,425,2006,1104,1611,1229,737,862,536,189,98,2616,1451,189,1451,213,858,511,912,431,140,2538,1678,1704,1462,755,175,226,48,189
ACSSF,2012m1,co,000,0103,0000070,2548,4147,2750,2231,2711,2908,1319,2751,2782,2586,6704,3415,2788,3249,9840,14082,47576,2517,10706,20333,2399,20603,7535,.,16243,24087,16610,6591,8970,16615,8163,13368,6331,9897,9836,1101,10172,30937,10212,131,.,131,,,,,,,,4913,8242,35365,4170,25643,22523,18701,2628,3281,4271,6249,2910,2954,4785,9327,8313,16009,7856,13443,15004,8984,,,,,,,,,,,,,,,,,,,,,,,,,,,,,,,,,,,,,,,
ACSSF,2012m1,co,000,0103,0000071,2288,3436,2943,2393,2518,2635,2393,1199,1761,3567,4137,1612,3036,2790,4892,5050,14542,1821,6546,9656,5465,,,,,,,,10892,30588,20376,8413,22621,6050,5458,.,.,.,.,.,.,.,6222,12657,9064,23762,15471,16659,3077,8446,9377,15159,10417,13008,11885,6130,2112,4785,1933,5313,1527,6683,2742,2567,2234,5139,5611,7429,6338,1089,2891,1961,1333,189,1333,189,292,724,810,273,238,1116,526,991,710,464,584,233,163,66,1585,1063,189,1063,189,368,594,802,403,153,1193,934,681,594,175,289,104,189,189
ACSSF,2012m1,co,000,0103,0000072,1413,2212,1553,1610,1731,3938,1327,2298,2056,2336,2065,3808,2429,3153,4313,5569,1687,8534,8473,8921,1095,,,,,,,,2523,2291,14247,10365,9341,27059,14082,19549,19549,19549,.,.,.,.,5763,6474,8182,4871,7594,7279,2603,6140,7501,13176,9991,9116,6405,15504,1835,3564,5459,2463,3689,2294,3307,2101,1381,2477,3758,2953,5598,5335,3256,2134,1887,189,1887,450,1082,945,949,448,343,1230,666,1114,678,682,722,326,68,189,1693,924,189,924,262,555,525,556,215,210,1437,900,1052,888,651,400,115,189,189
ACSSF,2012m1,co,000,0103,0000073,3135,8030,6671,6574,4632,7023,2586,4113,5673,7705,5216,5124,4913,2963,,,,,,,,,,,,,,,10048,34234,35823,79381,10631,31763,2240,,,,,,,,4902,36718,47241,15650,7035,20594,17761,,,,,,,,4182,5395,8099,5291,5666,5467,2516,10113,60573,78820,4556,16056,7902,12581,,,,,,,,,,,,,,,,,,,,,,,,,,,,,,,,,,,,,,,
ACSSF,2012m1,co,000,0103,0000074,2780,4768,5880,2030,1627,5998,1839,3521,6546,5301,2300,3957,5525,3085,4498,9770,19733,5031,1932,5444,3518,,,,,,,,23480,24935,24935,.,30592,29176,83541,1862,.,.,.,.,.,.,6300,12483,26434,2542,8134,9374,6687,4109,27415,22532,11468,13342,16880,17178,4352,6132,5622,5429,8316,4434,4151,4934,5203,3601,7647,8660,3439,2227,4745,2731,1521,189,1521,141,1195,458,897,611,268,2040,1057,1688,902,1088,479,352,189,87,2732,1600,189,1600,304,579,705,746,655,568,1764,1550,917,797,569,128,372,192,189
ACSSF,2012m1,co,000,0103,0000075,3687,5213,1661,2741,2623,5208,2092,3920,5881,8878,4682,5116,4467,2362,,,,,,,,15205,13077,19818,48147,6806,81469,8537,,,,,,,,.,.,.,.,.,.,.,4693,5452,8453,13241,6824,18748,5236,16361,34831,5304,2039,14908,8179,19635,6080,6497,10937,5954,4158,4014,1928,3046,3044,13027,3064,4518,7668,2561,4060,2642,1280,189,1280,189,1030,537,657,622,317,2002,1281,1412,1125,580,551,200,204,189,2014,924,189,924,173,579,491,535,428,50,1586,1081,1030,737,399,308,242,129,104
ACSSF,2012m1,co,000,0103,0000076,2838,2616,3199,2382,3158,6456,5295,3640,5043,7666,3223,3127,6352,7626,23066,26359,24329,28799,30011,34147,2268,15085,15085,15085,.,.,.,.,,,,,,,,.,.,.,.,.,.,.,9469,23694,60043,36436,8277,13988,441,15064,10305,11341,10310,9773,14231,5876,3583,5257,6461,3746,3496,5125,8969,10052,19674,26979,15149,13208,2655,5432,,,,,,,,,,,,,,,,,,,,,,,,,,,,,,,,,,,,,,,
ACSSF,2012m1,co,000,0103,0000077,2520,4067,3169,2152,2947,3733,830,4295,3939,6835,3710,3215,3865,1001,9592,3906,8654,5430,12190,8138,3418,21392,9800,4751,.,23097,29374,.,13109,21002,25965,7146,17289,14274,49929,.,.,.,.,.,.,.,4998,6410,4754,11234,7102,5426,4006,10986,33980,39377,22540,10697,8423,26521,3725,6840,7453,2556,4099,4513,1514,5534,3646,4175,12319,5162,7160,1430,3337,2211,1728,189,1728,189,895,808,593,615,140,910,579,794,530,417,416,223,100,189,1769,1073,189,1073,189,593,548,699,190,153,1355,959,1007,778,534,117,83,358,85
ACSSF,2012m1,co,000,0103,0000078,2147,2498,4349,1547,2077,2898,1356,2007,3407,5307,1745,2756,3460,1938,24838,9053,9053,.,10817,28711,7537,4435,16068,17119,.,6836,2588,741,6848,19574,28073,2470,7514,1848,7119,.,.,.,.,.,.,.,3641,5332,3157,4361,2447,14070,1505,6346,21462,23648,.,8304,8031,3674,2628,4360,7360,2371,5472,5472,2900,1627,2166,4308,1868,3704,7564,2196,5075,3242,2265,189,2265,198,1157,1447,1201,882,282,2237,1348,1599,978,880,675,269,39,73,2443,1455,189,1455,371,844,613,869,318,331,1857,1410,1450,969,742,473,420,189,110
ACSSF,2012m1,co,000,0103,0000079,1447,4270,2941,1235,3968,3940,1418,1323,3830,2661,2015,3890,5159,1766,,,,,,,,33481,33467,55176,.,4368,2072,.,,,,,,,,.,.,.,.,.,.,.,10465,13929,31574,6566,20141,8501,11327,14220,29444,29722,1872,16393,11689,6800,1915,3744,2707,2414,3206,5666,2225,8530,15035,6919,3236,7147,3994,3198,2168,1286,1085,189,1085,46,251,470,538,299,538,831,424,776,540,495,67,87,189,194,1429,671,189,671,137,264,128,562,189,223,1351,736,1120,460,646,567,88,73,189
ACSSF,2012m1,co,000,0103,0000080,1632,3659,4475,2559,4339,3757,1631,2378,2977,5080,3232,3480,4205,2155,8305,9272,40603,10348,12415,28254,.,,,,,,,,5521,56933,27084,25236,6218,20512,26273,.,.,.,.,.,.,.,24132,20240,57062,.,36860,16465,.,12820,18631,4664,2431,21043,29558,1238,2609,5473,3458,3897,4102,4033,3178,3456,5474,5331,6619,5811,12024,6509,2432,1094,880,189,880,129,328,603,730,357,281,1093,698,771,477,510,388,276,189,189,1837,957,189,957,189,418,398,551,307,324,1640,1471,889,709,398,205,314,189,131
ACSSF,2012m1,co,000,0103,0000081,2900,2306,3247,1092,3611,3799,2028,1986,3473,3510,1221,2313,3786,3374,16588,55776,32419,6922,14231,4695,.,,,,,,,,17976,12282,15512,69128,22036,17674,1935,.,.,.,.,.,.,.,10012,23875,17355,43658,14587,19334,17341,10199,18917,12086,3775,8186,23285,2250,1336,2869,4946,2432,2815,4188,3169,6046,8198,3045,1062,5596,4969,6573,2449,1322,953,189,953,280,383,601,619,433,491,979,740,822,291,690,99,161,189,189,1553,1091,189,1091,65,435,308,621,577,220,1109,820,787,536,391,462,186,189,90
ACSSF,2012m1,co,000,0103,0000082,2237,2543,2825,1341,3140,3364,1863,3411,3080,4059,1293,2483,3479,1475,17738,30360,105273,3921,10516,26498,.,32813,.,.,.,11722,.,.,,,,,,,,.,.,.,.,.,.,.,,,,,,,,7588,14053,12497,.,8450,31965,.,3069,4140,3628,1427,2310,4789,1694,7603,7879,5646,3989,11212,8236,4926,1833,1039,697,189,697,139,338,253,555,216,295,806,425,627,496,244,241,73,189,189,1195,680,189,680,189,356,348,383,254,145,815,607,743,630,256,123,109,189,189
ACSSF,2012m1,co,000,0103,0000083,4092,4912,6940,4046,3422,3089,2007,3858,4264,7215,6147,3836,3057,2074,,,,,,,,44043,.,.,.,.,.,.,43095,36049,12748,8414,37593,132496,48098,.,.,.,.,.,.,.,36981,16917,40607,28652,8293,.,7665,9463,56217,56217,.,67108,1730,62390,3814,6105,5545,2813,3863,3000,2244,12291,12809,19191,8850,21104,23958,2362,,,,,,,,,,,,,,,,,,,,,,,,,,,,,,,,,,,,,,,
ACSSF,2012m1,co,000,0103,0000084,5646,5398,8289,5299,6423,7755,6111,4434,5651,8915,2739,6598,6702,6449,51637,74057,12389,.,73142,61497,.,,,,,,,,56041,32670,23928,65951,36409,68845,22785,.,.,.,.,.,.,.,,,,,,,,16915,31602,39164,48300,19911,43718,16925,2389,7954,11150,7155,5818,7721,6162,14168,19234,36330,8270,15128,11838,13387,,,,,,,,,,,,,,,,,,,,,,,,,,,,,,,,,,,,,,,
ACSSF,2012m1,co,000,0103,0000085,4157,8233,6279,6706,3554,4275,2537,4075,8805,6636,7076,3514,4810,2240,21768,36370,36370,.,24004,19348,.,,,,,,,,24569,15720,9958,.,53492,49407,.,.,.,.,.,.,.,.,16884,.,.,.,14574,.,6187,,,,,,,,3758,8711,7267,9499,3416,5658,2154,15375,27103,46414,7434,20257,1135,.,,,,,,,,,,,,,,,,,,,,,,,,,,,,,,,,,,,,,,,
ACSSF,2012m1,co,000,0103,0000086,2678,6752,5807,4094,2845,3328,1370,1962,4015,5155,3256,4708,3935,1692,12279,23609,7986,10718,14406,15498,2960,31893,72576,72576,.,454,.,454,15014,21943,31192,2970,3831,22852,2164,165004,.,.,.,.,.,.,8746,7997,11574,8279,11073,17185,13974,,,,,,,,4041,6416,3988,3057,2863,4648,2013,4352,3076,6092,7450,6401,7143,5218,2441,1396,869,189,869,45,362,522,513,391,193,899,588,657,368,298,279,350,105,118,1394,787,189,787,44,569,486,357,163,129,1147,794,734,415,480,181,200,189,189
ACSSF,2012m1,co,000,0103,0000087,2018,3595,3640,3669,1083,2334,1373,1851,1442,2031,3384,1053,1852,1756,,,,,,,,5247,6431,11198,1136,2866,19191,4353,,,,,,,,.,.,.,.,.,.,.,5301,8419,10331,8633,5429,28808,9227,,,,,,,,1767,1514,2441,3158,1129,2227,1987,5747,13760,9172,2840,5637,20316,5894,1117,791,528,189,528,175,201,296,316,300,169,794,266,762,737,154,156,76,220,190,629,668,189,668,189,465,251,402,160,345,535,371,381,326,156,202,100,189,189
ACSSF,2012m1,co,000,0103,0000088,1656,1115,7628,3020,2152,3635,1498,2173,1866,7924,3092,2172,3902,1647,21145,18970,38676,1910,.,.,.,67770,56719,4241,.,15046,21031,532,,,,,,,,72404,311,.,.,3251,.,3251,20549,21188,52859,11351,14408,52289,7889,8576,4567,11743,2543,14134,24505,.,3320,6009,4286,3048,2230,2948,1551,3246,5189,7248,11118,8143,6809,6492,,,,,,,,,,,,,,,,,,,,,,,,,,,,,,,,,,,,,,,
ACSSF,2012m1,co,000,0103,0000089,2836,2366,4425,3036,2574,5981,1868,2734,2570,3931,3033,3145,5220,1859,.,.,.,.,.,.,.,17430,17805,20386,.,8273,.,12131,22489,.,.,.,20563,10654,.,.,.,.,.,.,.,.,10583,20294,15558,27681,7469,12205,17662,6189,6043,.,6839,22306,56851,26418,2370,3137,5092,2871,2728,4520,1908,3205,5731,19484,9181,4047,3101,2446,,,,,,,,,,,,,,,,,,,,,,,,,,,,,,,,,,,,,,,
ACSSF,2012m1,co,000,0103,0000090,2842,1976,2898,2835,3643,2901,1257,3152,2497,2237,3379,4147,3406,1178,9227,23322,14875,4438,17084,12537,20968,25555,19408,18433,57046,32197,11779,4908,,,,,,,,2362,.,.,.,.,.,.,,,,,,,,,,,,,,,2906,2769,1909,3758,4676,3454,1115,1610,2799,2868,30767,13785,17223,38954,,,,,,,,,,,,,,,,,,,,,,,,,,,,,,,,,,,,,,,
ACSSF,2012m1,co,000,0103,0000091,4443,3831,4766,1735,3130,3664,1551,4505,4239,4257,2472,3275,3798,1244,12665,30102,28020,8283,27459,15599,8543,,,,,,,,,,,,,,,,,,,,,,,,,,,,,6444,7866,18686,16922,14369,13908,1851,4419,3191,5245,2176,4117,3652,1318,3406,3832,6559,6507,10872,21202,8090,,,,,,,,,,,,,,,,,,,,,,,,,,,,,,,,,,,,,,,
ACSSF,2012m1,co,000,0103,0000092,2478,5142,1962,1788,2489,5545,1958,2922,6239,2852,2050,3417,6137,1923,6298,19040,17991,41032,6441,8381,19839,20318,15503,18452,.,.,.,.,20627,26194,26194,.,28551,12556,.,109,.,.,.,109,109,.,12665,27056,16223,8844,8460,11026,1081,3720,5109,11855,23688,3027,6364,14964,2802,6033,3266,2093,3655,4329,2476,4033,7218,14811,7529,9442,6407,2329,,,,,,,,,,,,,,,,,,,,,,,,,,,,,,,,,,,,,,,
ACSSF,2012m1,co,000,0103,0000093,2598,1896,3023,2896,3856,2562,2611,3670,2648,3534,3158,4822,2522,3167,8329,20963,20763,15195,18011,11856,5479,,,,,,,,6314,30313,22396,4467,3555,10552,12926,,,,,,,,4885,22247,20200,54885,13502,2134,.,14553,31542,30006,13137,12508,22790,9507,4685,3645,3365,3498,4866,2840,3282,3919,3407,6928,31351,3132,3954,3954,,,,,,,,,,,,,,,,,,,,,,,,,,,,,,,,,,,,,,,
ACSSF,2012m1,co,000,0103,0000094,1753,3162,3315,2747,2226,2808,2168,1299,2008,4511,4339,2628,5096,3108,4908,9597,10763,5893,6453,6161,4426,49916,33592,26843,.,20027,.,.,21803,42036,6493,27674,4845,17216,1017,25861,.,.,.,.,.,.,6712,11662,8594,5468,6281,4430,6866,13557,9155,48611,2467,12040,12028,4892,3100,4906,3277,3019,3564,4327,3124,2229,5106,3649,11495,4120,6640,2003,3017,1898,1518,189,1518,497,820,791,696,482,251,1453,930,1179,865,486,588,189,178,299,1635,1072,189,1072,246,566,681,412,260,155,1544,1060,1051,922,411,160,216,189,189
ACSSF,2012m1,co,000,0103,0000095,5127,6151,5983,3412,5559,5457,1590,4213,7121,6099,7066,4723,5583,1740,,,,,,,,,,,,,,,,,,,,,,.,.,.,.,.,.,.,22077,69867,77350,.,12320,12320,.,32274,49772,45855,1820,7944,76491,7675,4534,5412,7414,6335,5567,6457,1735,11884,18270,36453,21521,17852,28571,5616,,,,,,,,,,,,,,,,,,,,,,,,,,,,,,,,,,,,,,,
ACSSF,2012m1,co,000,0103,0000096,3286,8629,4975,3492,1977,4303,2424,3947,8862,5857,4844,4533,4812,2150,20624,9024,111587,4777,25243,59945,1899,,,,,,,,25184,41468,21863,41626,3317,28463,9308,,,,,,,,,,,,,,,10489,64798,16151,4279,7771,32639,5422,4927,8208,4915,4512,3794,4206,2071,11525,7327,16681,23889,13193,42505,18343,,,,,,,,,,,,,,,,,,,,,,,,,,,,,,,,,,,,,,,
ACSSF,2012m1,co,000,0103,0000097,1169,1515,4539,1403,3098,1956,1631,2226,3134,1701,2170,3066,2322,2452,2778,2863,9041,1290,4237,8180,1888,,,,,,,,4257,1583,12885,8290,5594,12457,3174,74995,.,.,.,.,.,.,5851,5329,6148,6641,8192,12352,1203,4501,7150,15628,7029,9748,8928,3092,3017,4648,4011,3115,1995,4066,2178,926,1603,2595,5213,3623,2938,2944,3683,2185,1923,189,1923,447,1098,1114,1261,508,429,1497,753,1285,973,631,841,374,232,66,2144,1192,189,1192,262,651,909,862,389,180,1595,1223,1323,1085,673,440,248,189,189
ACSSF,2012m1,co,000,0103,0000098,992,3508,7508,1438,3007,3537,1409,1053,2075,8674,1862,2882,3592,1753,1905,11265,54179,6875,731,.,731,,,,,,,,13817,27530,8281,8771,12656,35519,11092,.,.,.,.,.,.,.,4936,5039,14136,27804,7615,44839,5433,6182,34322,36640,3411,13144,15481,1791,1124,2394,7379,2109,3140,3951,1908,3886,5532,18025,6190,10238,9809,5726,2062,1326,855,189,855,171,18,619,438,369,377,1031,596,869,514,453,439,157,310,166,1117,775,189,775,227,484,244,431,332,423,913,749,584,507,165,170,63,74,100
ACSSF,2012m1,co,000,0103,0000099,2948,5620,8098,7402,4026,5255,3363,2579,6837,6797,8095,3826,3308,2773,9086,10324,8843,96497,40658,.,.,8740,.,.,.,.,.,.,13960,30249,18036,35011,9325,17777,12551,.,.,.,.,.,.,.,22068,20357,21085,2398,27377,73632,8231,11704,4557,2890,43322,28322,18175,7805,3697,7670,3942,10624,3719,4285,3214,3304,3932,10835,7636,6828,12729,855,,,,,,,,,,,,,,,,,,,,,,,,,,,,,,,,,,,,,,,
ACSSF,2012m1,co,000,0103,0000100,2571,3792,2581,1295,2688,1840,898,1169,2526,1729,2565,2720,2075,1103,3534,6727,7483,2965,8027,13140,2118,,,,,,,,9333,9916,8268,3046,8419,15999,13820,,,,,,,,4819,8542,16221,6906,10588,5277,9674,7879,10709,6946,4804,11068,13880,6286,2249,1199,2952,3567,1961,1578,1113,5967,3109,7234,3658,6400,2481,1854,3093,2009,1576,189,1576,70,914,571,832,670,558,991,699,883,771,529,146,243,68,157,1657,1069,189,1069,283,555,340,648,411,265,1524,752,1141,810,606,357,110,376,85
ACSSF,2012m1,co,000,0103,0000101,1074,1809,1470,1394,2079,2061,1589,2853,4592,2905,1464,2308,2233,1845,6300,4789,14253,2519,7955,7036,3884,,,,,,,,15204,19203,24546,14001,27889,28384,.,16039,.,.,.,109,109,.,7353,8918,4699,7232,11816,9309,2015,3628,9405,22953,5052,7148,9919,9053,3070,4783,3063,1389,2458,2833,2115,3546,4487,6308,1964,3367,3741,2409,2787,1710,1330,189,1330,369,834,494,861,297,406,1471,809,1192,779,414,288,216,366,81,1678,1106,189,1106,385,250,605,603,430,322,1449,1243,921,696,581,198,223,189,189
ACSSF,2012m1,co,000,0103,0000102,1129,1969,2786,1220,832,1688,658,1416,2689,1070,1508,1705,1920,902,1399,5187,5705,4864,4454,4856,2023,13713,3604,8203,10905,13641,3035,4624,5949,11862,20785,3995,11049,8667,2219,,,,,,,,2091,2283,7717,3513,2597,5099,1375,2275,11613,11024,6887,5929,4741,5940,1204,3039,5003,2305,1757,1370,2335,1017,1613,1815,1985,1814,1964,1288,747,601,2261,189,2261,244,1744,1663,1628,1362,739,2369,1749,2144,1580,1463,1081,566,266,111,664,1745,189,1745,488,1240,1182,1251,809,676,1909,2129,1665,1450,1037,568,610,229,201
ACSSF,2012m1,co,000,0103,0000103,2810,3861,5429,1657,3001,2734,1174,2524,4547,5821,1638,3133,2905,1166,12709,15403,10567,.,21530,26901,42710,,,,,,,,27342,23502,19857,21444,12105,46524,20328,.,.,.,.,.,.,.,20317,17780,45781,11754,21924,41450,16160,10218,13606,14417,37371,17181,36328,10769,1118,5002,4895,2312,2837,3072,1267,6725,8655,12943,5979,9337,5466,3675,523,224,707,189,707,297,366,317,608,454,624,722,453,656,437,377,232,261,189,47,340,771,189,771,192,425,370,509,341,417,757,860,815,650,278,209,125,184,189
ACSSF,2012m1,co,000,0103,0000104,2616,7032,7085,2970,5009,3231,4590,2762,5690,10502,5052,6198,3432,5118,28017,7683,12327,62975,16172,9644,8546,38065,.,.,.,32032,11779,4888,6370,34583,40610,.,8363,15060,13743,,,,,,,,17070,18989,.,.,26746,26746,.,19113,31207,1039,11737,19890,33278,10141,3811,5526,11483,4813,5385,4706,2784,2454,13726,10890,20247,2501,8329,13143,,,,,,,,,,,,,,,,,,,,,,,,,,,,,,,,,,,,,,,
ACSSF,2012m1,co,000,0103,0000105,1057,4252,3926,1140,2266,3783,721,1447,4332,3860,1147,2649,3802,810,21282,15627,41960,49511,3357,2298,21816,,,,,,,,7902,14563,2553,17375,17131,60797,8888,50756,4502,4502,.,.,.,.,8083,12913,41599,8712,31203,13943,1509,7030,34420,60200,6771,6737,13603,3204,1747,4042,3985,1138,2535,2744,776,4222,14983,4450,2739,5209,9681,2280,1641,978,953,189,953,267,596,395,614,355,443,882,594,671,521,460,109,112,189,78,954,500,189,500,43,381,307,292,161,72,1010,781,967,665,412,290,230,272,189
ACSSF,2012m1,co,000,0103,0000106,2066,2913,3858,3354,2096,3457,1442,3067,4261,4280,3416,2263,3452,1545,21145,18970,38676,1910,.,.,.,62054,85665,54086,.,14772,21031,691,,,,,,,,72404,311,.,.,3251,.,3251,16503,21089,44133,11351,7357,27392,7889,8547,5046,11743,2702,14134,24505,.,3152,4623,4573,3219,2250,1929,1442,3158,5424,7446,10660,7228,6460,6492,,,,,,,,,,,,,,,,,,,,,,,,,,,,,,,,,,,,,,,
ACSSF,2012m1,co,000,0103,0000107,1502,2309,4303,1462,2040,2408,1060,2857,4573,4841,1790,3931,4525,1348,,,,,,,,,,,,,,,9296,108794,65306,.,15070,4156,6006,.,.,.,.,.,.,.,4089,4290,7994,8527,7264,5691,2635,6789,26455,14578,1759,5096,9548,1763,3726,3613,5209,2435,4002,3907,1292,3579,3900,4262,2062,4903,4142,5456,2331,1459,1267,189,1267,207,654,715,861,427,265,1207,710,1020,983,531,327,281,189,189,1156,1142,189,1142,292,477,448,662,222,214,1125,1100,860,539,579,432,157,189,189
ACSSF,2012m1,co,000,0103,0000108,2516,1551,2849,3811,3441,1812,2408,1429,4247,8888,3821,4514,7812,3415,7607,8144,15148,4390,6407,3140,6340,24952,23252,10568,.,.,.,.,8197,17808,57720,40476,2557,59164,1753,38679,.,.,.,672,.,.,5856,11849,8286,16785,3215,3543,6386,23693,11437,7082,17748,9917,21323,1913,3259,3523,10049,3194,3482,10137,2641,2490,3962,5622,11324,5776,5408,2701,2837,1709,1117,189,1117,374,659,604,534,358,152,1342,926,1201,919,464,608,168,189,290,1467,1078,189,1078,235,487,647,251,281,121,1270,793,749,724,411,189,189,189,189
ACSSF,2012m1,co,000,0103,0000109,708,1628,3213,753,962,1207,758,1229,2535,3547,906,1575,1490,955,6500,19123,27376,5920,2951,15209,11346,11849,28036,66714,18074,9212,19096,2405,15556,25772,13914,17136,13162,6450,2636,6033,6033,6033,.,.,.,.,7587,15193,12665,7936,13900,3926,6539,5813,10296,10765,2744,8719,13984,5208,1061,1655,948,995,2052,2365,1180,4277,4058,3156,1339,4510,1632,1516,937,687,1285,189,1285,329,562,804,1007,672,851,1358,1043,1304,836,951,399,571,74,194,496,1381,189,1381,176,700,538,861,724,478,1451,1579,1646,1044,779,750,367,94,164
ACSSF,2012m1,co,000,0103,0000110,2283,6634,4587,2296,2119,4225,1856,2897,6519,3247,2494,3987,3442,1905,16746,24157,5434,.,16685,9181,.,44919,.,.,.,719,.,.,,,,,,,,.,.,.,.,.,.,.,,,,,,,,,,,,,,,4298,3224,6565,3690,4142,4057,2043,6449,8475,5772,7004,9127,13857,8311,,,,,,,,,,,,,,,,,,,,,,,,,,,,,,,,,,,,,,,
ACSSF,2012m1,co,000,0103,0000111,3135,3468,6283,2199,1910,5210,1711,2206,6271,6774,1773,3358,5440,2019,,,,,,,,5494,5481,4727,7253,.,.,.,,,,,,,,.,.,.,.,.,.,.,4746,4714,22422,1897,2092,2571,21214,7329,30179,43411,.,10835,237174,13364,2578,3985,5572,1244,3392,4444,2302,3305,4932,6562,2307,4660,6776,5910,2520,1515,947,189,947,32,279,841,726,525,629,1420,882,1306,749,1095,293,399,125,76,1407,789,189,789,403,525,396,282,411,23,1095,1084,810,574,393,316,213,189,189
ACSSF,2012m1,co,000,0103,0000112,3978,4584,4683,2200,1755,2007,2247,4259,7718,5693,3840,2227,1987,2039,,,,,,,,,,,,,,,,,,,,,,.,.,.,.,.,.,.,9779,18316,9797,1224,9100,64813,615,,,,,,,,4416,6626,5023,3188,2393,1993,2080,14997,20754,25778,5506,20273,24387,1465,,,,,,,,,,,,,,,,,,,,,,,,,,,,,,,,,,,,,,,
ACSSF,2012m1,co,000,0103,0000113,1956,2849,4375,2521,2496,1611,2250,1510,3361,3574,4123,2130,3044,2437,6801,3611,1875,2445,16352,12947,28330,24800,24133,13073,7894,34059,20809,.,,,,,,,,.,.,.,.,.,.,.,5530,10401,14315,5730,6500,7569,1410,10377,32169,13011,7119,2926,6120,1424,1724,3003,5857,4508,2437,2547,4210,3283,3418,6554,3097,2781,4623,2205,1367,785,1023,189,1023,344,574,687,662,535,270,1162,936,1059,694,631,300,127,170,189,808,947,189,947,191,485,424,751,475,72,1264,1330,1060,826,547,266,173,189,189
ACSSF,2012m1,co,000,0103,0000114,1795,2904,3954,1981,2315,2483,1320,2006,2133,4189,2514,2424,2349,1466,32920,37368,4216,11289,6229,.,2299,,,,,,,,4849,8988,13789,12772,8183,11579,13093,.,.,.,.,.,.,.,9874,16631,17171,8811,6444,20131,5550,22284,21314,10748,7380,18159,16133,.,2673,3705,4621,2028,1766,2833,1695,2690,3874,3777,3205,3911,4544,1466,4391,2383,1782,189,1782,189,545,928,1475,856,458,1487,727,1243,738,766,586,453,225,189,2666,1730,189,1730,362,993,702,980,635,355,1818,1305,1365,1219,435,521,224,149,189
ACSSF,2012m1,co,000,0103,0000115,2210,3100,2301,2800,5756,3234,2071,3495,3852,4395,3924,7545,5716,2299,,,,,,,,.,.,.,.,.,.,.,11214,15004,17402,33077,19501,5690,4353,.,.,.,.,.,.,.,6685,13500,6753,6378,5079,15492,8415,,,,,,,,3108,4488,10089,1254,4986,3700,2407,3650,3618,9053,6321,3957,5845,3901,3333,1933,1064,189,1064,89,461,771,553,162,357,1418,656,1279,998,576,496,444,189,98,1847,855,189,855,98,557,318,480,173,62,1689,907,1098,749,585,104,189,189,189
