ACSSF,2010e1,co,000,0020,0000001,2870343,1129,0,116,243886,10082,728,710,951,1382,1823,739,313,1372,2064,2916,250,1304,5314,721,2198,1151,14945,1293,683,10421,0,907,1837,0,10075,2553,11903,22009,5522,151196,619,89951,3844,24502,10642,354483,141,8711,0,6444,126,5049,149218,1086,84070,178,3508,95,151,50,153,10658,34998,959,35240,2813,2750,17590,8140,23108,38737,1257,1403,2623,2410,0,27819,0,7681,1104,0,384,869,481,0,4039,684,2575,57,0,8562,1383,32133,5519,754,4295,9775,4396,40,0,55,47,58,48,457,3467,39,0,185,0,3319,1354215,2870343,243886,10082,14945,10075,11903,22009,151196,89951,24502,10642,354483,8711,6444,149218,84070,3508,34998,35240,2813,17590,23108,38737,2623,27819,32133,5519,4295,9775,4396,1435672
ACSSF,2010e1,co,000,0020,0000002,2280339,1129,0,55,180846,8690,369,710,951,1369,1642,0,267,1372,2010,2364,250,1218,3888,578,1288,884,11447,526,283,6483,0,848,1186,0,7669,1840,7957,16871,4898,109928,554,70411,2827,17872,7368,254980,141,7348,0,4933,59,4902,111838,960,66412,118,2779,95,151,50,79,9128,27042,782,28482,1884,2185,14742,5512,15866,28318,1243,1063,2158,1930,0,25809,0,7270,1104,0,384,869,481,0,4039,614,2575,57,0,7790,626,24561,3930,754,3245,7546,3841,40,0,0,47,58,48,321,3241,39,0,47,0,2220,1143095,2280339,180846,8690,11447,7669,7957,16871,109928,70411,17872,7368,254980,7348,4933,111838,66412,2779,27042,28482,1884,14742,15866,28318,2158,25809,24561,3930,3245,7546,3841,1205566
ACSSF,2010e1,co,000,0020,0000003,,,,,,,,,,,,,,,,,,,,,,,,,,,,,,,,,,,,,,,,,,,,,,,,,,,,,,,,,,,,,,,,,,,,,,,,,,,,,,,,,,,,,,,,,,,,,,,,,,,,,,,,,,,,,590004,63040,1392,3498,2406,3946,5138,41268,19540,6630,3274,99503,1363,1511,37380,17658,729,7956,6758,929,2848,7242,10419,465,2010,7572,1589,1050,2229,555,230106
ACSSF,2010e1,co,000,0020,0000004,2650226,1129,0,61,224014,9797,728,710,951,1311,1823,739,153,1372,2010,2916,250,965,4887,560,1939,1099,14781,1190,391,9999,0,907,1730,0,9553,2466,10306,20494,5265,136932,619,83840,3678,22217,9982,320544,123,8505,0,5899,126,5049,136646,960,78384,178,3340,95,151,50,79,10104,31689,880,33216,2508,2683,16819,6786,19760,35782,1243,1331,2527,2400,0,27739,0,7681,1104,0,384,869,481,0,3978,665,2575,57,0,8562,1383,28310,5208,754,4205,9092,4396,40,0,55,47,58,48,457,3467,39,0,185,0,3265,1257433,2650226,224014,9797,14781,9553,10306,20494,136932,83840,22217,9982,320544,8505,5899,136646,78384,3340,31689,33216,2508,16819,19760,35782,2527,27739,28310,5208,4205,9092,4396,1333741
ACSSF,2010e1,co,000,0020,0000005,2500140,1129,0,61,214571,9706,728,655,915,1311,1823,739,153,1372,2010,2748,250,816,4616,560,1855,1099,14374,1190,391,9702,0,848,1562,0,9294,2102,9098,18695,5265,127880,619,82069,3544,21433,9200,296555,123,7918,0,5664,126,4923,127472,960,74997,123,3212,95,151,50,79,9656,28897,821,31291,2508,2533,16072,6272,18290,33250,1243,1311,2269,2265,0,25094,0,6860,1104,0,384,869,481,0,2310,665,2575,57,0,8406,1383,26624,4885,754,4195,8334,4396,40,0,55,47,58,48,457,3467,39,0,185,0,3180,1188875,2500140,214571,9706,14374,9294,9098,18695,127880,82069,21433,9200,296555,7918,5664,127472,74997,3212,28897,31291,2508,16072,18290,33250,2269,25094,26624,4885,4195,8334,4396,1261897
ACSSF,2010e1,co,000,0020,0000006,1184024,890,0,0,78387,5811,474,452,749,408,1693,739,153,566,577,1786,250,102,1327,113,487,299,7057,189,125,3292,0,47,511,0,2796,886,3456,7740,2621,52728,369,36520,1264,8723,4084,116936,123,2954,0,2321,59,1997,56095,483,31702,63,1450,95,151,0,0,4863,11025,333,11614,1162,1207,6342,1735,8239,12761,729,392,813,1204,0,18422,0,6254,543,0,0,558,399,0,1419,286,2186,0,0,6182,595,10760,1816,252,1565,3802,3109,40,0,0,47,58,0,299,2626,39,0,0,0,1685,643905,1184024,78387,5811,7057,2796,3456,7740,52728,36520,8723,4084,116936,2954,2321,56095,31702,1450,11025,11614,1162,6342,8239,12761,813,18422,10760,1816,1565,3802,3109,673834
ACSSF,2010e1,co,000,0020,0000007,1316116,239,0,61,136184,3895,254,203,166,903,130,0,0,806,1433,962,0,714,3289,447,1368,800,7317,1001,266,6410,0,801,1051,0,6498,1216,5642,10955,2644,75152,250,45549,2280,12710,5116,179619,0,4964,0,3343,67,2926,71377,477,43295,60,1762,0,0,50,79,4793,17872,488,19677,1346,1326,9730,4537,10051,20489,514,919,1456,1061,0,6672,0,606,561,0,384,311,82,0,891,379,389,57,0,2224,788,15864,3069,502,2630,4532,1287,0,0,55,0,0,48,158,841,0,0,185,0,1495,544970,1316116,136184,3895,7317,6498,5642,10955,75152,45549,12710,5116,179619,4964,3343,71377,43295,1762,17872,19677,1346,9730,10051,20489,1456,6672,15864,3069,2630,4532,1287,588063
ACSSF,2010e1,co,000,0020,0000008,,,,,,,,,,,,,,,,,,,,,,,,,,,,,,,,,,,,,,,,,,,,,,,,,,,,,,,,,,,,,,,,,,,,,,,,,,,,,,,,,,,,,,,,,,,,,,,,,,,,,,,,,,,,,150086,9443,91,407,259,1208,1799,9052,1771,784,782,23989,587,235,9174,3387,128,2792,1925,0,747,1470,2532,258,2645,1686,323,10,758,0,71844
ACSSF,2010e1,co,000,0020,0000009,,,,,,,,,,,,,,,,,,,,,,,,,,,,,,,,,,,,,,,,,,,,,,,,,,,,,,,,,,,,,,,,,,,,,,,,,,,,,,,,,,,,,,,,,,,,,,,,,,,,,,,,,,,,,55647,3320,36,0,17,627,262,2108,839,249,523,9868,143,91,2275,1101,77,596,660,0,40,485,1022,53,2545,906,137,0,374,0,27293
ACSSF,2010e1,co,000,0020,0000010,,,,,,,,,,,,,,,,,,,,,,,,,,,,,,,,,,,,,,,,,,,,,,,,,,,,,,,,,,,,,,,,,,,,,,,,,,,,,,,,,,,,,,,,,,,,,,,,,,,,,,,,,,,,,94439,6123,55,407,242,581,1537,6944,932,535,259,14121,444,144,6899,2286,51,2196,1265,0,707,985,1510,205,100,780,186,10,384,0,44551
ACSSF,2010e1,co,000,0020,0000011,,,,,,,,,,,,,,,,,,,,,,,,,,,,,,,,,,,,,,,,,,,,,,,,,,,,,,,,,,,,,,,,,,,,,,,,,,,,,,,,,,,,,,,,,,,,,,,,,,,,,,,,,,,,,220117,19872,285,164,522,1597,1515,14264,6111,2285,660,33939,206,545,12572,5686,168,3309,2024,305,771,3348,2955,96,80,3823,311,90,683,0,101931
ACSSF,2010e1,co,000,0020,0000012,,,,,,,,,,,,,,,,,,,,,,,,,,,,,,,,,,,,,,,,,,,,,,,,,,,,,,,,,,,,,,,,,,,,,,,,,,,,,,,,,,,,,,,,,,,,,,,,,,,,,,,,,,,,,370203,29315,376,571,781,2805,3314,23316,7882,3069,1442,57928,793,780,21746,9073,296,6101,3949,305,1518,4818,5487,354,2725,5509,634,100,1441,0,173775
ACSSF,2010e1,co,000,0020,0000013,,,,,,,,,,,,,,,,,,,,,,,,,,,,,,,,,,,,,,,,,,,,,,,,,,,,,,,,,,,,,,,,,,,,,,,,,,,,,,,,,,,,,,,,,,,,,,,,,,,,,,,,,,,,,301006,31491,305,740,380,307,1124,8002,4636,1753,780,26359,311,426,7409,6854,39,1758,3620,189,1004,1087,2485,156,1461,2089,66,145,599,200,195231
ACSSF,2010e1,co,000,0020,0000014,,,,,,,,,,,,,,,,,,,,,,,,,,,,,,,,,,,,,,,,,,,,,,,,,,,,,,,,,,,,,,,,,,,,,,,,,,,,,,,,,,,,,,,,,,,,,,,,,,,,,,,,,,,,,364403,34104,2640,1428,1526,1622,1830,15367,8909,3229,1779,30320,977,963,18557,8421,681,3884,4876,196,3613,2303,5315,518,10047,3043,428,1167,671,1502,194487
ACSSF,2010e1,co,000,0020,0000015,,,,,,,,,,,,,,,,,,,,,,,,,,,,,,,,,,,,,,,,,,,,,,,,,,,,,,,,,,,,,,,,,,,,,,,,,,,,,,,,,,,,,,,,,,,,,,,,,,,,,,,,,,,,,150387,10231,236,2293,684,699,1605,10974,9665,1755,396,17836,589,499,9989,5314,385,2513,2179,142,1223,1709,3178,79,513,2824,266,451,530,123,61507
ACSSF,2010e1,co,000,0020,0000016,,,,,,,,,,,,,,,,,,,,,,,,,,,,,,,,,,,,,,,,,,,,,,,,,,,,,,,,,,,,,,,,,,,,,,,,,,,,,,,,,,,,,,,,,,,,,,,,,,,,,,,,,,,,,389356,18309,1634,3083,895,870,2422,13253,13504,2284,356,23988,1304,514,15273,10114,510,3304,3415,475,3754,2196,1973,57,9112,2276,542,392,445,313,252789
ACSSF,2010e1,co,000,0020,0000017,,,,,,,,,,,,,,,,,,,,,,,,,,,,,,,,,,,,,,,,,,,,,,,,,,,,,,,,,,,,,,,,,,,,,,,,,,,,,,,,,,,,,,,,,,,,,,,,,,,,,,,,,,,,,141007,13967,642,1074,668,1241,1331,9872,5262,2405,589,21455,1282,336,9463,6526,115,2353,2605,387,836,899,3490,246,0,998,989,514,478,0,50984
ACSSF,2010e1,co,000,0020,0000018,,,,,,,,,,,,,,,,,,,,,,,,,,,,,,,,,,,,,,,,,,,,,,,,,,,,,,,,,,,,,,,,,,,,,,,,,,,,,,,,,,,,,,,,,,,,,,,,,,,,,,,,,,,,,336554,36466,1147,2158,1094,355,3220,23174,11546,3022,2289,42643,874,1016,19230,10235,228,4958,4519,404,811,2716,4760,566,1809,3375,477,561,2445,1288,149168
ACSSF,2010e1,co,000,0020,0000019,,,,,,,,,,,,,,,,,,,,,,,,,,,,,,,,,,,,,,,,,,,,,,,,,,,,,,,,,,,,,,,,,,,,,,,,,,,,,,,,,,,,,,,,,,,,,,,,,,,,,,,,,,,,,291284,25981,1569,1368,2126,1239,2760,16667,9521,2691,790,47111,1570,1015,18692,11573,537,4604,4279,203,3170,2842,4692,387,679,4316,697,490,760,80,118875
ACSSF,2010e1,co,000,0020,0000020,,,,,,,,,,,,,,,,,,,,,,,,,,,,,,,,,,,,,,,,,,,,,,,,,,,,,,,,,,,,,,,,,,,,,,,,,,,,,,,,,,,,,,,,,,,,,,,,,,,,,,,,,,,,,138202,9445,908,759,712,1357,1809,10110,10177,876,822,28498,393,287,9244,3614,246,2367,1489,243,552,1070,2581,96,559,2700,439,124,436,58,46231
ACSSF,2010e1,co,000,0020,0000021,,,,,,,,,,,,,,,,,,,,,,,,,,,,,,,,,,,,,,,,,,,,,,,,,,,,,,,,,,,,,,,,,,,,,,,,,,,,,,,,,,,,,,,,,,,,,,,,,,,,,,,,,,,,,73078,8822,452,394,56,206,693,4534,1367,736,526,11991,62,148,5163,3231,0,675,597,207,253,958,1200,0,208,991,247,221,252,0,28888
ACSSF,2010e1,co,000,0020,0000022,,,,,,,,,,,,,,,,,,,,,,,,,,,,,,,,,,,,,,,,,,,,,,,,,,,,,,,,,,,,,,,,,,,,,,,,,,,,,,,,,,,,,,,,,,,,,,,,,,,,,,,,,,,,,100523,7810,0,238,126,320,462,5143,859,863,336,8908,247,112,3380,4631,234,959,1016,0,333,298,440,123,0,561,0,62,100,777,62185
ACSSF,2010e1,co,000,0020,0000023,,,,,,,,,,,,,,,,,,,,,,,,,,,,,,,,,,,,,,,,,,,,,,,,,,,,,,,,,,,,,,,,,,,,,,,,,,,,,,,,,,,,,,,,,,,,,,,,,,,,,,,,,,,,,147748,10769,130,753,282,330,751,5957,3312,1050,333,26351,154,177,5543,1867,158,753,1005,0,461,859,1739,0,580,2133,583,68,1541,55,80054
ACSSF,2010e1,co,000,0020,0000024,,,,,,,,,,,,,,,,,,,,,,,,,,,,,,,,,,,,,,,,,,,,,,,,,,,,,,,,,,,,,,,,,,,,,,,,,,,,,,,,,,,,,,,,,,,,,,,,,,,,,,,,,,,,,58928,3901,72,141,472,495,519,3450,2928,252,255,10294,837,389,3457,3286,55,476,692,0,1522,609,420,52,221,1163,131,490,0,0,22349
ACSSF,2010e1,co,000,0020,0000025,,,,,,,,,,,,,,,,,,,,,,,,,,,,,,,,,,,,,,,,,,,,,,,,,,,,,,,,,,,,,,,,,,,,,,,,,,,,,,,,,,,,,,,,,,,,,,,,,,,,,,,,,,,,,230791,15091,1372,354,535,596,724,6119,2132,1583,807,14756,408,268,9754,3638,197,1324,846,196,700,1009,2908,255,6628,913,98,253,164,1037,156126
ACSSF,2010e1,co,000,0020,0000026,,,,,,,,,,,,,,,,,,,,,,,,,,,,,,,,,,,,,,,,,,,,,,,,,,,,,,,,,,,,,,,,,,,,,,,,,,,,,,,,,,,,,,,,,,,,,,,,,,,,,,,,,,,,,51617,1996,184,807,115,309,692,4349,2199,687,2,6914,502,337,4044,2897,44,881,1175,0,609,800,1305,0,0,1192,211,176,235,0,18955
ACSSF,2010e1,co,000,0020,0000027,,,,,,,,,,,,,,,,,,,,,,,,,,,,,,,,,,,,,,,,,,,,,,,,,,,,,,,,,,,,,,,,,,,,,,,,,,,,,,,,,,,,,,,,,,,,,,,,,,,,,,,,,,,,,52074,6715,262,498,396,235,802,4140,2305,183,55,6392,279,314,3348,1753,64,1227,1170,0,790,600,1315,150,44,781,176,242,172,47,17619
ACSSF,2010e1,co,000,0020,0000028,,,,,,,,,,,,,,,,,,,,,,,,,,,,,,,,,,,,,,,,,,,,,,,,,,,,,,,,,,,,,,,,,,,,,,,,,,,,,,,,,,,,,,,,,,,,,,,,,,,,,,,,,,,,,226083,21534,1147,1695,469,221,1729,14102,8368,2184,1706,26594,304,736,11594,7729,228,3136,2930,292,579,1831,2961,364,1479,2051,203,309,1983,924,106701
ACSSF,2010e1,co,000,0020,0000029,,,,,,,,,,,,,,,,,,,,,,,,,,,,,,,,,,,,,,,,,,,,,,,,,,,,,,,,,,,,,,,,,,,,,,,,,,,,,,,,,,,,,,,,,,,,,,,,,,,,,,,,,,,,,389356,18309,1634,3083,895,870,2422,13253,13504,2284,356,23988,1304,514,15273,10114,510,3304,3415,475,3754,2196,1973,57,9112,2276,542,392,445,313,252789
ACSSF,2010e1,co,000,0020,0000030,,,,,,,,,,,,,,,,,,,,,,,,,,,,,,,,,,,,,,,,,,,,,,,,,,,,,,,,,,,,,,,,,,,,,,,,,,,,,,,,,,,,,,,,,,,,,,,,,,,,,,,,,,,,,67361,4116,908,215,411,371,820,4322,5518,215,568,11814,240,93,4579,2261,107,1045,880,0,159,786,1481,40,200,1536,314,58,209,58,24037
ACSSF,2010e1,co,000,0020,0000031,,,,,,,,,,,,,,,,,,,,,,,,,,,,,,,,,,,,,,,,,,,,,,,,,,,,,,,,,,,,,,,,,,,,,,,,,,,,,,,,,,,,,,,,,,,,,,,,,,,,,,,,,,,,,,,,,,,,,,,,,,,,,,,,,,,,,,,,,,,
ACSSF,2010e1,co,000,0020,0000032,,,,,,,,,,,,,,,,,,,,,,,,,,,,,,,,,,,,,,,,,,,,,,,,,,,,,,,,,,,,,,,,,,,,,,,,,,,,,,,,,,,,,,,,,,,,,,,,,,,,,,,,,,,,,46821,3608,444,407,208,309,389,3277,2541,826,0,6505,304,205,3112,1617,47,1100,512,156,185,128,802,68,0,121,298,87,169,0,19396
ACSSF,2010e1,co,000,0020,0000033,,,,,,,,,,,,,,,,,,,,,,,,,,,,,,,,,,,,,,,,,,,,,,,,,,,,,,,,,,,,,,,,,,,,,,,,,,,,,,,,,,,,,,,,,,,,,,,,,,,,,,,,,,,,,82045,6234,1214,388,638,327,837,4171,2220,231,35,10309,91,49,3635,2185,212,841,1217,42,234,651,1410,0,177,1149,58,0,353,0,43137
ACSSF,2010e1,co,000,0020,0000034,,,,,,,,,,,,,,,,,,,,,,,,,,,,,,,,,,,,,,,,,,,,,,,,,,,,,,,,,,,,,,,,,,,,,,,,,,,,,,,,,,,,,,,,,,,,,,,,,,,,,,,,,,,,,45215,2637,0,88,155,112,354,2095,4520,451,187,3932,43,50,2015,418,170,746,347,0,59,380,260,79,427,996,55,84,175,75,24305
ACSSF,2010e1,co,000,0020,0000035,,,,,,,,,,,,,,,,,,,,,,,,,,,,,,,,,,,,,,,,,,,,,,,,,,,,,,,,,,,,,,,,,,,,,,,,,,,,,,,,,,,,,,,,,,,,,,,,,,,,,,,,,,,,,,,,,,,,,,,,,,,,,,,,,,,,,,,,,,,
ACSSF,2010e1,co,000,0020,0000036,,,,,,,,,,,,,,,,,,,,,,,,,,,,,,,,,,,,,,,,,,,,,,,,,,,,,,,,,,,,,,,,,,,,,,,,,,,,,,,,,,,,,,,,,,,,,,,,,,,,,,,,,,,,,,,,,,,,,,,,,,,,,,,,,,,,,,,,,,,
ACSSF,2010e1,co,000,0020,0000037,,,,,,,,,,,,,,,,,,,,,,,,,,,,,,,,,,,,,,,,,,,,,,,,,,,,,,,,,,,,,,,,,,,,,,,,,,,,,,,,,,,,,,,,,,,,,,,,,,,,,,,,,,,,,80297,15700,305,204,103,79,360,1871,659,320,125,6091,259,379,2307,1230,0,758,326,189,225,400,1391,0,336,1161,66,0,181,136,45136
ACSSF,2010e1,co,000,0020,0000038,,,,,,,,,,,,,,,,,,,,,,,,,,,,,,,,,,,,,,,,,,,,,,,,,,,,,,,,,,,,,,,,,,,,,,,,,,,,,,,,,,,,,,,,,,,,,,,,,,,,,,,,,,,,,63107,3866,0,268,60,108,476,2628,1937,1464,191,8665,116,65,2677,2181,0,433,645,51,1150,569,687,79,146,417,44,0,115,64,34005
ACSSF,2010e1,co,000,0020,0000039,,,,,,,,,,,,,,,,,,,,,,,,,,,,,,,,,,,,,,,,,,,,,,,,,,,,,,,,,,,,,,,,,,,,,,,,,,,,,,,,,,,,,,,,,,,,,,,,,,,,,,,,,,,,,51617,1996,184,807,115,309,692,4349,2199,687,2,6914,502,337,4044,2897,44,881,1175,0,609,800,1305,0,0,1192,211,176,235,0,18955
ACSSF,2010e1,co,000,0020,0000040,,,,,,,,,,,,,,,,,,,,,,,,,,,,,,,,,,,,,,,,,,,,,,,,,,,,,,,,,,,,,,,,,,,,,,,,,,,,,,,,,,,,,,,,,,,,,,,,,,,,,,,,,,,,,226083,21534,1147,1695,469,221,1729,14102,8368,2184,1706,26594,304,736,11594,7729,228,3136,2930,292,579,1831,2961,364,1479,2051,203,309,1983,924,106701
ACSSF,2010e1,co,000,0020,0000041,,,,,,,,,,,,,,,,,,,,,,,,,,,,,,,,,,,,,,,,,,,,,,,,,,,,,,,,,,,,,,,,,,,,,,,,,,,,,,,,,,,,,,,,,,,,,,,,,,,,,,,,,,,,,230791,15091,1372,354,535,596,724,6119,2132,1583,807,14756,408,268,9754,3638,197,1324,846,196,700,1009,2908,255,6628,913,98,253,164,1037,156126
ACSSF,2010e1,co,000,0020,0000042,,,,,,,,,,,,,,,,,,,,,,,,,,,,,,,,,,,,,,,,,,,,,,,,,,,,,,,,,,,,,,,,,,,,,,,,,,,,,,,,,,,,,,,,,,,,,,,,,,,,,,,,,,,,,389356,18309,1634,3083,895,870,2422,13253,13504,2284,356,23988,1304,514,15273,10114,510,3304,3415,475,3754,2196,1973,57,9112,2276,542,392,445,313,252789
ACSSF,2010e1,co,000,0020,0000043,,,,,,,,,,,,,,,,,,,,,,,,,,,,,,,,,,,,,,,,,,,,,,,,,,,,,,,,,,,,,,,,,,,,,,,,,,,,,,,,,,,,,,,,,,,,,,,,,,,,,,,,,,,,,67361,4116,908,215,411,371,820,4322,5518,215,568,11814,240,93,4579,2261,107,1045,880,0,159,786,1481,40,200,1536,314,58,209,58,24037
ACSSF,2010e1,co,000,0020,0000044,,,,,,,,,,,,,,,,,,,,,,,,,,,,,,,,,,,,,,,,,,,,,,,,,,,,,,,,,,,,,,,,,,,,,,,,,,,,,,,,,,,,,,,,,,,,,,,,,,,,,,,,,,,,,,,,,,,,,,,,,,,,,,,,,,,,,,,,,,,
ACSSF,2010e1,co,000,0020,0000045,,,,,,,,,,,,,,,,,,,,,,,,,,,,,,,,,,,,,,,,,,,,,,,,,,,,,,,,,,,,,,,,,,,,,,,,,,,,,,,,,,,,,,,,,,,,,,,,,,,,,,,,,,,,,,,,,,,,,,,,,,,,,,,,,,,,,,,,,,,
ACSSF,2010e1,co,000,0020,0000046,,,,,,,,,,,,,,,,,,,,,,,,,,,,,,,,,,,,,,,,,,,,,,,,,,,,,,,,,,,,,,,,,,,,,,,,,,,,,,,,,,,,,,,,,,,,,,,,,,,,,,,,,,,,,,,,,,,,,,,,,,,,,,,,,,,,,,,,,,,
ACSSF,2010e1,co,000,0020,0000047,,,,,,,,,,,,,,,,,,,,,,,,,,,,,,,,,,,,,,,,,,,,,,,,,,,,,,,,,,,,,,,,,,,,,,,,,,,,,,,,,,,,,,,,,,,,,,,,,,,,,,,,,,,,,426250,21412,2584,3242,1129,1141,2696,14422,14857,2501,932,26579,1351,773,17685,10785,700,3584,4229,475,4246,2569,2486,120,10525,2573,542,392,516,731,270473
ACSSF,2010e1,co,000,0020,0000048,,,,,,,,,,,,,,,,,,,,,,,,,,,,,,,,,,,,,,,,,,,,,,,,,,,,,,,,,,,,,,,,,,,,,,,,,,,,,,,,,,,,,,,,,,,,,,,,,,,,,,,,,,,,,416109,40363,584,3222,1278,1496,3450,21970,13061,4516,1201,45729,1264,1413,24695,11811,292,5159,6136,423,3309,3642,6995,392,813,5265,569,392,948,248,205473
ACSSF,2010e1,co,000,0020,0000049,,,,,,,,,,,,,,,,,,,,,,,,,,,,,,,,,,,,,,,,,,,,,,,,,,,,,,,,,,,,,,,,,,,,,,,,,,,,,,,,,,,,,,,,,,,,,,,,,,,,,,,,,,,,,394626,36377,569,735,673,2160,3458,23320,8809,3975,1606,51896,826,892,21535,14531,437,4349,4196,512,1844,4266,5421,282,544,5277,682,358,1204,777,193115
ACSSF,2010e1,co,000,0020,0000050,,,,,,,,,,,,,,,,,,,,,,,,,,,,,,,,,,,,,,,,,,,,,,,,,,,,,,,,,,,,,,,,,,,,,,,,,,,,,,,,,,,,,,,,,,,,,,,,,,,,,,,,,,,,,383667,26981,1242,1606,1329,2116,2933,21707,17440,2440,1408,73508,475,414,17884,6368,590,4935,3061,243,1161,2812,4821,175,3855,6624,1090,276,2173,188,173812
ACSSF,2010e1,co,000,0020,0000051,,,,,,,,,,,,,,,,,,,,,,,,,,,,,,,,,,,,,,,,,,,,,,,,,,,,,,,,,,,,,,,,,,,,,,,,,,,,,,,,,,,,,,,,,,,,,,,,,,,,,,,,,,,,,384959,40743,1202,2276,1181,1085,3751,25879,12106,3329,2289,51088,922,1207,22252,12199,228,6045,5477,425,851,3520,5410,566,2035,4168,477,561,2780,1288,169619
ACSSF,2010e1,co,000,0020,0000052,,,,,,,,,,,,,,,,,,,,,,,,,,,,,,,,,,,,,,,,,,,,,,,,,,,,,,,,,,,,,,,,,,,,,,,,,,,,,,,,,,,,,,,,,,,,,,,,,,,,,,,,,,,,,427571,46050,1375,2502,2807,2396,3230,27427,15487,5586,1858,60992,2363,1453,28710,16630,742,8043,7867,497,3764,3759,8660,964,2370,4760,1764,1079,1195,707,162534
ACSSF,2010e1,co,000,0020,0000053,,,,,,,,,,,,,,,,,,,,,,,,,,,,,,,,,,,,,,,,,,,,,,,,,,,,,,,,,,,,,,,,,,,,,,,,,,,,,,,,,,,,,,,,,,,,,,,,,,,,,,,,,,,,,437161,31960,2526,1362,1678,1509,2491,16471,8191,2155,1348,44691,1510,292,16457,11746,519,2883,4274,238,2415,2540,4944,124,7677,3466,395,1237,959,457,260646
ACSSF,2010e1,co,000,0020,0000054,,,,,,,,,,,,,,,,,,,,,,,,,,,,,,,,,,,,,,,,,,,,,,,,,,,,,,,,,,,,,,,,,,,,,,,,,,,,,,,,,,,,,,,,,,,,,,,,,,,,,,,,,,,,,64121,3931,0,103,166,1004,792,4855,3511,757,427,9355,193,94,3340,2207,91,1219,542,73,342,747,1129,96,134,1204,46,0,163,0,27600
ACSSF,2010e1,co,000,0020,0000055,,,,,,,,,,,,,,,,,,,,,,,,,,,,,,,,,,,,,,,,,,,,,,,,,,,,,,,,,,,,,,,,,,,,,,,,,,,,,,,,,,,,,,,,,,,,,,,,,,,,,,,,,,,,,70890,5400,0,544,284,917,1056,5507,4558,601,315,15916,153,194,4437,1271,139,1018,575,243,339,379,1061,56,286,1038,125,66,227,0,24185
ACSSF,2010e1,co,000,0020,0000056,,,,,,,,,,,,,,,,,,,,,,,,,,,,,,,,,,,,,,,,,,,,,,,,,,,,,,,,,,,,,,,,,,,,,,,,,,,,,,,,,,,,,,,,,,,,,,,,,,,,,,,,,,,,,71125,8822,452,394,56,206,693,4418,1367,651,526,11357,62,148,4885,3161,0,621,529,134,253,958,1200,0,208,991,247,221,252,0,28313
ACSSF,2010e1,co,000,0020,0000057,,,,,,,,,,,,,,,,,,,,,,,,,,,,,,,,,,,,,,,,,,,,,,,,,,,,,,,,,,,,,,,,,,,,,,,,,,,,,,,,,,,,,,,,,,,,,,,,,,,,,,,,,,,,,62686,3910,908,215,361,371,753,3699,5422,215,507,11374,240,93,4332,2200,107,1118,827,0,159,691,1431,40,200,1588,314,58,209,58,21286
ACSSF,2010e1,co,000,0020,0000058,,,,,,,,,,,,,,,,,,,,,,,,,,,,,,,,,,,,,,,,,,,,,,,,,,,,,,,,,,,,,,,,,,,,,,,,,,,,,,,,,,,,,,,,,,,,,,,,,,,,,,,,,,,,,147788,10769,130,753,282,330,751,5957,3312,1050,333,26351,154,177,5543,1867,158,753,1005,0,461,859,1739,0,580,2133,583,68,1541,55,80094
ACSSF,2010e1,co,000,0020,0000059,,,,,,,,,,,,,,,,,,,,,,,,,,,,,,,,,,,,,,,,,,,,,,,,,,,,,,,,,,,,,,,,,,,,,,,,,,,,,,,,,,,,,,,,,,,,,,,,,,,,,,,,,,,,,75547,5566,204,61,406,315,246,5116,1145,398,365,18031,155,27,2579,912,79,1064,554,0,112,874,638,0,2289,1101,102,0,150,0,33058
ACSSF,2010e1,co,000,0020,0000060,,,,,,,,,,,,,,,,,,,,,,,,,,,,,,,,,,,,,,,,,,,,,,,,,,,,,,,,,,,,,,,,,,,,,,,,,,,,,,,,,,,,,,,,,,,,,,,,,,,,,,,,,,,,,53543,3899,89,0,0,294,103,3151,659,750,0,7378,0,226,2111,1767,16,368,331,184,240,429,234,0,0,249,66,32,79,0,30888
ACSSF,2010e1,co,000,0020,0000061,,,,,,,,,,,,,,,,,,,,,,,,,,,,,,,,,,,,,,,,,,,,,,,,,,,,,,,,,,,,,,,,,,,,,,,,,,,,,,,,,,,,,,,,,,,,,,,,,,,,,,,,,,,,,96931,7467,0,238,126,272,462,4411,776,752,336,8029,247,112,3380,4475,234,915,1016,0,283,298,440,123,0,520,0,62,100,777,61080
ACSSF,2010e1,co,000,0020,0000062,,,,,,,,,,,,,,,,,,,,,,,,,,,,,,,,,,,,,,,,,,,,,,,,,,,,,,,,,,,,,,,,,,,,,,,,,,,,,,,,,,,,,,,,,,,,,,,,,,,,,,,,,,,,,96823,11164,0,0,121,385,1270,6342,1947,808,209,14827,324,203,6208,2224,51,808,1753,0,590,1392,2305,63,275,1376,323,43,582,0,41230
ACSSF,2010e1,co,000,0020,0000063,,,,,,,,,,,,,,,,,,,,,,,,,,,,,,,,,,,,,,,,,,,,,,,,,,,,,,,,,,,,,,,,,,,,,,,,,,,,,,,,,,,,,,,,,,,,,,,,,,,,,,,,,,,,,67139,3375,28,289,381,357,565,4812,1097,628,563,7265,276,11,7199,1668,138,2433,408,121,298,1140,1066,195,0,1586,186,25,209,0,30820
ACSSF,2010e1,co,000,0020,0000064,,,,,,,,,,,,,,,,,,,,,,,,,,,,,,,,,,,,,,,,,,,,,,,,,,,,,,,,,,,,,,,,,,,,,,,,,,,,,,,,,,,,,,,,,,,,,,,,,,,,,,,,,,,,,57757,6348,1000,1026,739,370,355,4281,2096,514,247,9795,222,158,5143,2918,193,2462,891,55,184,652,1326,72,190,1022,361,122,0,0,15015
ACSSF,2010e1,co,000,0020,0000065,,,,,,,,,,,,,,,,,,,,,,,,,,,,,,,,,,,,,,,,,,,,,,,,,,,,,,,,,,,,,,,,,,,,,,,,,,,,,,,,,,,,,,,,,,,,,,,,,,,,,,,,,,,,,67479,5159,52,504,212,166,416,3840,5340,832,255,7151,87,96,3299,1049,170,924,556,142,187,579,1140,79,427,1315,55,153,227,123,32944
ACSSF,2010e1,co,000,0020,0000066,,,,,,,,,,,,,,,,,,,,,,,,,,,,,,,,,,,,,,,,,,,,,,,,,,,,,,,,,,,,,,,,,,,,,,,,,,,,,,,,,,,,,,,,,,,,,,,,,,,,,,,,,,,,,56956,2588,184,888,115,309,1001,4771,2443,815,2,7645,502,403,4478,2757,44,958,1283,0,728,816,1857,0,0,1154,211,176,303,0,20525
ACSSF,2010e1,co,000,0020,0000067,,,,,,,,,,,,,,,,,,,,,,,,,,,,,,,,,,,,,,,,,,,,,,,,,,,,,,,,,,,,,,,,,,,,,,,,,,,,,,,,,,,,,,,,,,,,,,,,,,,,,,,,,,,,,66392,6814,43,309,397,372,820,4538,4243,1463,211,8588,0,148,4360,2395,99,785,1444,92,1196,1084,1206,41,126,674,106,0,0,0,24838
ACSSF,2010e1,co,000,0020,0000068,,,,,,,,,,,,,,,,,,,,,,,,,,,,,,,,,,,,,,,,,,,,,,,,,,,,,,,,,,,,,,,,,,,,,,,,,,,,,,,,,,,,,,,,,,,,,,,,,,,,,,,,,,,,,73756,6556,0,268,133,108,378,2094,1482,620,212,8949,116,112,3365,2827,0,410,1974,0,505,309,570,156,351,683,0,0,179,64,41335
ACSSF,2010e1,co,000,0020,0000069,,,,,,,,,,,,,,,,,,,,,,,,,,,,,,,,,,,,,,,,,,,,,,,,,,,,,,,,,,,,,,,,,,,,,,,,,,,,,,,,,,,,,,,,,,,,,,,,,,,,,,,,,,,,,,,,,,,,,,,,,,,,,,,,,,,,,,,,,,,
ACSSF,2010e1,co,000,0020,0000070,,,,,,,,,,,,,,,,,,,,,,,,,,,,,,,,,,,,,,,,,,,,,,,,,,,,,,,,,,,,,,,,,,,,,,,,,,,,,,,,,,,,,,,,,,,,,,,,,,,,,,,,,,,,,109661,10375,0,266,104,74,389,3038,1692,587,547,9584,0,274,2692,2742,0,550,943,0,196,388,200,0,338,527,0,0,354,136,73665
ACSSF,2010e1,co,000,0020,0000071,,,,,,,,,,,,,,,,,,,,,,,,,,,,,,,,,,,,,,,,,,,,,,,,,,,,,,,,,,,,,,,,,,,,,,,,,,,,,,,,,,,,,,,,,,,,,,,,,,,,,,,,,,,,,102277,7835,287,465,250,54,431,4467,2182,826,382,12390,262,483,6184,2160,158,848,763,0,866,480,1543,405,2476,746,98,289,75,0,54872
ACSSF,2010e1,co,000,0020,0000072,,,,,,,,,,,,,,,,,,,,,,,,,,,,,,,,,,,,,,,,,,,,,,,,,,,,,,,,,,,,,,,,,,,,,,,,,,,,,,,,,,,,,,,,,,,,,,,,,,,,,,,,,,,,,83722,6788,1150,49,184,466,44,2387,957,541,317,5035,0,0,2999,1097,0,829,273,100,104,321,617,0,1895,288,0,106,164,837,56174
ACSSF,2010e1,co,000,0020,0000073,,,,,,,,,,,,,,,,,,,,,,,,,,,,,,,,,,,,,,,,,,,,,,,,,,,,,,,,,,,,,,,,,,,,,,,,,,,,,,,,,,,,,,,,,,,,,,,,,,,,,,,,,,,,,86355,4987,90,232,167,76,266,1458,425,268,179,3370,279,0,2443,1415,39,251,345,96,309,307,1554,0,3002,419,0,147,0,200,64031
ACSSF,2010e1,co,000,0020,0000074,,,,,,,,,,,,,,,,,,,,,,,,,,,,,,,,,,,,,,,,,,,,,,,,,,,,,,,,,,,,,,,,,,,,,,,,,,,,,,,,,,,,,,,,,,,,,,,,,,,,,,,,,,,,,64011,9440,107,264,697,343,802,4897,2699,1142,763,6230,389,170,3684,2368,284,1554,1980,0,1735,768,1229,0,153,779,176,421,146,47,20744
ACSSF,2010e1,co,000,0020,0000075,,,,,,,,,,,,,,,,,,,,,,,,,,,,,,,,,,,,,,,,,,,,,,,,,,,,,,,,,,,,,,,,,,,,,,,,,,,,,,,,,,,,,,,,,,,,,,,,,,,,,,,,,,,,,110717,1968,228,1497,40,0,403,2179,3181,113,144,2792,600,49,2576,1581,55,432,470,148,56,601,192,0,2497,398,61,50,0,266,88140
ACSSF,2010e1,co,000,0020,0000076,,,,,,,,,,,,,,,,,,,,,,,,,,,,,,,,,,,,,,,,,,,,,,,,,,,,,,,,,,,,,,,,,,,,,,,,,,,,,,,,,,,,,,,,,,,,,,,,,,,,,,,,,,,,,58810,1411,0,331,45,309,217,3017,1920,368,0,4688,277,158,2082,1917,252,417,895,74,186,412,367,0,347,313,210,58,112,0,38427
ACSSF,2010e1,co,000,0020,0000077,,,,,,,,,,,,,,,,,,,,,,,,,,,,,,,,,,,,,,,,,,,,,,,,,,,,,,,,,,,,,,,,,,,,,,,,,,,,,,,,,,,,,,,,,,,,,,,,,,,,,,,,,,,,,54604,3543,176,458,612,212,560,3503,4606,841,108,6494,292,50,5202,2829,65,946,605,148,1640,584,439,0,212,831,205,230,101,0,19112
ACSSF,2010e1,co,000,0020,0000078,,,,,,,,,,,,,,,,,,,,,,,,,,,,,,,,,,,,,,,,,,,,,,,,,,,,,,,,,,,,,,,,,,,,,,,,,,,,,,,,,,,,,,,,,,,,,,,,,,,,,,,,,,,,,98262,10799,2112,715,141,361,1232,2785,3075,921,123,7750,135,355,4038,2105,143,1329,1880,0,2353,417,839,120,8192,523,66,403,207,47,45096
ACSSF,2010e1,co,000,0020,0000079,,,,,,,,,,,,,,,,,,,,,,,,,,,,,,,,,,,,,,,,,,,,,,,,,,,,,,,,,,,,,,,,,,,,,,,,,,,,,,,,,,,,,,,,,,,,,,,,,,,,,,,,,,,,,,,,,,,,,,,,,,,,,,,,,,,,,,,,,,,
ACSSF,2010e1,co,000,0020,0000080,,,,,,,,,,,,,,,,,,,,,,,,,,,,,,,,,,,,,,,,,,,,,,,,,,,,,,,,,,,,,,,,,,,,,,,,,,,,,,,,,,,,,,,,,,,,,,,,,,,,,,,,,,,,,63079,4550,72,270,549,495,623,4271,2823,387,88,9991,837,342,3294,3368,55,509,741,0,1480,593,527,52,221,1216,131,490,0,0,25104
ACSSF,2010e1,co,000,0020,0000081,,,,,,,,,,,,,,,,,,,,,,,,,,,,,,,,,,,,,,,,,,,,,,,,,,,,,,,,,,,,,,,,,,,,,,,,,,,,,,,,,,,,,,,,,,,,,,,,,,,,,,,,,,,,,56477,4014,144,411,14,84,596,2150,1529,346,92,6627,235,98,1895,1600,361,453,904,42,244,434,957,0,117,663,55,0,246,0,32166
ACSSF,2010e1,co,000,0020,0000082,,,,,,,,,,,,,,,,,,,,,,,,,,,,,,,,,,,,,,,,,,,,,,,,,,,,,,,,,,,,,,,,,,,,,,,,,,,,,,,,,,,,,,,,,,,,,,,,,,,,,,,,,,,,,72765,6809,228,134,694,299,684,4077,1577,283,83,11708,159,104,4745,2066,0,1221,1029,0,161,761,1668,112,60,954,58,0,355,0,32736
ACSSF,2010e1,co,000,0020,0000083,,,,,,,,,,,,,,,,,,,,,,,,,,,,,,,,,,,,,,,,,,,,,,,,,,,,,,,,,,,,,,,,,,,,,,,,,,,,,,,,,,,,,,,,,,,,,,,,,,,,,,,,,,,,,58110,5136,114,386,547,561,352,3976,2434,669,108,8574,47,104,4066,1647,96,605,1369,55,146,463,644,201,256,934,202,0,267,440,23711
ACSSF,2010e1,co,000,0020,0000084,,,,,,,,,,,,,,,,,,,,,,,,,,,,,,,,,,,,,,,,,,,,,,,,,,,,,,,,,,,,,,,,,,,,,,,,,,,,,,,,,,,,,,,,,,,,,,,,,,,,,,,,,,,,,68638,6680,709,381,367,335,873,4654,3077,1077,126,11244,471,350,5797,2722,47,1365,866,156,211,181,1258,68,51,825,360,161,228,58,23940
ACSSF,2010e1,co,000,0020,0000085,,,,,,,,,,,,,,,,,,,,,,,,,,,,,,,,,,,,,,,,,,,,,,,,,,,,,,,,,,,,,,,,,,,,,,,,,,,,,,,,,,,,,,,,,,,,,,,,,,,,,,,,,,,,,91543,9569,0,768,544,1138,741,6133,3044,1584,589,13857,864,187,5889,4730,68,1140,2258,231,780,772,2647,178,0,550,629,353,309,0,31991
ACSSF,2010e1,co,000,0020,0000086,,,,,,,,,,,,,,,,,,,,,,,,,,,,,,,,,,,,,,,,,,,,,,,,,,,,,,,,,,,,,,,,,,,,,,,,,,,,,,,,,,,,,,,,,,,,,,,,,,,,,,,,,,,,,84736,12809,359,592,374,134,1702,6791,3327,434,467,12479,413,89,5817,2045,64,1204,1282,112,110,1101,1231,53,330,1381,274,252,341,0,29169
ACSSF,2010e1,co,000,0020,0000087,,,,,,,,,,,,,,,,,,,,,,,,,,,,,,,,,,,,,,,,,,,,,,,,,,,,,,,,,,,,,,,,,,,,,,,,,,,,,,,,,,,,,,,,,,,,,,,,,,,,,,,,,,,,,53842,3675,0,260,65,112,249,4587,2101,1065,178,7396,222,271,3457,1750,35,1269,1879,226,54,424,1099,218,0,356,70,51,1021,924,20828
ACSSF,2010e1,co,000,0020,0000088,,,,,,,,,,,,,,,,,,,,,,,,,,,,,,,,,,,,,,,,,,,,,,,,,,,,,,,,,,,,,,,,,,,,,,,,,,,,,,,,,,,,,,,,,,,,,,,,,,,,,,,,,,,,,50493,4637,49,280,300,53,557,3288,1724,454,277,7295,74,85,3636,1629,0,1246,326,0,167,498,550,94,339,949,0,141,260,0,21585
ACSSF,2010e1,co,000,0020,0000089,,,,,,,,,,,,,,,,,,,,,,,,,,,,,,,,,,,,,,,,,,,,,,,,,,,,,,,,,,,,,,,,,,,,,,,,,,,,,,,,,,,,,,,,,,,,,,,,,,,,,,,,,,,,,79874,9243,739,1026,114,56,547,4654,3583,676,1012,10610,119,203,3650,3509,68,808,726,44,310,693,1176,113,701,689,133,117,623,364,33568
ACSSF,2010e1,co,000,0020,0000090,,,,,,,,,,,,,,,,,,,,,,,,,,,,,,,,,,,,,,,,,,,,,,,,,,,,,,,,,,,,,,,,,,,,,,,,,,,,,,,,,,,,,,,,,,,,,,,,,,,,,,,,,,,,,,,,,,,,,,,,,,,,,,,,,,,,,,,,,,,
ACSSF,2010e1,co,000,0020,0000091,,,,,,,,,,,,,,,,,,,,,,,,,,,,,,,,,,,,,,,,,,,,,,,,,,,,,,,,,,,,,,,,,,,,,,,,,,,,,,,,,,,,,,,,,,,,,,,,,,,,,,,,,,,,,49713,4380,55,118,87,730,531,2940,964,130,82,9151,0,289,3409,2457,0,853,958,21,40,1063,792,0,226,793,0,0,335,0,19309
ACSSF,2010e1,co,000,0020,0000092,,,,,,,,,,,,,,,,,,,,,,,,,,,,,,,,,,,,,,,,,,,,,,,,,,,,,,,,,,,,,,,,,,,,,,,,,,,,,,,,,,,,,,,,,,,,,,,,,,,,,,,,,,,,,51964,5786,359,1087,131,0,680,3663,2288,679,532,8649,484,338,2634,1803,0,1124,345,65,362,485,1127,218,57,816,216,101,408,0,17527
ACSSF,2010e1,co,000,0020,0000093,,,,,,,,,,,,,,,,,,,,,,,,,,,,,,,,,,,,,,,,,,,,,,,,,,,,,,,,,,,,,,,,,,,,,,,,,,,,,,,,,,,,,,,,,,,,,,,,,,,,,,,,,,,,,158856,7869,1150,95,184,466,203,3441,878,941,401,8789,233,0,5344,2358,128,737,629,196,360,453,1892,210,4586,509,0,106,164,956,115578
ACSSF,2010e1,co,000,0020,0000094,,,,,,,,,,,,,,,,,,,,,,,,,,,,,,,,,,,,,,,,,,,,,,,,,,,,,,,,,,,,,,,,,,,,,,,,,,,,,,,,,,,,,,,,,,,,,,,,,,,,,,,,,,,,,111054,8408,279,1715,512,477,1618,8736,5638,1622,209,14280,546,495,8716,4753,215,1780,2530,114,1085,1581,3259,0,86,1662,273,367,303,48,39747
ACSSF,2010e1,co,000,0020,0000095,,,,,,,,,,,,,,,,,,,,,,,,,,,,,,,,,,,,,,,,,,,,,,,,,,,,,,,,,,,,,,,,,,,,,,,,,,,,,,,,,,,,,,,,,,,,,,,,,,,,,,,,,,,,,,,,,,,,,,,,,,,,,,,,,,,,,,,,,,,
ACSSF,2010e1,co,000,0020,0000096,,,,,,,,,,,,,,,,,,,,,,,,,,,,,,,,,,,,,,,,,,,,,,,,,,,,,,,,,,,,,,,,,,,,,,,,,,,,,,,,,,,,,,,,,,,,,,,,,,,,,,,,,,,,,166146,19120,1434,808,893,419,1122,7184,4315,1581,1258,15091,644,740,8605,3928,432,1977,2664,0,2907,885,1977,258,5641,1302,98,1061,146,128,79528
ACSSF,2010e1,co,000,0020,0000097,,,,,,,,,,,,,,,,,,,,,,,,,,,,,,,,,,,,,,,,,,,,,,,,,,,,,,,,,,,,,,,,,,,,,,,,,,,,,,,,,,,,,,,,,,,,,,,,,,,,,,,,,,,,,121747,10451,49,440,479,171,1099,7767,4242,1164,817,16286,176,357,7365,4025,103,2419,2142,227,215,935,1374,146,819,1465,50,259,1235,168,55302
ACSSF,2010e1,co,000,0020,0000098,,,,,,,,,,,,,,,,,,,,,,,,,,,,,,,,,,,,,,,,,,,,,,,,,,,,,,,,,,,,,,,,,,,,,,,,,,,,,,,,,,,,,,,,,,,,,,,,,,,,,,,,,,,,,389356,18309,1634,3083,895,870,2422,13253,13504,2284,356,23988,1304,514,15273,10114,510,3304,3415,475,3754,2196,1973,57,9112,2276,542,392,445,313,252789
ACSSF,2010e1,co,000,0020,0000099,,,,,,,,,,,,,,,,,,,,,,,,,,,,,,,,,,,,,,,,,,,,,,,,,,,,,,,,,,,,,,,,,,,,,,,,,,,,,,,,,,,,,,,,,,,,,,,,,,,,,,,,,,,,,142313,14181,642,1074,668,1241,1331,9924,5663,2405,644,21455,1282,336,9536,6526,115,2353,2605,387,836,958,3490,246,0,1047,989,514,478,0,51387
ACSSF,2010e1,co,000,0020,0000100,,,,,,,,,,,,,,,,,,,,,,,,,,,,,,,,,,,,,,,,,,,,,,,,,,,,,,,,,,,,,,,,,,,,,,,,,,,,,,,,,,,,,,,,,,,,,,,,,,,,,,,,,,,,,,,,,,,,,,,,,,,,,,,,,,,,,,,,,,,
ACSSF,2010e1,co,000,0020,0000101,,,,,,,,,,,,,,,,,,,,,,,,,,,,,,,,,,,,,,,,,,,,,,,,,,,,,,,,,,,,,,,,,,,,,,,,,,,,,,,,,,,,,,,,,,,,,,,,,,,,,,,,,,,,,85850,4895,908,327,411,577,1142,5620,6480,417,637,14987,240,173,6400,2367,186,1377,977,160,159,912,1682,40,200,1973,369,58,436,58,31682
ACSSF,2010e1,co,000,0020,0000102,,,,,,,,,,,,,,,,,,,,,,,,,,,,,,,,,,,,,,,,,,,,,,,,,,,,,,,,,,,,,,,,,,,,,,,,,,,,,,,,,,,,,,,,,,,,,,,,,,,,,,,,,,,,,71125,8822,452,394,56,206,693,4418,1367,651,526,11357,62,148,4885,3161,0,621,529,134,253,958,1200,0,208,991,247,221,252,0,28313
ACSSF,2010e1,co,000,0020,0000103,,,,,,,,,,,,,,,,,,,,,,,,,,,,,,,,,,,,,,,,,,,,,,,,,,,,,,,,,,,,,,,,,,,,,,,,,,,,,,,,,,,,,,,,,,,,,,,,,,,,,,,,,,,,,75517,3936,71,206,0,120,382,1832,317,450,50,12939,0,0,2948,1154,158,385,498,0,250,410,490,0,580,1410,125,68,611,0,46127
ACSSF,2010e1,co,000,0020,0000104,,,,,,,,,,,,,,,,,,,,,,,,,,,,,,,,,,,,,,,,,,,,,,,,,,,,,,,,,,,,,,,,,,,,,,,,,,,,,,,,,,,,,,,,,,,,,,,,,,,,,,,,,,,,,,,,,,,,,,,,,,,,,,,,,,,,,,,,,,,
ACSSF,2010e1,co,000,0020,0000105,,,,,,,,,,,,,,,,,,,,,,,,,,,,,,,,,,,,,,,,,,,,,,,,,,,,,,,,,,,,,,,,,,,,,,,,,,,,,,,,,,,,,,,,,,,,,,,,,,,,,,,,,,,,,292903,26117,1569,1368,2199,1239,2760,16952,9521,2691,790,47462,1570,1015,18741,11573,537,4604,4279,203,3170,2842,4692,387,679,4604,697,490,760,80,119312
ACSSF,2010e1,co,000,0020,0000106,,,,,,,,,,,,,,,,,,,,,,,,,,,,,,,,,,,,,,,,,,,,,,,,,,,,,,,,,,,,,,,,,,,,,,,,,,,,,,,,,,,,,,,,,,,,,,,,,,,,,,,,,,,,,50765,5907,56,459,507,642,331,4687,3083,755,113,4952,53,170,3109,2011,113,920,1662,0,383,816,1097,50,52,1144,330,0,361,0,17002
ACSSF,2010e1,co,000,0020,0000107,,,,,,,,,,,,,,,,,,,,,,,,,,,,,,,,,,,,,,,,,,,,,,,,,,,,,,,,,,,,,,,,,,,,,,,,,,,,,,,,,,,,,,,,,,,,,,,,,,,,,,,,,,,,,75686,4920,0,633,212,360,642,4732,6776,839,364,8631,158,177,3289,1064,170,905,593,69,299,513,526,79,427,1485,286,84,339,75,37039
ACSSF,2010e1,co,000,0020,0000108,,,,,,,,,,,,,,,,,,,,,,,,,,,,,,,,,,,,,,,,,,,,,,,,,,,,,,,,,,,,,,,,,,,,,,,,,,,,,,,,,,,,,,,,,,,,,,,,,,,,,,,,,,,,,47414,4415,0,432,234,711,623,3551,3375,399,185,12417,153,114,2391,1104,60,759,369,83,280,158,810,56,286,653,70,66,0,55,13605
ACSSF,2010e1,co,000,0020,0000109,,,,,,,,,,,,,,,,,,,,,,,,,,,,,,,,,,,,,,,,,,,,,,,,,,,,,,,,,,,,,,,,,,,,,,,,,,,,,,,,,,,,,,,,,,,,,,,,,,,,,,,,,,,,,,,,,,,,,,,,,,,,,,,,,,,,,,,,,,,
ACSSF,2010e1,co,000,0020,0000110,,,,,,,,,,,,,,,,,,,,,,,,,,,,,,,,,,,,,,,,,,,,,,,,,,,,,,,,,,,,,,,,,,,,,,,,,,,,,,,,,,,,,,,,,,,,,,,,,,,,,,,,,,,,,133189,18657,305,478,103,351,551,4274,2694,862,125,12384,311,207,4848,2814,0,1015,2402,189,745,717,1907,197,651,1369,66,0,245,64,74658
ACSSF,2010e1,co,000,0020,0000111,,,,,,,,,,,,,,,,,,,,,,,,,,,,,,,,,,,,,,,,,,,,,,,,,,,,,,,,,,,,,,,,,,,,,,,,,,,,,,,,,,,,,,,,,,,,,,,,,,,,,,,,,,,,,,,,,,,,,,,,,,,,,,,,,,,,,,,,,,,
