ACSSF,2010e1,co,000,0012,0000001,69960,30885
ACSSF,2010e1,co,000,0012,0000002,51667,22180
ACSSF,2010e1,co,000,0012,0000003,18293,8705
ACSSF,2010e1,co,000,0012,0000004,62181,26561
ACSSF,2010e1,co,000,0012,0000005,58114,24553
ACSSF,2010e1,co,000,0012,0000006,25492,11221
ACSSF,2010e1,co,000,0012,0000007,32622,13332
ACSSF,2010e1,co,000,0012,0000008,4067,2008
ACSSF,2010e1,co,000,0012,0000009,1220,520
ACSSF,2010e1,co,000,0012,0000010,2847,1488
ACSSF,2010e1,co,000,0012,0000011,7779,4324
ACSSF,2010e1,co,000,0012,0000012,11846,6332
ACSSF,2010e1,co,000,0012,0000013,5443,2045
ACSSF,2010e1,co,000,0012,0000014,7829,3288
ACSSF,2010e1,co,000,0012,0000015,4345,1828
ACSSF,2010e1,co,000,0012,0000016,7738,3675
ACSSF,2010e1,co,000,0012,0000017,3651,1352
ACSSF,2010e1,co,000,0012,0000018,8157,3274
ACSSF,2010e1,co,000,0012,0000019,7923,3375
ACSSF,2010e1,co,000,0012,0000020,3845,1691
ACSSF,2010e1,co,000,0012,0000021,1778,795
ACSSF,2010e1,co,000,0012,0000022,2068,947
ACSSF,2010e1,co,000,0012,0000023,3411,1335
ACSSF,2010e1,co,000,0012,0000024,1583,671
ACSSF,2010e1,co,000,0012,0000025,4214,1704
ACSSF,2010e1,co,000,0012,0000026,1457,609
ACSSF,2010e1,co,000,0012,0000027,1436,588
ACSSF,2010e1,co,000,0012,0000028,5400,2319
ACSSF,2010e1,co,000,0012,0000029,7738,3675
ACSSF,2010e1,co,000,0012,0000030,1987,825
ACSSF,2010e1,co,000,0012,0000031,1076,440
ACSSF,2010e1,co,000,0012,0000032,1310,478
ACSSF,2010e1,co,000,0012,0000033,2088,939
ACSSF,2010e1,co,000,0012,0000034,1217,496
ACSSF,2010e1,co,000,0012,0000035,800,365
ACSSF,2010e1,co,000,0012,0000036,1361,644
ACSSF,2010e1,co,000,0012,0000037,1399,523
ACSSF,2010e1,co,000,0012,0000038,1407,599
ACSSF,2010e1,co,000,0012,0000039,1457,609
ACSSF,2010e1,co,000,0012,0000040,5400,2319
ACSSF,2010e1,co,000,0012,0000041,4214,1704
ACSSF,2010e1,co,000,0012,0000042,7738,3675
ACSSF,2010e1,co,000,0012,0000043,1987,825
ACSSF,2010e1,co,000,0012,0000044,800,365
ACSSF,2010e1,co,000,0012,0000045,1076,440
ACSSF,2010e1,co,000,0012,0000046,1361,644
ACSSF,2010e1,co,000,0012,0000047,8593,4083
ACSSF,2010e1,co,000,0012,0000048,9581,4342
ACSSF,2010e1,co,000,0012,0000049,10630,5405
ACSSF,2010e1,co,000,0012,0000050,10950,4735
ACSSF,2010e1,co,000,0012,0000051,9743,4025
ACSSF,2010e1,co,000,0012,0000052,11366,4516
ACSSF,2010e1,co,000,0012,0000053,9097,3779
ACSSF,2010e1,co,000,0012,0000054,1680,853
ACSSF,2010e1,co,000,0012,0000055,1832,805
ACSSF,2010e1,co,000,0012,0000056,1654,735
ACSSF,2010e1,co,000,0012,0000057,1863,783
ACSSF,2010e1,co,000,0012,0000058,3414,1336
ACSSF,2010e1,co,000,0012,0000059,3075,1428
ACSSF,2010e1,co,000,0012,0000060,2162,1139
ACSSF,2010e1,co,000,0012,0000061,1959,887
ACSSF,2010e1,co,000,0012,0000062,2862,1464
ACSSF,2010e1,co,000,0012,0000063,1715,1358
ACSSF,2010e1,co,000,0012,0000064,1803,840
ACSSF,2010e1,co,000,0012,0000065,1912,772
ACSSF,2010e1,co,000,0012,0000066,1614,685
ACSSF,2010e1,co,000,0012,0000067,1758,711
ACSSF,2010e1,co,000,0012,0000068,1463,620
ACSSF,2010e1,co,000,0012,0000069,1590,602
ACSSF,2010e1,co,000,0012,0000070,1845,646
ACSSF,2010e1,co,000,0012,0000071,2348,859
ACSSF,2010e1,co,000,0012,0000072,1522,636
ACSSF,2010e1,co,000,0012,0000073,1461,596
ACSSF,2010e1,co,000,0012,0000074,1636,687
ACSSF,2010e1,co,000,0012,0000075,2012,782
ACSSF,2010e1,co,000,0012,0000076,1236,646
ACSSF,2010e1,co,000,0012,0000077,1419,783
ACSSF,2010e1,co,000,0012,0000078,1892,1050
ACSSF,2010e1,co,000,0012,0000079,1481,571
ACSSF,2010e1,co,000,0012,0000080,1639,683
ACSSF,2010e1,co,000,0012,0000081,1325,608
ACSSF,2010e1,co,000,0012,0000082,2063,893
ACSSF,2010e1,co,000,0012,0000083,1712,781
ACSSF,2010e1,co,000,0012,0000084,1914,719
ACSSF,2010e1,co,000,0012,0000085,2262,837
ACSSF,2010e1,co,000,0012,0000086,2046,697
ACSSF,2010e1,co,000,0012,0000087,1322,646
ACSSF,2010e1,co,000,0012,0000088,1291,614
ACSSF,2010e1,co,000,0012,0000089,1988,745
ACSSF,2010e1,co,000,0012,0000090,1510,572
ACSSF,2010e1,co,000,0012,0000091,1680,816
ACSSF,2010e1,co,000,0012,0000092,1306,438
ACSSF,2010e1,co,000,0012,0000093,2674,1049
ACSSF,2010e1,co,000,0012,0000094,3151,1343
ACSSF,2010e1,co,000,0012,0000095,954,316
ACSSF,2010e1,co,000,0012,0000096,3623,1478
ACSSF,2010e1,co,000,0012,0000097,3119,1415
ACSSF,2010e1,co,000,0012,0000098,7738,3675
ACSSF,2010e1,co,000,0012,0000099,3688,1366
ACSSF,2010e1,co,000,0012,0000100,865,312
ACSSF,2010e1,co,000,0012,0000101,2495,1058
ACSSF,2010e1,co,000,0012,0000102,1654,735
ACSSF,2010e1,co,000,0012,0000103,1382,561
ACSSF,2010e1,co,000,0012,0000104,827,328
ACSSF,2010e1,co,000,0012,0000105,7952,3392
ACSSF,2010e1,co,000,0012,0000106,1507,674
ACSSF,2010e1,co,000,0012,0000107,2104,834
ACSSF,2010e1,co,000,0012,0000108,1225,547
ACSSF,2010e1,co,000,0012,0000109,1395,659
ACSSF,2010e1,co,000,0012,0000110,2432,962
ACSSF,2010e1,co,000,0012,0000111,911,370
