ACSSF,2010e1,co,000,0115,0000001,697302,338614,147219,88232,8758,7203,9720,4471,8378,877,48825,58987,6451,21175,31361,20702,10659,31931,17520,16613,3116,6295,2408,4794,907,7175,763,4438,1974,7236,3960,1776,1500,98002,16992,15480,1512,12838,4586,373,7879,53649,6279,37592,3899,27796,4196,1701,2012,7766,14523,5208,2628,6687,61462,43655,3488,4773,27952,1468,5974,17807,98686,22021,11967,554,9500,7202,301,78,651,95,3127,2950,27746,5440,7965,9363,3543,1435,13764,997,53,12193,521,27953,1808,8202,850,8260,8833,223899,69080,18502,5007,8797,11722,9912,5001,10139,154819,13936,667,13555,13791,20605,20317,15475,35277,21196,5415,809,66,667,76,2319,247,190,206,112,488,105,339,511,121,2287,475,199,1613,30688,20386,1906,2670,3318,599,501,2963,360,262,7807,5383,381,2009,0,998,1265,0,730,4919,4675,244
ACSSF,2010e1,co,000,0115,0000002,542158,259921,111097,65623,6778,5540,7087,3529,6322,0,36367,45474,5144,16412,23918,15538,8380,25988,14152,13472,2879,4939,1761,3893,680,6188,650,3922,1616,5648,3288,1298,1062,75507,13258,11795,1463,9805,3626,355,5824,41276,5108,28576,3583,20477,3267,1249,1688,5904,11168,4663,1665,4840,47329,33407,2811,3947,21233,964,4452,13922,79217,18330,10090,446,7794,5255,250,0,333,84,2187,2401,23744,4763,7058,7334,3202,1387,11198,629,0,10247,322,20690,928,6317,371,6531,6543,175539,54293,13406,4039,7046,9164,8359,4181,8098,121246,10776,556,10938,10281,15982,17177,11654,26027,17855,3875,424,49,299,76,1636,206,47,188,82,344,105,149,394,121,1815,403,199,1213,23606,16186,1369,2332,2791,383,482,2585,135,205,5904,3537,325,1129,0,743,785,0,555,3883,3639,244
ACSSF,2010e1,co,000,0115,0000003,155144,78693,36122,22609,1980,1663,2633,942,2056,877,12458,13513,1307,4763,7443,5164,2279,5943,3368,3141,237,1356,647,901,227,987,113,516,358,1588,672,478,438,22495,3734,3685,49,3033,960,18,2055,12373,1171,9016,316,7319,929,452,324,1862,3355,545,963,1847,14133,10248,677,826,6719,504,1522,3885,19469,3691,1877,108,1706,1947,51,78,318,11,940,549,4002,677,907,2029,341,48,2566,368,53,1946,199,7263,880,1885,479,1729,2290,48360,14787,5096,968,1751,2558,1553,820,2041,33573,3160,111,2617,3510,4623,3140,3821,9250,3341,1540,385,17,368,0,683,41,143,18,30,144,0,190,117,0,472,72,0,400,7082,4200,537,338,527,216,19,378,225,57,1903,1846,56,880,0,255,480,0,175,1036,1036,0
ACSSF,2010e1,co,000,0115,0000004,648004,316824,137950,81385,8155,7006,9409,3947,8301,485,44082,56565,6379,20469,29717,19589,10128,31487,17331,16424,3057,6295,2408,4664,907,6986,712,4363,1911,7170,3936,1734,1500,89964,15172,13709,1463,12168,4253,286,7629,48956,6232,34013,3510,25180,3793,1530,1780,6931,13668,4898,2452,6318,57423,41039,3388,4339,26089,1399,5824,16384,90485,20371,10765,457,9149,6612,301,0,485,95,2840,2891,25080,5253,7352,7927,3113,1435,12477,927,53,11107,390,25945,1658,7524,502,7923,8338,207218,63874,16361,4605,7854,11232,9438,4850,9534,143344,12858,667,12849,12497,18830,19259,14038,32094,20252,4482,511,66,369,76,1845,223,190,188,112,266,105,265,375,121,2126,475,199,1452,28995,19413,1757,2593,3079,599,482,2863,360,262,7418,5151,356,1959,0,998,1169,0,669,4431,4187,244
ACSSF,2010e1,co,000,0115,0000005,612125,299643,129594,74831,7425,6851,8656,3777,7837,211,40074,54763,6240,19823,28700,18749,9951,30315,16911,16004,2930,6084,2366,4624,907,6841,712,4231,1898,6563,3629,1675,1259,85609,14577,13114,1463,11594,4136,286,7172,46344,6078,32127,3036,24142,3650,1299,1611,6528,13094,4373,2452,6269,54125,38780,3296,4009,24776,1399,5300,15345,84448,19454,10288,457,8709,6336,250,0,450,95,2699,2842,22996,4736,6561,7451,2813,1435,11786,882,53,10461,390,23876,1518,6690,316,7462,7890,196157,60185,15105,4334,7221,10799,9221,4667,8838,135972,11862,624,12564,11587,18032,18633,13270,29811,19589,4194,496,66,354,76,1602,206,190,188,112,175,105,192,313,121,2096,475,199,1422,27683,18749,1757,2593,2944,599,482,2788,360,262,6964,4635,250,1680,0,998,1038,0,669,4299,4055,244
ACSSF,2010e1,co,000,0115,0000006,277070,130922,53577,30889,2927,3476,2600,1434,2848,0,17604,22688,2593,8630,11465,7216,4249,13307,6798,6618,1438,2403,792,1985,180,3048,360,1782,906,3461,2253,739,469,39512,7244,6612,632,5074,1974,190,2910,21462,3696,13706,1553,10362,1525,266,891,3169,5732,2133,650,2949,24526,18310,2119,2040,11374,726,2051,6216,44801,9808,5837,263,3708,2695,56,0,0,0,1318,1321,13616,2350,4578,4210,1219,1259,6851,542,0,6095,214,11831,337,3604,61,3644,4185,86636,25811,7373,1534,3451,3753,3701,1777,4222,60825,4944,337,5394,4611,8229,9648,5261,12458,9943,2532,254,49,205,0,1084,73,190,188,0,175,105,0,232,121,1194,159,199,836,12179,8461,537,1352,1866,140,257,1265,0,105,2939,1459,168,596,0,195,388,0,112,2259,2215,44
ACSSF,2010e1,co,000,0115,0000007,335055,168721,76017,43942,4498,3375,6056,2343,4989,211,22470,32075,3647,11193,17235,11533,5702,17008,10113,9386,1492,3681,1574,2639,727,3793,352,2449,992,3102,1376,936,790,46097,7333,6502,831,6520,2162,96,4262,24882,2382,18421,1483,13780,2125,1033,720,3359,7362,2240,1802,3320,29599,20470,1177,1969,13402,673,3249,9129,39647,9646,4451,194,5001,3641,194,0,450,95,1381,1521,9380,2386,1983,3241,1594,176,4935,340,53,4366,176,12045,1181,3086,255,3818,3705,109521,34374,7732,2800,3770,7046,5520,2890,4616,75147,6918,287,7170,6976,9803,8985,8009,17353,9646,1662,242,17,149,76,518,133,0,0,112,0,0,192,81,0,902,316,0,586,15504,10288,1220,1241,1078,459,225,1523,360,157,4025,3176,82,1084,0,803,650,0,557,2040,1840,200
ACSSF,2010e1,co,000,0115,0000008,,,,,,,,,,,,,,,,,,,,,,,,,,,,,,,,,,,,,,,,,,,,,,,,,,,,,,,,,,,,,,,,,,,,,,,,,,,,,,,,,,,,,,,,,,,,,,,,,,,,,,,,,,,,,,,,,,,,,,,,,,,,,,,,,,,,,,,,,,,,,,,,,,,,,,,
ACSSF,2010e1,co,000,0115,0000009,,,,,,,,,,,,,,,,,,,,,,,,,,,,,,,,,,,,,,,,,,,,,,,,,,,,,,,,,,,,,,,,,,,,,,,,,,,,,,,,,,,,,,,,,,,,,,,,,,,,,,,,,,,,,,,,,,,,,,,,,,,,,,,,,,,,,,,,,,,,,,,,,,,,,,,
ACSSF,2010e1,co,000,0115,0000010,,,,,,,,,,,,,,,,,,,,,,,,,,,,,,,,,,,,,,,,,,,,,,,,,,,,,,,,,,,,,,,,,,,,,,,,,,,,,,,,,,,,,,,,,,,,,,,,,,,,,,,,,,,,,,,,,,,,,,,,,,,,,,,,,,,,,,,,,,,,,,,,,,,,,,,
ACSSF,2010e1,co,000,0115,0000011,49298,21790,9269,6847,603,197,311,524,77,392,4743,2422,72,706,1644,1113,531,444,189,189,59,0,0,130,0,189,51,75,63,66,24,42,0,8038,1820,1771,49,670,333,87,250,4693,47,3579,389,2616,403,171,232,835,855,310,176,369,4039,2616,100,434,1863,69,150,1423,8201,1650,1202,97,351,590,0,78,166,0,287,59,2666,187,613,1436,430,0,1287,70,0,1086,131,2008,150,678,348,337,495,16681,5206,2141,402,943,490,474,151,605,11475,1078,0,706,1294,1775,1058,1437,3183,944,933,298,0,298,0,474,24,0,18,0,222,0,74,136,0,161,0,0,161,1693,973,149,77,239,0,19,100,0,0,389,232,25,50,0,0,96,0,61,488,488,0
ACSSF,2010e1,co,000,0115,0000012,85177,38971,17625,13401,1333,352,1064,694,541,666,8751,4224,211,1352,2661,1953,708,1616,609,609,186,211,42,170,0,334,51,207,76,673,331,101,241,12393,2415,2366,49,1244,450,87,707,7305,201,5465,863,3654,546,402,401,1238,1429,835,176,418,7337,4875,192,764,3176,69,674,2462,14238,2567,1679,97,791,866,51,78,201,0,428,108,4750,704,1404,1912,730,0,1978,115,0,1732,131,4077,290,1512,534,798,943,27742,8895,3397,673,1576,923,691,334,1301,18847,2074,43,991,2204,2573,1684,2205,5466,1607,1221,313,0,313,0,717,41,0,18,0,313,0,147,198,0,191,0,0,191,3005,1637,149,77,374,0,19,175,0,0,843,748,131,329,0,0,227,0,61,620,620,0
ACSSF,2010e1,co,000,0115,0000013,61819,24210,11430,6192,654,198,1110,184,390,0,3656,5238,487,2147,2604,1679,925,2410,1381,1323,158,423,69,673,58,398,0,249,149,631,343,133,155,6398,1260,1156,104,971,0,0,971,3013,68,2315,228,1724,185,178,168,462,1154,650,231,273,3972,1830,36,247,1154,47,346,2142,9315,1916,811,0,1105,467,71,0,0,0,125,271,2425,472,1018,322,396,217,2010,110,0,1900,0,2497,74,1079,0,632,712,22760,6391,1298,572,797,1072,1226,491,935,16369,1117,58,1952,877,1603,2517,2408,3167,2670,761,0,0,0,0,109,70,0,0,0,0,0,0,39,0,652,50,0,602,4773,3303,193,429,557,116,161,712,0,42,1093,781,0,187,0,296,298,0,0,689,689,0
ACSSF,2010e1,co,000,0115,0000014,88018,41449,20300,11014,886,830,1648,802,1612,0,5236,9286,1436,2830,5020,3527,1493,4653,2768,2652,417,437,677,1121,116,1177,47,1080,50,708,456,109,143,9972,1513,1401,112,1528,541,131,856,5281,359,3584,388,2893,117,186,98,1240,1650,295,326,1029,6524,4838,291,686,3153,0,708,1686,12995,2832,1850,0,982,976,0,0,81,0,279,616,4564,1254,1148,1743,216,203,1693,0,0,1693,0,2930,154,756,184,808,1028,29779,7621,1994,501,950,1913,926,290,1047,22158,2550,0,2289,1799,2355,2608,2213,5377,2967,621,0,0,0,0,183,0,143,0,0,0,0,0,40,0,438,257,133,48,3174,2033,415,283,182,0,143,300,0,0,710,637,43,345,0,0,79,0,170,504,504,0
ACSSF,2010e1,co,000,0115,0000015,37571,21856,8750,6026,919,742,332,55,414,0,3564,2724,332,1503,889,752,137,3512,1837,1775,246,851,252,426,62,655,154,375,126,1020,713,42,265,7692,677,549,128,1132,773,0,359,3812,1133,1919,185,1335,399,0,266,494,2071,755,665,651,1902,1557,273,99,886,127,172,345,4841,848,607,0,241,147,0,0,0,0,54,93,1168,170,177,107,512,202,959,0,0,796,163,1719,146,535,0,163,875,9717,3484,819,122,210,408,519,387,1019,6233,437,0,368,872,858,740,581,1895,482,82,17,17,0,0,0,0,0,0,0,0,0,0,0,0,65,0,0,65,1075,800,173,334,0,0,0,250,0,0,43,244,0,157,0,0,87,0,0,31,31,0
ACSSF,2010e1,co,000,0115,0000016,90838,48411,20399,11447,970,2227,1111,552,836,0,5751,8952,1410,3235,4307,3348,959,5040,2145,2099,890,821,87,301,46,1592,304,694,594,1303,690,546,67,13991,2018,1897,121,2700,1074,109,1517,6533,1171,4377,265,3542,445,125,336,649,2740,931,381,1428,8981,7091,1327,529,4319,300,616,1890,12631,2018,1272,49,697,439,56,0,0,0,60,323,4526,349,1125,2251,160,641,2514,228,0,2286,0,3134,95,884,0,1207,948,25698,8752,888,854,1530,1531,1400,1190,1359,16946,1481,92,1396,1020,2320,2750,1363,3419,3105,1012,205,0,205,0,469,0,47,124,0,72,105,0,0,121,338,96,66,176,3086,2263,0,141,659,0,114,819,0,0,530,587,0,205,0,195,132,0,55,236,192,44
ACSSF,2010e1,co,000,0115,0000017,,,,,,,,,,,,,,,,,,,,,,,,,,,,,,,,,,,,,,,,,,,,,,,,,,,,,,,,,,,,,,,,,,,,,,,,,,,,,,,,,,,,,,,,,,,,,,,,,,,,,,,,,,,,,,,,,,,,,,,,,,,,,,,,,,,,,,,,,,,,,,,,,,,,,,,
ACSSF,2010e1,co,000,0115,0000018,79263,37350,14752,9377,546,291,1060,339,934,0,6207,5375,468,2790,2117,1299,818,3489,2312,2241,377,703,152,1009,71,976,0,772,204,201,141,60,0,12204,2286,1974,312,1262,310,0,952,7168,643,5384,478,4192,674,40,146,995,1488,573,138,777,6905,5193,351,879,3341,299,323,1712,13128,4119,2247,281,1591,563,0,0,0,0,105,458,3608,768,1296,963,581,0,1612,176,0,1436,0,3226,145,1132,61,1281,607,24293,6338,2376,119,954,788,1387,214,500,17955,1563,0,1417,1629,2746,3129,1359,3066,3046,498,76,0,0,76,203,0,0,0,0,0,0,0,203,0,219,0,0,219,3994,2820,267,436,274,127,0,220,360,59,1077,633,125,64,0,151,220,0,73,541,541,0
ACSSF,2010e1,co,000,0115,0000019,80164,40929,17979,9543,638,550,1467,444,1375,0,5069,8436,874,2413,5149,3235,1914,4548,2339,2086,417,1067,204,398,253,977,151,635,191,1232,445,420,367,11102,2294,1843,451,1603,690,46,867,6002,443,4455,385,3008,835,227,92,1012,1203,178,450,575,7300,4769,353,639,3206,50,521,2531,8654,2820,1249,0,1571,1519,71,0,0,84,622,742,1784,448,360,405,504,67,800,46,0,676,78,1731,135,315,71,868,342,27137,9155,1959,589,706,1679,1684,1180,1358,17982,1723,88,1697,2083,2618,2027,1734,3877,2135,244,49,0,49,0,138,63,0,0,0,0,0,75,0,0,57,0,0,57,3200,2108,168,114,254,0,64,357,0,41,1110,414,0,128,0,158,80,0,48,678,478,200
ACSSF,2010e1,co,000,0115,0000020,,,,,,,,,,,,,,,,,,,,,,,,,,,,,,,,,,,,,,,,,,,,,,,,,,,,,,,,,,,,,,,,,,,,,,,,,,,,,,,,,,,,,,,,,,,,,,,,,,,,,,,,,,,,,,,,,,,,,,,,,,,,,,,,,,,,,,,,,,,,,,,,,,,,,,,
ACSSF,2010e1,co,000,0115,0000021,,,,,,,,,,,,,,,,,,,,,,,,,,,,,,,,,,,,,,,,,,,,,,,,,,,,,,,,,,,,,,,,,,,,,,,,,,,,,,,,,,,,,,,,,,,,,,,,,,,,,,,,,,,,,,,,,,,,,,,,,,,,,,,,,,,,,,,,,,,,,,,,,,,,,,,
ACSSF,2010e1,co,000,0115,0000022,,,,,,,,,,,,,,,,,,,,,,,,,,,,,,,,,,,,,,,,,,,,,,,,,,,,,,,,,,,,,,,,,,,,,,,,,,,,,,,,,,,,,,,,,,,,,,,,,,,,,,,,,,,,,,,,,,,,,,,,,,,,,,,,,,,,,,,,,,,,,,,,,,,,,,,
ACSSF,2010e1,co,000,0115,0000023,,,,,,,,,,,,,,,,,,,,,,,,,,,,,,,,,,,,,,,,,,,,,,,,,,,,,,,,,,,,,,,,,,,,,,,,,,,,,,,,,,,,,,,,,,,,,,,,,,,,,,,,,,,,,,,,,,,,,,,,,,,,,,,,,,,,,,,,,,,,,,,,,,,,,,,
ACSSF,2010e1,co,000,0115,0000024,,,,,,,,,,,,,,,,,,,,,,,,,,,,,,,,,,,,,,,,,,,,,,,,,,,,,,,,,,,,,,,,,,,,,,,,,,,,,,,,,,,,,,,,,,,,,,,,,,,,,,,,,,,,,,,,,,,,,,,,,,,,,,,,,,,,,,,,,,,,,,,,,,,,,,,
ACSSF,2010e1,co,000,0115,0000025,47039,17806,8769,4600,357,291,584,242,665,0,2461,4169,384,1161,2624,1609,1015,2109,1262,1190,223,62,305,600,72,489,0,489,0,358,275,0,83,4074,760,722,38,423,71,81,271,2519,101,1396,179,1173,0,44,43,979,372,51,73,248,2854,1862,36,294,1343,0,189,992,9733,2128,1478,0,650,898,0,0,0,0,279,619,3108,547,1388,538,276,359,1520,0,0,1520,0,2079,99,642,0,662,676,17277,3676,1053,177,422,829,716,0,479,13601,1243,58,1776,1321,1358,1501,1431,3211,1702,623,0,0,0,0,222,0,143,0,0,0,0,0,79,0,401,63,133,205,1600,1119,235,40,59,0,143,226,0,42,374,265,43,165,0,0,0,0,57,216,216,0
ACSSF,2010e1,co,000,0115,0000026,,,,,,,,,,,,,,,,,,,,,,,,,,,,,,,,,,,,,,,,,,,,,,,,,,,,,,,,,,,,,,,,,,,,,,,,,,,,,,,,,,,,,,,,,,,,,,,,,,,,,,,,,,,,,,,,,,,,,,,,,,,,,,,,,,,,,,,,,,,,,,,,,,,,,,,
ACSSF,2010e1,co,000,0115,0000027,,,,,,,,,,,,,,,,,,,,,,,,,,,,,,,,,,,,,,,,,,,,,,,,,,,,,,,,,,,,,,,,,,,,,,,,,,,,,,,,,,,,,,,,,,,,,,,,,,,,,,,,,,,,,,,,,,,,,,,,,,,,,,,,,,,,,,,,,,,,,,,,,,,,,,,
ACSSF,2010e1,co,000,0115,0000028,57207,26197,10568,6745,416,214,577,275,730,0,4533,3823,309,2114,1400,828,572,2188,1560,1560,73,577,78,832,0,487,0,358,129,141,141,0,0,8484,1693,1381,312,680,61,0,619,4975,508,3695,379,2895,381,40,146,626,1136,522,138,476,4957,3626,254,879,2001,229,263,1331,10681,3327,1758,214,1355,423,0,0,0,0,44,379,3031,723,970,826,512,0,1612,176,0,1436,0,2288,81,904,61,680,562,17488,4544,1799,59,575,621,817,173,500,12944,1349,0,731,1270,1691,2418,801,2094,2590,372,0,0,0,0,153,0,0,0,0,0,0,0,153,0,219,0,0,219,2469,1670,64,436,274,0,0,220,0,0,676,258,125,0,0,0,133,0,0,541,541,0
ACSSF,2010e1,co,000,0115,0000029,90838,48411,20399,11447,970,2227,1111,552,836,0,5751,8952,1410,3235,4307,3348,959,5040,2145,2099,890,821,87,301,46,1592,304,694,594,1303,690,546,67,13991,2018,1897,121,2700,1074,109,1517,6533,1171,4377,265,3542,445,125,336,649,2740,931,381,1428,8981,7091,1327,529,4319,300,616,1890,12631,2018,1272,49,697,439,56,0,0,0,60,323,4526,349,1125,2251,160,641,2514,228,0,2286,0,3134,95,884,0,1207,948,25698,8752,888,854,1530,1531,1400,1190,1359,16946,1481,92,1396,1020,2320,2750,1363,3419,3105,1012,205,0,205,0,469,0,47,124,0,72,105,0,0,121,338,96,66,176,3086,2263,0,141,659,0,114,819,0,0,530,587,0,205,0,195,132,0,55,236,192,44
ACSSF,2010e1,co,000,0115,0000030,,,,,,,,,,,,,,,,,,,,,,,,,,,,,,,,,,,,,,,,,,,,,,,,,,,,,,,,,,,,,,,,,,,,,,,,,,,,,,,,,,,,,,,,,,,,,,,,,,,,,,,,,,,,,,,,,,,,,,,,,,,,,,,,,,,,,,,,,,,,,,,,,,,,,,,
ACSSF,2010e1,co,000,0115,0000031,,,,,,,,,,,,,,,,,,,,,,,,,,,,,,,,,,,,,,,,,,,,,,,,,,,,,,,,,,,,,,,,,,,,,,,,,,,,,,,,,,,,,,,,,,,,,,,,,,,,,,,,,,,,,,,,,,,,,,,,,,,,,,,,,,,,,,,,,,,,,,,,,,,,,,,
ACSSF,2010e1,co,000,0115,0000032,,,,,,,,,,,,,,,,,,,,,,,,,,,,,,,,,,,,,,,,,,,,,,,,,,,,,,,,,,,,,,,,,,,,,,,,,,,,,,,,,,,,,,,,,,,,,,,,,,,,,,,,,,,,,,,,,,,,,,,,,,,,,,,,,,,,,,,,,,,,,,,,,,,,,,,
ACSSF,2010e1,co,000,0115,0000033,,,,,,,,,,,,,,,,,,,,,,,,,,,,,,,,,,,,,,,,,,,,,,,,,,,,,,,,,,,,,,,,,,,,,,,,,,,,,,,,,,,,,,,,,,,,,,,,,,,,,,,,,,,,,,,,,,,,,,,,,,,,,,,,,,,,,,,,,,,,,,,,,,,,,,,
ACSSF,2010e1,co,000,0115,0000034,,,,,,,,,,,,,,,,,,,,,,,,,,,,,,,,,,,,,,,,,,,,,,,,,,,,,,,,,,,,,,,,,,,,,,,,,,,,,,,,,,,,,,,,,,,,,,,,,,,,,,,,,,,,,,,,,,,,,,,,,,,,,,,,,,,,,,,,,,,,,,,,,,,,,,,
ACSSF,2010e1,co,000,0115,0000035,,,,,,,,,,,,,,,,,,,,,,,,,,,,,,,,,,,,,,,,,,,,,,,,,,,,,,,,,,,,,,,,,,,,,,,,,,,,,,,,,,,,,,,,,,,,,,,,,,,,,,,,,,,,,,,,,,,,,,,,,,,,,,,,,,,,,,,,,,,,,,,,,,,,,,,
ACSSF,2010e1,co,000,0115,0000036,,,,,,,,,,,,,,,,,,,,,,,,,,,,,,,,,,,,,,,,,,,,,,,,,,,,,,,,,,,,,,,,,,,,,,,,,,,,,,,,,,,,,,,,,,,,,,,,,,,,,,,,,,,,,,,,,,,,,,,,,,,,,,,,,,,,,,,,,,,,,,,,,,,,,,,
ACSSF,2010e1,co,000,0115,0000037,,,,,,,,,,,,,,,,,,,,,,,,,,,,,,,,,,,,,,,,,,,,,,,,,,,,,,,,,,,,,,,,,,,,,,,,,,,,,,,,,,,,,,,,,,,,,,,,,,,,,,,,,,,,,,,,,,,,,,,,,,,,,,,,,,,,,,,,,,,,,,,,,,,,,,,
ACSSF,2010e1,co,000,0115,0000038,,,,,,,,,,,,,,,,,,,,,,,,,,,,,,,,,,,,,,,,,,,,,,,,,,,,,,,,,,,,,,,,,,,,,,,,,,,,,,,,,,,,,,,,,,,,,,,,,,,,,,,,,,,,,,,,,,,,,,,,,,,,,,,,,,,,,,,,,,,,,,,,,,,,,,,
ACSSF,2010e1,co,000,0115,0000039,,,,,,,,,,,,,,,,,,,,,,,,,,,,,,,,,,,,,,,,,,,,,,,,,,,,,,,,,,,,,,,,,,,,,,,,,,,,,,,,,,,,,,,,,,,,,,,,,,,,,,,,,,,,,,,,,,,,,,,,,,,,,,,,,,,,,,,,,,,,,,,,,,,,,,,
ACSSF,2010e1,co,000,0115,0000040,57207,26197,10568,6745,416,214,577,275,730,0,4533,3823,309,2114,1400,828,572,2188,1560,1560,73,577,78,832,0,487,0,358,129,141,141,0,0,8484,1693,1381,312,680,61,0,619,4975,508,3695,379,2895,381,40,146,626,1136,522,138,476,4957,3626,254,879,2001,229,263,1331,10681,3327,1758,214,1355,423,0,0,0,0,44,379,3031,723,970,826,512,0,1612,176,0,1436,0,2288,81,904,61,680,562,17488,4544,1799,59,575,621,817,173,500,12944,1349,0,731,1270,1691,2418,801,2094,2590,372,0,0,0,0,153,0,0,0,0,0,0,0,153,0,219,0,0,219,2469,1670,64,436,274,0,0,220,0,0,676,258,125,0,0,0,133,0,0,541,541,0
ACSSF,2010e1,co,000,0115,0000041,47039,17806,8769,4600,357,291,584,242,665,0,2461,4169,384,1161,2624,1609,1015,2109,1262,1190,223,62,305,600,72,489,0,489,0,358,275,0,83,4074,760,722,38,423,71,81,271,2519,101,1396,179,1173,0,44,43,979,372,51,73,248,2854,1862,36,294,1343,0,189,992,9733,2128,1478,0,650,898,0,0,0,0,279,619,3108,547,1388,538,276,359,1520,0,0,1520,0,2079,99,642,0,662,676,17277,3676,1053,177,422,829,716,0,479,13601,1243,58,1776,1321,1358,1501,1431,3211,1702,623,0,0,0,0,222,0,143,0,0,0,0,0,79,0,401,63,133,205,1600,1119,235,40,59,0,143,226,0,42,374,265,43,165,0,0,0,0,57,216,216,0
ACSSF,2010e1,co,000,0115,0000042,90838,48411,20399,11447,970,2227,1111,552,836,0,5751,8952,1410,3235,4307,3348,959,5040,2145,2099,890,821,87,301,46,1592,304,694,594,1303,690,546,67,13991,2018,1897,121,2700,1074,109,1517,6533,1171,4377,265,3542,445,125,336,649,2740,931,381,1428,8981,7091,1327,529,4319,300,616,1890,12631,2018,1272,49,697,439,56,0,0,0,60,323,4526,349,1125,2251,160,641,2514,228,0,2286,0,3134,95,884,0,1207,948,25698,8752,888,854,1530,1531,1400,1190,1359,16946,1481,92,1396,1020,2320,2750,1363,3419,3105,1012,205,0,205,0,469,0,47,124,0,72,105,0,0,121,338,96,66,176,3086,2263,0,141,659,0,114,819,0,0,530,587,0,205,0,195,132,0,55,236,192,44
ACSSF,2010e1,co,000,0115,0000043,,,,,,,,,,,,,,,,,,,,,,,,,,,,,,,,,,,,,,,,,,,,,,,,,,,,,,,,,,,,,,,,,,,,,,,,,,,,,,,,,,,,,,,,,,,,,,,,,,,,,,,,,,,,,,,,,,,,,,,,,,,,,,,,,,,,,,,,,,,,,,,,,,,,,,,
ACSSF,2010e1,co,000,0115,0000044,,,,,,,,,,,,,,,,,,,,,,,,,,,,,,,,,,,,,,,,,,,,,,,,,,,,,,,,,,,,,,,,,,,,,,,,,,,,,,,,,,,,,,,,,,,,,,,,,,,,,,,,,,,,,,,,,,,,,,,,,,,,,,,,,,,,,,,,,,,,,,,,,,,,,,,
ACSSF,2010e1,co,000,0115,0000045,,,,,,,,,,,,,,,,,,,,,,,,,,,,,,,,,,,,,,,,,,,,,,,,,,,,,,,,,,,,,,,,,,,,,,,,,,,,,,,,,,,,,,,,,,,,,,,,,,,,,,,,,,,,,,,,,,,,,,,,,,,,,,,,,,,,,,,,,,,,,,,,,,,,,,,
ACSSF,2010e1,co,000,0115,0000046,,,,,,,,,,,,,,,,,,,,,,,,,,,,,,,,,,,,,,,,,,,,,,,,,,,,,,,,,,,,,,,,,,,,,,,,,,,,,,,,,,,,,,,,,,,,,,,,,,,,,,,,,,,,,,,,,,,,,,,,,,,,,,,,,,,,,,,,,,,,,,,,,,,,,,,
ACSSF,2010e1,co,000,0115,0000047,100380,53241,22523,12429,970,2227,1275,682,999,0,6276,10094,1458,3545,5091,4081,1010,5462,2567,2521,1119,869,133,400,46,1592,304,694,594,1303,690,546,67,15534,2329,2208,121,2799,1074,109,1616,6960,1217,4605,309,3726,445,125,391,747,3446,973,381,2092,9722,7584,1380,696,4527,300,681,2138,14106,2360,1535,49,776,495,56,0,0,0,60,379,4968,544,1172,2451,160,641,2895,228,0,2667,0,3388,95,884,0,1274,1135,28552,9620,1096,854,1530,1741,1511,1480,1408,18932,1744,92,1489,1065,2745,2901,1497,3919,3480,1012,205,0,205,0,469,0,47,124,0,72,105,0,0,121,338,96,66,176,3469,2471,134,141,659,0,114,893,0,0,530,762,0,267,0,195,132,0,168,236,192,44
ACSSF,2010e1,co,000,0115,0000048,107930,53572,23822,14821,1944,906,1552,412,825,162,9020,9001,1165,3346,4490,3278,1212,6482,3816,3623,419,1888,299,1017,193,844,92,666,86,1822,1130,306,386,15392,2549,2317,232,2055,898,0,1157,7614,1213,4991,816,3567,534,74,390,1020,3174,1371,896,907,7876,5475,420,473,3415,178,989,2401,13825,2132,511,0,1621,1180,142,65,0,84,519,370,3124,395,1148,551,700,330,2612,183,0,2149,280,4777,183,1796,186,746,1866,35235,12496,2582,842,1441,2505,1624,1266,2236,22739,2104,0,2054,1855,2933,3265,2472,5063,2993,581,17,17,0,0,124,94,0,0,30,0,0,0,0,0,440,50,0,390,4717,3129,430,588,283,116,161,883,0,0,668,1002,53,667,0,234,48,0,0,586,586,0
ACSSF,2010e1,co,000,0115,0000049,87382,38255,13843,10071,837,427,670,820,582,316,6419,3772,69,1062,2641,1603,1038,1660,435,435,59,159,87,130,0,384,51,190,143,841,411,343,87,13586,3394,3302,92,1082,287,87,708,7627,372,5872,696,4457,594,125,466,917,1483,670,242,571,9166,5774,362,644,3945,121,702,3392,14502,3495,2447,59,989,877,0,13,166,0,585,113,3954,522,892,2077,463,0,1596,135,0,1330,131,4580,247,1190,348,726,2069,29993,9603,3972,513,1884,725,1327,296,886,20390,1642,298,918,2147,3219,1969,2362,5202,2633,946,74,0,74,0,658,90,0,18,0,260,0,147,143,0,214,0,0,214,3686,1936,125,236,382,71,19,126,0,0,977,524,78,50,0,0,245,0,151,1226,1226,0
ACSSF,2010e1,co,000,0115,0000050,92714,43402,17844,11023,1292,1109,742,529,1162,308,5881,6821,488,2129,4204,2453,1751,3857,1984,1900,337,450,652,461,84,879,118,245,516,994,557,115,322,13198,2022,1904,118,1122,461,0,661,8511,1659,5299,430,3893,662,314,403,1150,1543,689,15,839,8503,5748,324,570,3406,193,1255,2755,14323,3085,1682,38,1365,806,52,0,71,0,639,44,3975,995,1404,1025,494,57,1858,184,0,1642,32,4599,517,1381,0,1631,1070,28843,7079,2235,905,606,1166,408,191,1568,21764,1536,0,1726,2275,3020,2936,2323,5648,2300,765,322,49,273,0,361,0,0,64,0,156,0,117,24,0,82,0,0,82,5381,4162,371,702,817,285,0,306,0,63,1618,575,82,207,0,65,163,0,58,644,644,0
ACSSF,2010e1,co,000,0115,0000051,90569,42408,16178,10217,768,411,1141,461,934,0,6502,5961,468,3048,2445,1524,921,3667,2312,2241,377,703,152,1009,71,1113,0,841,272,242,141,60,41,14481,2802,2490,312,1510,488,0,1022,8336,818,6184,528,4715,713,228,146,1188,1833,725,138,970,8082,5884,351,925,3949,299,360,2198,15216,4501,2365,340,1796,782,51,0,35,11,227,458,3871,781,1437,963,642,48,1910,221,0,1689,0,4152,145,1424,61,1548,974,28110,7713,2818,272,1403,881,1420,252,667,20397,1681,0,1673,1740,3283,3440,1676,3633,3271,682,142,0,66,76,265,0,0,0,0,0,0,0,265,0,275,0,0,275,4153,2836,267,436,290,127,0,220,360,59,1077,661,125,92,0,151,220,0,73,656,656,0
ACSSF,2010e1,co,000,0115,0000052,126625,70200,35738,20015,2376,1495,3250,1181,2625,91,8997,15723,2275,5120,8328,4923,3405,7000,4849,4471,338,1921,932,1280,378,1498,47,1217,234,653,235,261,157,16063,2220,1816,404,2532,796,50,1686,9084,567,6766,513,4855,720,678,173,1578,2227,593,538,1096,11399,9069,410,656,6064,330,1609,2330,12350,2208,741,68,1399,1757,0,0,379,0,560,818,4010,1363,902,1095,493,157,719,46,53,542,78,3656,522,912,184,822,1216,39512,13143,3582,1044,1120,2990,2017,667,1723,26369,3390,177,2698,1865,3041,3120,2231,6153,3694,611,0,0,0,0,225,0,143,0,82,0,0,0,0,0,386,329,0,57,3952,2531,215,243,195,0,0,183,0,57,1638,874,43,557,0,20,79,0,175,547,547,0
ACSSF,2010e1,co,000,0115,0000053,91702,37536,17271,9656,571,628,1090,386,1251,0,5730,7615,528,2925,4162,2840,1322,3803,1557,1422,467,305,153,497,135,865,151,585,129,1381,796,145,440,9748,1676,1443,233,1738,582,127,1029,5517,433,3875,607,2583,528,157,43,1166,817,187,418,212,6714,4121,241,809,2646,47,378,2593,14364,4240,2686,0,1554,1305,0,0,0,0,537,768,3844,840,1010,1201,591,202,2174,0,0,2174,0,2801,99,615,71,1513,503,33654,9426,2217,577,813,1714,1605,849,1651,24228,1839,100,2997,2844,2364,2686,2914,5659,2825,818,49,0,49,0,217,63,0,0,0,0,0,75,79,0,552,0,133,419,5330,3321,364,324,692,0,207,352,0,83,1299,985,0,169,0,333,378,0,105,1024,824,200
ACSSF,2010e1,co,000,0115,0000054,,,,,,,,,,,,,,,,,,,,,,,,,,,,,,,,,,,,,,,,,,,,,,,,,,,,,,,,,,,,,,,,,,,,,,,,,,,,,,,,,,,,,,,,,,,,,,,,,,,,,,,,,,,,,,,,,,,,,,,,,,,,,,,,,,,,,,,,,,,,,,,,,,,,,,,
ACSSF,2010e1,co,000,0115,0000055,,,,,,,,,,,,,,,,,,,,,,,,,,,,,,,,,,,,,,,,,,,,,,,,,,,,,,,,,,,,,,,,,,,,,,,,,,,,,,,,,,,,,,,,,,,,,,,,,,,,,,,,,,,,,,,,,,,,,,,,,,,,,,,,,,,,,,,,,,,,,,,,,,,,,,,
ACSSF,2010e1,co,000,0115,0000056,,,,,,,,,,,,,,,,,,,,,,,,,,,,,,,,,,,,,,,,,,,,,,,,,,,,,,,,,,,,,,,,,,,,,,,,,,,,,,,,,,,,,,,,,,,,,,,,,,,,,,,,,,,,,,,,,,,,,,,,,,,,,,,,,,,,,,,,,,,,,,,,,,,,,,,
ACSSF,2010e1,co,000,0115,0000057,,,,,,,,,,,,,,,,,,,,,,,,,,,,,,,,,,,,,,,,,,,,,,,,,,,,,,,,,,,,,,,,,,,,,,,,,,,,,,,,,,,,,,,,,,,,,,,,,,,,,,,,,,,,,,,,,,,,,,,,,,,,,,,,,,,,,,,,,,,,,,,,,,,,,,,
ACSSF,2010e1,co,000,0115,0000058,,,,,,,,,,,,,,,,,,,,,,,,,,,,,,,,,,,,,,,,,,,,,,,,,,,,,,,,,,,,,,,,,,,,,,,,,,,,,,,,,,,,,,,,,,,,,,,,,,,,,,,,,,,,,,,,,,,,,,,,,,,,,,,,,,,,,,,,,,,,,,,,,,,,,,,
ACSSF,2010e1,co,000,0115,0000059,,,,,,,,,,,,,,,,,,,,,,,,,,,,,,,,,,,,,,,,,,,,,,,,,,,,,,,,,,,,,,,,,,,,,,,,,,,,,,,,,,,,,,,,,,,,,,,,,,,,,,,,,,,,,,,,,,,,,,,,,,,,,,,,,,,,,,,,,,,,,,,,,,,,,,,
ACSSF,2010e1,co,000,0115,0000060,,,,,,,,,,,,,,,,,,,,,,,,,,,,,,,,,,,,,,,,,,,,,,,,,,,,,,,,,,,,,,,,,,,,,,,,,,,,,,,,,,,,,,,,,,,,,,,,,,,,,,,,,,,,,,,,,,,,,,,,,,,,,,,,,,,,,,,,,,,,,,,,,,,,,,,
ACSSF,2010e1,co,000,0115,0000061,,,,,,,,,,,,,,,,,,,,,,,,,,,,,,,,,,,,,,,,,,,,,,,,,,,,,,,,,,,,,,,,,,,,,,,,,,,,,,,,,,,,,,,,,,,,,,,,,,,,,,,,,,,,,,,,,,,,,,,,,,,,,,,,,,,,,,,,,,,,,,,,,,,,,,,
ACSSF,2010e1,co,000,0115,0000062,,,,,,,,,,,,,,,,,,,,,,,,,,,,,,,,,,,,,,,,,,,,,,,,,,,,,,,,,,,,,,,,,,,,,,,,,,,,,,,,,,,,,,,,,,,,,,,,,,,,,,,,,,,,,,,,,,,,,,,,,,,,,,,,,,,,,,,,,,,,,,,,,,,,,,,
ACSSF,2010e1,co,000,0115,0000063,,,,,,,,,,,,,,,,,,,,,,,,,,,,,,,,,,,,,,,,,,,,,,,,,,,,,,,,,,,,,,,,,,,,,,,,,,,,,,,,,,,,,,,,,,,,,,,,,,,,,,,,,,,,,,,,,,,,,,,,,,,,,,,,,,,,,,,,,,,,,,,,,,,,,,,
ACSSF,2010e1,co,000,0115,0000064,,,,,,,,,,,,,,,,,,,,,,,,,,,,,,,,,,,,,,,,,,,,,,,,,,,,,,,,,,,,,,,,,,,,,,,,,,,,,,,,,,,,,,,,,,,,,,,,,,,,,,,,,,,,,,,,,,,,,,,,,,,,,,,,,,,,,,,,,,,,,,,,,,,,,,,
ACSSF,2010e1,co,000,0115,0000065,,,,,,,,,,,,,,,,,,,,,,,,,,,,,,,,,,,,,,,,,,,,,,,,,,,,,,,,,,,,,,,,,,,,,,,,,,,,,,,,,,,,,,,,,,,,,,,,,,,,,,,,,,,,,,,,,,,,,,,,,,,,,,,,,,,,,,,,,,,,,,,,,,,,,,,
ACSSF,2010e1,co,000,0115,0000066,,,,,,,,,,,,,,,,,,,,,,,,,,,,,,,,,,,,,,,,,,,,,,,,,,,,,,,,,,,,,,,,,,,,,,,,,,,,,,,,,,,,,,,,,,,,,,,,,,,,,,,,,,,,,,,,,,,,,,,,,,,,,,,,,,,,,,,,,,,,,,,,,,,,,,,
ACSSF,2010e1,co,000,0115,0000067,,,,,,,,,,,,,,,,,,,,,,,,,,,,,,,,,,,,,,,,,,,,,,,,,,,,,,,,,,,,,,,,,,,,,,,,,,,,,,,,,,,,,,,,,,,,,,,,,,,,,,,,,,,,,,,,,,,,,,,,,,,,,,,,,,,,,,,,,,,,,,,,,,,,,,,
ACSSF,2010e1,co,000,0115,0000068,,,,,,,,,,,,,,,,,,,,,,,,,,,,,,,,,,,,,,,,,,,,,,,,,,,,,,,,,,,,,,,,,,,,,,,,,,,,,,,,,,,,,,,,,,,,,,,,,,,,,,,,,,,,,,,,,,,,,,,,,,,,,,,,,,,,,,,,,,,,,,,,,,,,,,,
ACSSF,2010e1,co,000,0115,0000069,,,,,,,,,,,,,,,,,,,,,,,,,,,,,,,,,,,,,,,,,,,,,,,,,,,,,,,,,,,,,,,,,,,,,,,,,,,,,,,,,,,,,,,,,,,,,,,,,,,,,,,,,,,,,,,,,,,,,,,,,,,,,,,,,,,,,,,,,,,,,,,,,,,,,,,
ACSSF,2010e1,co,000,0115,0000070,,,,,,,,,,,,,,,,,,,,,,,,,,,,,,,,,,,,,,,,,,,,,,,,,,,,,,,,,,,,,,,,,,,,,,,,,,,,,,,,,,,,,,,,,,,,,,,,,,,,,,,,,,,,,,,,,,,,,,,,,,,,,,,,,,,,,,,,,,,,,,,,,,,,,,,
ACSSF,2010e1,co,000,0115,0000071,,,,,,,,,,,,,,,,,,,,,,,,,,,,,,,,,,,,,,,,,,,,,,,,,,,,,,,,,,,,,,,,,,,,,,,,,,,,,,,,,,,,,,,,,,,,,,,,,,,,,,,,,,,,,,,,,,,,,,,,,,,,,,,,,,,,,,,,,,,,,,,,,,,,,,,
ACSSF,2010e1,co,000,0115,0000072,,,,,,,,,,,,,,,,,,,,,,,,,,,,,,,,,,,,,,,,,,,,,,,,,,,,,,,,,,,,,,,,,,,,,,,,,,,,,,,,,,,,,,,,,,,,,,,,,,,,,,,,,,,,,,,,,,,,,,,,,,,,,,,,,,,,,,,,,,,,,,,,,,,,,,,
ACSSF,2010e1,co,000,0115,0000073,,,,,,,,,,,,,,,,,,,,,,,,,,,,,,,,,,,,,,,,,,,,,,,,,,,,,,,,,,,,,,,,,,,,,,,,,,,,,,,,,,,,,,,,,,,,,,,,,,,,,,,,,,,,,,,,,,,,,,,,,,,,,,,,,,,,,,,,,,,,,,,,,,,,,,,
ACSSF,2010e1,co,000,0115,0000074,,,,,,,,,,,,,,,,,,,,,,,,,,,,,,,,,,,,,,,,,,,,,,,,,,,,,,,,,,,,,,,,,,,,,,,,,,,,,,,,,,,,,,,,,,,,,,,,,,,,,,,,,,,,,,,,,,,,,,,,,,,,,,,,,,,,,,,,,,,,,,,,,,,,,,,
ACSSF,2010e1,co,000,0115,0000075,,,,,,,,,,,,,,,,,,,,,,,,,,,,,,,,,,,,,,,,,,,,,,,,,,,,,,,,,,,,,,,,,,,,,,,,,,,,,,,,,,,,,,,,,,,,,,,,,,,,,,,,,,,,,,,,,,,,,,,,,,,,,,,,,,,,,,,,,,,,,,,,,,,,,,,
ACSSF,2010e1,co,000,0115,0000076,,,,,,,,,,,,,,,,,,,,,,,,,,,,,,,,,,,,,,,,,,,,,,,,,,,,,,,,,,,,,,,,,,,,,,,,,,,,,,,,,,,,,,,,,,,,,,,,,,,,,,,,,,,,,,,,,,,,,,,,,,,,,,,,,,,,,,,,,,,,,,,,,,,,,,,
ACSSF,2010e1,co,000,0115,0000077,,,,,,,,,,,,,,,,,,,,,,,,,,,,,,,,,,,,,,,,,,,,,,,,,,,,,,,,,,,,,,,,,,,,,,,,,,,,,,,,,,,,,,,,,,,,,,,,,,,,,,,,,,,,,,,,,,,,,,,,,,,,,,,,,,,,,,,,,,,,,,,,,,,,,,,
ACSSF,2010e1,co,000,0115,0000078,,,,,,,,,,,,,,,,,,,,,,,,,,,,,,,,,,,,,,,,,,,,,,,,,,,,,,,,,,,,,,,,,,,,,,,,,,,,,,,,,,,,,,,,,,,,,,,,,,,,,,,,,,,,,,,,,,,,,,,,,,,,,,,,,,,,,,,,,,,,,,,,,,,,,,,
ACSSF,2010e1,co,000,0115,0000079,,,,,,,,,,,,,,,,,,,,,,,,,,,,,,,,,,,,,,,,,,,,,,,,,,,,,,,,,,,,,,,,,,,,,,,,,,,,,,,,,,,,,,,,,,,,,,,,,,,,,,,,,,,,,,,,,,,,,,,,,,,,,,,,,,,,,,,,,,,,,,,,,,,,,,,
ACSSF,2010e1,co,000,0115,0000080,,,,,,,,,,,,,,,,,,,,,,,,,,,,,,,,,,,,,,,,,,,,,,,,,,,,,,,,,,,,,,,,,,,,,,,,,,,,,,,,,,,,,,,,,,,,,,,,,,,,,,,,,,,,,,,,,,,,,,,,,,,,,,,,,,,,,,,,,,,,,,,,,,,,,,,
ACSSF,2010e1,co,000,0115,0000081,,,,,,,,,,,,,,,,,,,,,,,,,,,,,,,,,,,,,,,,,,,,,,,,,,,,,,,,,,,,,,,,,,,,,,,,,,,,,,,,,,,,,,,,,,,,,,,,,,,,,,,,,,,,,,,,,,,,,,,,,,,,,,,,,,,,,,,,,,,,,,,,,,,,,,,
ACSSF,2010e1,co,000,0115,0000082,,,,,,,,,,,,,,,,,,,,,,,,,,,,,,,,,,,,,,,,,,,,,,,,,,,,,,,,,,,,,,,,,,,,,,,,,,,,,,,,,,,,,,,,,,,,,,,,,,,,,,,,,,,,,,,,,,,,,,,,,,,,,,,,,,,,,,,,,,,,,,,,,,,,,,,
ACSSF,2010e1,co,000,0115,0000083,,,,,,,,,,,,,,,,,,,,,,,,,,,,,,,,,,,,,,,,,,,,,,,,,,,,,,,,,,,,,,,,,,,,,,,,,,,,,,,,,,,,,,,,,,,,,,,,,,,,,,,,,,,,,,,,,,,,,,,,,,,,,,,,,,,,,,,,,,,,,,,,,,,,,,,
ACSSF,2010e1,co,000,0115,0000084,,,,,,,,,,,,,,,,,,,,,,,,,,,,,,,,,,,,,,,,,,,,,,,,,,,,,,,,,,,,,,,,,,,,,,,,,,,,,,,,,,,,,,,,,,,,,,,,,,,,,,,,,,,,,,,,,,,,,,,,,,,,,,,,,,,,,,,,,,,,,,,,,,,,,,,
ACSSF,2010e1,co,000,0115,0000085,,,,,,,,,,,,,,,,,,,,,,,,,,,,,,,,,,,,,,,,,,,,,,,,,,,,,,,,,,,,,,,,,,,,,,,,,,,,,,,,,,,,,,,,,,,,,,,,,,,,,,,,,,,,,,,,,,,,,,,,,,,,,,,,,,,,,,,,,,,,,,,,,,,,,,,
ACSSF,2010e1,co,000,0115,0000086,,,,,,,,,,,,,,,,,,,,,,,,,,,,,,,,,,,,,,,,,,,,,,,,,,,,,,,,,,,,,,,,,,,,,,,,,,,,,,,,,,,,,,,,,,,,,,,,,,,,,,,,,,,,,,,,,,,,,,,,,,,,,,,,,,,,,,,,,,,,,,,,,,,,,,,
ACSSF,2010e1,co,000,0115,0000087,,,,,,,,,,,,,,,,,,,,,,,,,,,,,,,,,,,,,,,,,,,,,,,,,,,,,,,,,,,,,,,,,,,,,,,,,,,,,,,,,,,,,,,,,,,,,,,,,,,,,,,,,,,,,,,,,,,,,,,,,,,,,,,,,,,,,,,,,,,,,,,,,,,,,,,
ACSSF,2010e1,co,000,0115,0000088,,,,,,,,,,,,,,,,,,,,,,,,,,,,,,,,,,,,,,,,,,,,,,,,,,,,,,,,,,,,,,,,,,,,,,,,,,,,,,,,,,,,,,,,,,,,,,,,,,,,,,,,,,,,,,,,,,,,,,,,,,,,,,,,,,,,,,,,,,,,,,,,,,,,,,,
ACSSF,2010e1,co,000,0115,0000089,,,,,,,,,,,,,,,,,,,,,,,,,,,,,,,,,,,,,,,,,,,,,,,,,,,,,,,,,,,,,,,,,,,,,,,,,,,,,,,,,,,,,,,,,,,,,,,,,,,,,,,,,,,,,,,,,,,,,,,,,,,,,,,,,,,,,,,,,,,,,,,,,,,,,,,
ACSSF,2010e1,co,000,0115,0000090,,,,,,,,,,,,,,,,,,,,,,,,,,,,,,,,,,,,,,,,,,,,,,,,,,,,,,,,,,,,,,,,,,,,,,,,,,,,,,,,,,,,,,,,,,,,,,,,,,,,,,,,,,,,,,,,,,,,,,,,,,,,,,,,,,,,,,,,,,,,,,,,,,,,,,,
ACSSF,2010e1,co,000,0115,0000091,,,,,,,,,,,,,,,,,,,,,,,,,,,,,,,,,,,,,,,,,,,,,,,,,,,,,,,,,,,,,,,,,,,,,,,,,,,,,,,,,,,,,,,,,,,,,,,,,,,,,,,,,,,,,,,,,,,,,,,,,,,,,,,,,,,,,,,,,,,,,,,,,,,,,,,
ACSSF,2010e1,co,000,0115,0000092,,,,,,,,,,,,,,,,,,,,,,,,,,,,,,,,,,,,,,,,,,,,,,,,,,,,,,,,,,,,,,,,,,,,,,,,,,,,,,,,,,,,,,,,,,,,,,,,,,,,,,,,,,,,,,,,,,,,,,,,,,,,,,,,,,,,,,,,,,,,,,,,,,,,,,,
ACSSF,2010e1,co,000,0115,0000093,,,,,,,,,,,,,,,,,,,,,,,,,,,,,,,,,,,,,,,,,,,,,,,,,,,,,,,,,,,,,,,,,,,,,,,,,,,,,,,,,,,,,,,,,,,,,,,,,,,,,,,,,,,,,,,,,,,,,,,,,,,,,,,,,,,,,,,,,,,,,,,,,,,,,,,
ACSSF,2010e1,co,000,0115,0000094,,,,,,,,,,,,,,,,,,,,,,,,,,,,,,,,,,,,,,,,,,,,,,,,,,,,,,,,,,,,,,,,,,,,,,,,,,,,,,,,,,,,,,,,,,,,,,,,,,,,,,,,,,,,,,,,,,,,,,,,,,,,,,,,,,,,,,,,,,,,,,,,,,,,,,,
ACSSF,2010e1,co,000,0115,0000095,,,,,,,,,,,,,,,,,,,,,,,,,,,,,,,,,,,,,,,,,,,,,,,,,,,,,,,,,,,,,,,,,,,,,,,,,,,,,,,,,,,,,,,,,,,,,,,,,,,,,,,,,,,,,,,,,,,,,,,,,,,,,,,,,,,,,,,,,,,,,,,,,,,,,,,
ACSSF,2010e1,co,000,0115,0000096,46778,23669,11777,6498,418,578,927,667,1226,0,2682,5279,842,1406,3031,1948,1083,2673,1475,1403,138,222,534,509,72,721,0,671,50,477,324,109,44,5842,927,853,74,1022,413,50,559,2843,257,1926,108,1756,62,0,98,562,1050,207,146,697,3377,2636,204,178,1624,0,630,741,7204,1493,1055,0,438,548,0,0,0,0,68,480,3149,1031,858,937,120,203,433,0,0,433,0,1581,55,472,184,358,512,14278,3830,1072,445,525,845,354,0,589,10448,1306,0,908,681,853,1354,1053,2871,1422,103,0,0,0,0,40,0,0,0,0,0,0,0,40,0,63,63,0,0,1524,1161,245,243,123,0,143,49,0,0,358,316,43,194,0,0,79,0,0,47,47,0
ACSSF,2010e1,co,000,0115,0000097,,,,,,,,,,,,,,,,,,,,,,,,,,,,,,,,,,,,,,,,,,,,,,,,,,,,,,,,,,,,,,,,,,,,,,,,,,,,,,,,,,,,,,,,,,,,,,,,,,,,,,,,,,,,,,,,,,,,,,,,,,,,,,,,,,,,,,,,,,,,,,,,,,,,,,,
ACSSF,2010e1,co,000,0115,0000098,90838,48411,20399,11447,970,2227,1111,552,836,0,5751,8952,1410,3235,4307,3348,959,5040,2145,2099,890,821,87,301,46,1592,304,694,594,1303,690,546,67,13991,2018,1897,121,2700,1074,109,1517,6533,1171,4377,265,3542,445,125,336,649,2740,931,381,1428,8981,7091,1327,529,4319,300,616,1890,12631,2018,1272,49,697,439,56,0,0,0,60,323,4526,349,1125,2251,160,641,2514,228,0,2286,0,3134,95,884,0,1207,948,25698,8752,888,854,1530,1531,1400,1190,1359,16946,1481,92,1396,1020,2320,2750,1363,3419,3105,1012,205,0,205,0,469,0,47,124,0,72,105,0,0,121,338,96,66,176,3086,2263,0,141,659,0,114,819,0,0,530,587,0,205,0,195,132,0,55,236,192,44
ACSSF,2010e1,co,000,0115,0000099,,,,,,,,,,,,,,,,,,,,,,,,,,,,,,,,,,,,,,,,,,,,,,,,,,,,,,,,,,,,,,,,,,,,,,,,,,,,,,,,,,,,,,,,,,,,,,,,,,,,,,,,,,,,,,,,,,,,,,,,,,,,,,,,,,,,,,,,,,,,,,,,,,,,,,,
ACSSF,2010e1,co,000,0115,0000100,,,,,,,,,,,,,,,,,,,,,,,,,,,,,,,,,,,,,,,,,,,,,,,,,,,,,,,,,,,,,,,,,,,,,,,,,,,,,,,,,,,,,,,,,,,,,,,,,,,,,,,,,,,,,,,,,,,,,,,,,,,,,,,,,,,,,,,,,,,,,,,,,,,,,,,
ACSSF,2010e1,co,000,0115,0000101,,,,,,,,,,,,,,,,,,,,,,,,,,,,,,,,,,,,,,,,,,,,,,,,,,,,,,,,,,,,,,,,,,,,,,,,,,,,,,,,,,,,,,,,,,,,,,,,,,,,,,,,,,,,,,,,,,,,,,,,,,,,,,,,,,,,,,,,,,,,,,,,,,,,,,,
ACSSF,2010e1,co,000,0115,0000102,,,,,,,,,,,,,,,,,,,,,,,,,,,,,,,,,,,,,,,,,,,,,,,,,,,,,,,,,,,,,,,,,,,,,,,,,,,,,,,,,,,,,,,,,,,,,,,,,,,,,,,,,,,,,,,,,,,,,,,,,,,,,,,,,,,,,,,,,,,,,,,,,,,,,,,
ACSSF,2010e1,co,000,0115,0000103,,,,,,,,,,,,,,,,,,,,,,,,,,,,,,,,,,,,,,,,,,,,,,,,,,,,,,,,,,,,,,,,,,,,,,,,,,,,,,,,,,,,,,,,,,,,,,,,,,,,,,,,,,,,,,,,,,,,,,,,,,,,,,,,,,,,,,,,,,,,,,,,,,,,,,,
ACSSF,2010e1,co,000,0115,0000104,,,,,,,,,,,,,,,,,,,,,,,,,,,,,,,,,,,,,,,,,,,,,,,,,,,,,,,,,,,,,,,,,,,,,,,,,,,,,,,,,,,,,,,,,,,,,,,,,,,,,,,,,,,,,,,,,,,,,,,,,,,,,,,,,,,,,,,,,,,,,,,,,,,,,,,
ACSSF,2010e1,co,000,0115,0000105,80637,41096,17979,9543,638,550,1467,444,1375,0,5069,8436,874,2413,5149,3235,1914,4609,2339,2086,417,1067,204,398,253,977,151,635,191,1293,506,420,367,11102,2294,1843,451,1603,690,46,867,6002,443,4455,385,3008,835,227,92,1012,1203,178,450,575,7406,4875,353,639,3312,50,521,2531,8654,2820,1249,0,1571,1519,71,0,0,84,622,742,1784,448,360,405,504,67,800,46,0,676,78,1731,135,315,71,868,342,27443,9388,1959,589,706,1679,1684,1242,1529,18055,1723,88,1697,2156,2618,2027,1734,3877,2135,244,49,0,49,0,138,63,0,0,0,0,0,75,0,0,57,0,0,57,3200,2108,168,114,254,0,64,357,0,41,1110,414,0,128,0,158,80,0,48,678,478,200
ACSSF,2010e1,co,000,0115,0000106,,,,,,,,,,,,,,,,,,,,,,,,,,,,,,,,,,,,,,,,,,,,,,,,,,,,,,,,,,,,,,,,,,,,,,,,,,,,,,,,,,,,,,,,,,,,,,,,,,,,,,,,,,,,,,,,,,,,,,,,,,,,,,,,,,,,,,,,,,,,,,,,,,,,,,,
ACSSF,2010e1,co,000,0115,0000107,,,,,,,,,,,,,,,,,,,,,,,,,,,,,,,,,,,,,,,,,,,,,,,,,,,,,,,,,,,,,,,,,,,,,,,,,,,,,,,,,,,,,,,,,,,,,,,,,,,,,,,,,,,,,,,,,,,,,,,,,,,,,,,,,,,,,,,,,,,,,,,,,,,,,,,
ACSSF,2010e1,co,000,0115,0000108,,,,,,,,,,,,,,,,,,,,,,,,,,,,,,,,,,,,,,,,,,,,,,,,,,,,,,,,,,,,,,,,,,,,,,,,,,,,,,,,,,,,,,,,,,,,,,,,,,,,,,,,,,,,,,,,,,,,,,,,,,,,,,,,,,,,,,,,,,,,,,,,,,,,,,,
ACSSF,2010e1,co,000,0115,0000109,,,,,,,,,,,,,,,,,,,,,,,,,,,,,,,,,,,,,,,,,,,,,,,,,,,,,,,,,,,,,,,,,,,,,,,,,,,,,,,,,,,,,,,,,,,,,,,,,,,,,,,,,,,,,,,,,,,,,,,,,,,,,,,,,,,,,,,,,,,,,,,,,,,,,,,
ACSSF,2010e1,co,000,0115,0000110,,,,,,,,,,,,,,,,,,,,,,,,,,,,,,,,,,,,,,,,,,,,,,,,,,,,,,,,,,,,,,,,,,,,,,,,,,,,,,,,,,,,,,,,,,,,,,,,,,,,,,,,,,,,,,,,,,,,,,,,,,,,,,,,,,,,,,,,,,,,,,,,,,,,,,,
ACSSF,2010e1,co,000,0115,0000111,,,,,,,,,,,,,,,,,,,,,,,,,,,,,,,,,,,,,,,,,,,,,,,,,,,,,,,,,,,,,,,,,,,,,,,,,,,,,,,,,,,,,,,,,,,,,,,,,,,,,,,,,,,,,,,,,,,,,,,,,,,,,,,,,,,,,,,,,,,,,,,,,,,,,,,
