ACSSF,2010e1,co,000,0051,0000001,4021728,1233134,1117672,115462,2060635,1784924,275711,72146,57486,14660,179827,159501,20326,475986,437749,38237,3955676,1167566,655447,475228,394341,80887,180219,512119,363128,319137,43991,148991,2060220,1036549,817957,763165,54792,218592,1023671,651393,608036,43357,372278,72146,31124,25447,22058,3389,5677,41022,29244,25620,3624,11778,179827,39196,9933,8902,1031,29263,140631,29215,26460,2755,111416,475917,207214,151774,134688,17086,55440,268703,191512,174874,16638,77191,28.1,26.2,,,,,,,,,,,,,,,,,,,4021728,2004303,690093,1314210,47412,1266798,2017425,543041,1474384,47266,1427118,4021728,2004303,690093,1314210,5177,1309033,2017425,543041,1474384,11195,1463189,4021728,2004303,690093,1314210,22058,1292152,2017425,543041,1474384,21768,1452616,17.0,16.9,17.5,10.1,11.9,17.1,17.7,10.4,11.9,4021728,2004303,690093,1314210,980362,264177,69671,2017425,543041,1474384,1089539,299671,85174
ACSSF,2010e1,co,000,0051,0000002,3142963,1045370,941841,103529,1499920,1268555,231365,62210,48451,13759,149038,131292,17746,386425,352179,34246,3091359,994220,551730,405656,335528,70128,146074,442490,314313,275328,38985,128177,1499535,754313,595109,551500,43609,159204,745222,474134,440723,33411,271088,62210,26537,21795,18680,3115,4742,35673,25545,22177,3368,10128,149038,30105,6993,6325,668,23112,118933,23718,21189,2529,95215,386356,163860,119390,105462,13928,44470,222496,156090,142220,13870,66406,,,,,,,,,,,,,,,,,,,,,,,,,,,,,,,,,,,,,,,,,,,,,,,,,,,,,,,,,,,,,,,,,,,,,,,,,,,
ACSSF,2010e1,co,000,0051,0000003,878765,187764,175831,11933,560715,516369,44346,9936,9035,901,30789,28209,2580,89561,85570,3991,864317,173346,103717,69572,58813,10759,34145,69629,48815,43809,5006,20814,560685,282236,222848,211665,11183,59388,278449,177259,167313,9946,101190,9936,4587,3652,3378,274,935,5349,3699,3443,256,1650,30789,9091,2940,2577,363,6151,21698,5497,5271,226,16201,89561,43354,32384,29226,3158,10970,46207,35422,32654,2768,10785,,,,,,,,,,,,,,,,,,,,,,,,,,,,,,,,,,,,,,,,,,,,,,,,,,,,,,,,,,,,,,,,,,,,,,,,,,,
ACSSF,2010e1,co,000,0051,0000004,3692523,1144042,1035050,108992,1885775,1624971,260804,66442,52250,14192,160217,141164,19053,436047,400001,36046,3632126,1084129,604183,440278,364950,75328,163905,479946,340513,298445,42068,139433,1885360,947279,751398,701421,49977,195881,938081,597493,557359,40134,340588,66442,28589,23535,20444,3091,5054,37853,26927,23765,3162,10926,160217,34458,8822,7847,975,25636,125759,26138,24083,2055,99621,435978,187184,138428,123111,15317,48756,248794,176966,161733,15233,71828,,,,,,,,,,,,,,,,,,,,,,,,,,,,,,,,,,,,,,,,,,,,,,,,,,,,,,,,,,,,,,,,,,,,,,,,,,,
ACSSF,2010e1,co,000,0051,0000005,3465084,1072242,971980,100262,1769158,1521312,247846,61701,49384,12317,150378,132159,18219,411605,377612,33993,3407809,1015451,561568,412632,341400,71232,148936,453883,324168,284066,40102,129715,1768743,888051,708613,661601,47012,179438,880692,560387,522101,38286,320305,61701,25652,21165,18343,2822,4487,36049,25307,22343,2964,10742,150378,32378,8235,7260,975,24143,118000,24110,22194,1916,93890,411536,174994,129611,115123,14488,45383,236542,168001,153068,14933,68541,,,,,,,,,,,,,,,,,,,,,,,,,,,,,,,,,,,,,,,,,,,,,,,,,,,,,,,,,,,,,,,,,,,,,,,,,,,
ACSSF,2010e1,co,000,0051,0000006,1581128,575243,511007,64236,700068,571059,129009,34212,26071,8141,75734,64718,11016,195871,175850,20021,1557971,552405,301223,224369,184960,39409,76854,251182,183195,158374,24821,67987,699818,351433,278769,257965,20804,72664,348385,221833,205885,15948,126552,34212,14839,12067,10916,1151,2772,19373,13551,12005,1546,5822,75734,15733,3478,3094,384,12255,60001,11367,10383,984,48634,195802,78796,56453,49290,7163,22343,117006,79726,72283,7443,37280,,,,,,,,,,,,,,,,,,,,,,,,,,,,,,,,,,,,,,,,,,,,,,,,,,,,,,,,,,,,,,,,,,,,,,,,,,,
ACSSF,2010e1,co,000,0051,0000007,1883956,496999,460973,36026,1069090,950253,118837,27489,23313,4176,74644,67441,7203,215734,201762,13972,1849838,463046,260345,188263,156440,31823,72082,202701,140973,125692,15281,61728,1068925,536618,429844,403636,26208,106774,532307,338554,316216,22338,193753,27489,10813,9098,7427,1671,1715,16676,11756,10338,1418,4920,74644,16645,4757,4166,591,11888,57999,12743,11811,932,45256,215734,96198,73158,65833,7325,23040,119536,88275,80785,7490,31261,,,,,,,,,,,,,,,,,,,,,,,,,,,,,,,,,,,,,,,,,,,,,,,,,,,,,,,,,,,,,,,,,,,,,,,,,,,
ACSSF,2010e1,co,000,0051,0000008,227439,71800,63070,8730,116617,103659,12958,4741,2866,1875,9839,9005,834,24442,22389,2053,224317,68678,42615,27646,23550,4096,14969,26063,16345,14379,1966,9718,116617,59228,42785,39820,2965,16443,57389,37106,35258,1848,20283,4741,2937,2370,2101,269,567,1804,1620,1422,198,184,9839,2080,587,587,0,1493,7759,2028,1889,139,5731,24442,12190,8817,7988,829,3373,12252,8965,8665,300,3287,,,,,,,,,,,,,,,,,,,,,,,,,,,,,,,,,,,,,,,,,,,,,,,,,,,,,,,,,,,,,,,,,,,,,,,,,,,
ACSSF,2010e1,co,000,0051,0000009,76234,27225,24529,2696,32732,28296,4436,1961,908,1053,4779,4446,333,9537,8706,831,74705,25696,15180,8824,7903,921,6356,10516,7485,6060,1425,3031,32732,16849,11278,10779,499,5571,15883,9200,8623,577,6683,1961,1084,974,745,229,110,877,877,679,198,0,4779,336,0,0,0,336,4443,1002,943,59,3441,9537,3702,2277,1997,280,1425,5835,4370,4290,80,1465,,,,,,,,,,,,,,,,,,,,,,,,,,,,,,,,,,,,,,,,,,,,,,,,,,,,,,,,,,,,,,,,,,,,,,,,,,,
ACSSF,2010e1,co,000,0051,0000010,151205,44575,38541,6034,83885,75363,8522,2780,1958,822,5060,4559,501,14905,13683,1222,149612,42982,27435,18822,15647,3175,8613,15547,8860,8319,541,6687,83885,42379,31507,29041,2466,10872,41506,27906,26635,1271,13600,2780,1853,1396,1356,40,457,927,743,743,0,184,5060,1744,587,587,0,1157,3316,1026,946,80,2290,14905,8488,6540,5991,549,1948,6417,4595,4375,220,1822,,,,,,,,,,,,,,,,,,,,,,,,,,,,,,,,,,,,,,,,,,,,,,,,,,,,,,,,,,,,,,,,,,,,,,,,,,,
ACSSF,2010e1,co,000,0051,0000011,329205,89092,82622,6470,174860,159953,14907,5704,5236,468,19610,18337,1273,39939,37748,2191,323550,83437,51264,34950,29391,5559,16314,32173,22615,20692,1923,9558,174860,89270,66559,61744,4815,22711,85590,53900,50677,3223,31690,5704,2535,1912,1614,298,623,3169,2317,1855,462,852,19610,4738,1111,1055,56,3627,14872,3077,2377,700,11795,39939,20030,13346,11577,1769,6684,19909,14546,13141,1405,5363,,,,,,,,,,,,,,,,,,,,,,,,,,,,,,,,,,,,,,,,,,,,,,,,,,,,,,,,,,,,,,,,,,,,,,,,,,,
ACSSF,2010e1,co,000,0051,0000012,556644,160892,145692,15200,291477,263612,27865,10445,8102,2343,29449,27342,2107,64381,60137,4244,547867,152115,93879,62596,52941,9655,31283,58236,38960,35071,3889,19276,291477,148498,109344,101564,7780,39154,142979,91006,85935,5071,51973,10445,5472,4282,3715,567,1190,4973,3937,3277,660,1036,29449,6818,1698,1642,56,5120,22631,5105,4266,839,17526,64381,32220,22163,19565,2598,10057,32161,23511,21806,1705,8650,,,,,,,,,,,,,,,,,,,,,,,,,,,,,,,,,,,,,,,,,,,,,,,,,,,,,,,,,,,,,,,,,,,,,,,,,,,
ACSSF,2010e1,co,000,0051,0000013,335681,101409,84508,16901,175715,137442,38273,6819,4980,1839,12806,10275,2531,38932,34478,4454,329430,95158,51849,39515,31559,7956,12334,43309,29886,26381,3505,13423,175715,89922,73120,66551,6569,16802,85793,53102,47625,5477,32691,6819,2825,2276,1764,512,549,3994,3045,2912,133,949,12806,2159,688,569,119,1471,10647,3031,2777,254,7616,38932,17849,12828,11624,1204,5021,21083,15615,14731,884,5468,,,,,,,,,,,,,,,,,,,,,,,,,,,,,,,,,,,,,,,,,,,,,,,,,,,,,,,,,,,,,,,,,,,,,,,,,,,
ACSSF,2010e1,co,000,0051,0000014,452384,138452,117941,20511,231429,181518,49911,9317,6561,2756,20471,16761,3710,52715,46429,6286,445129,131447,70410,53608,45747,7861,16802,61037,44619,38974,5645,16418,231179,115368,95464,90056,5408,19904,115811,76280,71526,4754,39531,9317,3679,3221,2722,499,458,5638,4037,3545,492,1601,20471,3681,806,766,40,2875,16790,3586,3102,484,13204,52715,22632,17834,15705,2129,4798,30083,22832,20311,2521,7251,,,,,,,,,,,,,,,,,,,,,,,,,,,,,,,,,,,,,,,,,,,,,,,,,,,,,,,,,,,,,,,,,,,,,,,,,,,
ACSSF,2010e1,co,000,0051,0000015,242709,88297,80569,7728,118671,102560,16111,2912,2542,370,8383,7400,983,24446,22079,2367,239466,85131,47455,34222,29170,5052,13233,37676,26403,23678,2725,11273,118594,59090,47367,44313,3054,11723,59504,38627,36095,2532,20877,2912,1561,1325,1325,0,236,1351,1247,1178,69,104,8383,1882,714,655,59,1168,6501,840,802,38,5661,24446,9126,7617,7059,558,1509,15320,10526,9553,973,4794,,,,,,,,,,,,,,,,,,,,,,,,,,,,,,,,,,,,,,,,,,,,,,,,,,,,,,,,,,,,,,,,,,,,,,,,,,,
ACSSF,2010e1,co,000,0051,0000016,492280,205875,177063,28812,189632,142381,47251,10995,8075,2920,23857,19493,4364,61921,54000,7921,486146,199810,108545,84542,70614,13928,24003,91265,68921,60096,8825,22344,189632,96086,77013,70862,6151,19073,93546,60295,55012,5283,33251,10995,4814,3835,3219,616,979,6181,3784,3114,670,2397,23857,6861,1548,1548,0,5313,16996,2440,2341,99,14556,61852,25994,17710,15280,2430,8284,35858,23316,20368,2948,12542,,,,,,,,,,,,,,,,,,,,,,,,,,,,,,,,,,,,,,,,,,,,,,,,,,,,,,,,,,,,,,,,,,,,,,,,,,,
ACSSF,2010e1,co,000,0051,0000017,213384,42468,41197,1271,146124,131667,14457,1158,1158,0,5818,5039,779,17816,16734,1082,209717,38801,20914,14296,12425,1871,6618,17887,11628,11071,557,6259,146124,72363,62945,59736,3209,9418,73761,50923,48339,2584,22838,1158,540,540,459,81,0,618,618,618,0,0,5818,1101,290,290,0,811,4717,992,992,0,3725,17816,7719,6909,6163,746,810,10097,8127,7818,309,1970,,,,,,,,,,,,,,,,,,,,,,,,,,,,,,,,,,,,,,,,,,,,,,,,,,,,,,,,,,,,,,,,,,,,,,,,,,,
ACSSF,2010e1,co,000,0051,0000018,490629,137942,130665,7277,260575,236090,24485,10335,7688,2647,21761,18827,2934,60016,56239,3777,481680,128993,75983,58326,49074,9252,17657,53010,37340,32294,5046,15670,260575,129042,101960,95410,6550,27082,131533,78780,72685,6095,52753,10335,5403,4819,4210,609,584,4932,3345,2996,349,1587,21761,4049,976,708,268,3073,17712,4010,3689,321,13702,60016,23865,17468,15842,1626,6397,36151,26330,24408,1922,9821,,,,,,,,,,,,,,,,,,,,,,,,,,,,,,,,,,,,,,,,,,,,,,,,,,,,,,,,,,,,,,,,,,,,,,,,,,,
ACSSF,2010e1,co,000,0051,0000019,438512,118192,112558,5634,237753,215315,22438,6922,5967,955,19612,18636,976,56033,52832,3201,431282,111020,61020,43799,35295,8504,17221,50000,34851,30314,4537,15149,237695,120275,94023,87945,6078,26252,117420,76232,71343,4889,41188,6922,2599,2165,1737,428,434,4323,3659,2904,755,664,19612,4272,1050,881,169,3222,15340,2950,2761,189,12390,56033,24191,18689,17324,1365,5502,31842,23121,21355,1766,8721,,,,,,,,,,,,,,,,,,,,,,,,,,,,,,,,,,,,,,,,,,,,,,,,,,,,,,,,,,,,,,,,,,,,,,,,,,,
ACSSF,2010e1,co,000,0051,0000020,248082,82865,79849,3016,126517,118557,7960,2844,2599,245,9856,9107,749,26000,24189,1811,243792,78575,43746,30585,24408,6177,13161,34829,24805,21320,3485,10024,126517,62895,50159,47317,2842,12736,63622,40501,38695,1806,23121,2844,904,684,621,63,220,1940,1298,1126,172,642,9856,2273,312,312,0,1961,7583,1769,1720,49,5814,26000,10887,8046,6822,1224,2841,15113,9860,9339,521,5253,,,,,,,,,,,,,,,,,,,,,,,,,,,,,,,,,,,,,,,,,,,,,,,,,,,,,,,,,,,,,,,,,,,,,,,,,,,
ACSSF,2010e1,co,000,0051,0000021,117697,31577,30769,808,58933,54892,4041,2064,2064,0,6462,6275,187,18661,17985,676,115626,29506,17376,10865,9063,1802,6511,12130,8314,7490,824,3816,58933,29166,21752,19494,2258,7414,29767,17226,16439,787,12541,2064,626,509,509,0,117,1438,643,570,73,795,6462,1634,414,414,0,1220,4828,497,448,49,4331,18661,8589,5393,4364,1029,3196,10072,6324,5658,666,3748,,,,,,,,,,,,,,,,,,,,,,,,,,,,,,,,,,,,,,,,,,,,,,,,,,,,,,,,,,,,,,,,,,,,,,,,,,,
ACSSF,2010e1,co,000,0051,0000022,127495,40979,38731,2248,57503,54279,3224,3113,2961,152,9231,9021,210,16669,16212,457,124683,38167,20139,13541,10141,3400,6598,18028,12317,10119,2198,5711,57503,30016,18394,17124,1270,11622,27487,15563,14747,816,11924,3113,1036,741,741,0,295,2077,1167,961,206,910,9231,2082,659,437,222,1423,7149,1519,1341,178,5630,16669,6473,3870,3223,647,2603,10196,6246,5628,618,3950,,,,,,,,,,,,,,,,,,,,,,,,,,,,,,,,,,,,,,,,,,,,,,,,,,,,,,,,,,,,,,,,,,,,,,,,,,,
ACSSF,2010e1,co,000,0051,0000023,194753,56981,52082,4899,103068,87798,15270,3852,3419,433,8066,7585,481,22786,21338,1448,190878,53136,28594,19108,15653,3455,9486,24542,17230,15252,1978,7312,103038,51960,41813,39473,2340,10147,51078,31944,29659,2285,19134,3852,1436,928,914,14,508,2416,1569,1524,45,847,8066,1135,312,214,98,823,6931,1763,1628,135,5168,22786,11606,8383,7480,903,3223,11180,7760,7087,673,3420,,,,,,,,,,,,,,,,,,,,,,,,,,,,,,,,,,,,,,,,,,,,,,,,,,,,,,,,,,,,,,,,,,,,,,,,,,,
ACSSF,2010e1,co,000,0051,0000024,86502,23214,21456,1758,46329,42987,3342,903,728,175,4608,4375,233,11448,11012,436,85138,21850,12000,8383,6233,2150,3617,9850,7210,6552,658,2640,46329,23305,18954,17941,1013,4351,23024,15431,14436,995,7593,903,233,233,233,0,0,670,612,372,240,58,4608,972,317,317,0,655,3636,536,472,64,3100,11448,5673,4646,4203,443,1027,5775,4201,3507,694,1574,,,,,,,,,,,,,,,,,,,,,,,,,,,,,,,,,,,,,,,,,,,,,,,,,,,,,,,,,,,,,,,,,,,,,,,,,,,
ACSSF,2010e1,co,000,0051,0000025,247099,80566,62109,18457,117709,79077,38632,7119,4797,2322,11599,8910,2689,30106,24773,5333,243296,77013,42781,33427,28006,5421,9354,34232,24463,20151,4312,9769,117459,59216,49340,44917,4423,9876,58243,38733,35763,2970,19510,7119,2935,2472,2147,325,463,4184,3460,3120,340,724,11599,2110,487,328,159,1623,9489,2334,2046,288,7155,30106,12738,10336,9065,1271,2402,17368,13355,12103,1252,4013,,,,,,,,,,,,,,,,,,,,,,,,,,,,,,,,,,,,,,,,,,,,,,,,,,,,,,,,,,,,,,,,,,,,,,,,,,,
ACSSF,2010e1,co,000,0051,0000026,85140,44562,41045,3517,29893,25045,4848,645,529,116,3133,2507,626,6907,5807,1100,84677,44099,23733,15736,13457,2279,7997,20366,13563,12167,1396,6803,29893,15047,11801,11342,459,3246,14846,9575,9003,572,5271,645,332,269,269,0,63,313,313,313,0,0,3133,291,102,102,0,189,2842,273,273,0,2569,6907,2468,1904,1626,278,564,4439,2409,2185,224,2030,,,,,,,,,,,,,,,,,,,,,,,,,,,,,,,,,,,,,,,,,,,,,,,,,,,,,,,,,,,,,,,,,,,,,,,,,,,
ACSSF,2010e1,co,000,0051,0000027,81264,20089,19260,829,49799,43732,6067,983,983,0,3217,2663,554,7176,6737,439,79502,18327,9438,6907,5582,1325,2531,8889,6151,5681,470,2738,49799,24739,20017,19381,636,4722,25060,16721,16068,653,8339,983,618,482,256,226,136,365,56,56,0,309,3217,739,63,63,0,676,2478,551,409,142,1927,7176,2550,2172,1962,210,378,4626,3280,2950,330,1346,,,,,,,,,,,,,,,,,,,,,,,,,,,,,,,,,,,,,,,,,,,,,,,,,,,,,,,,,,,,,,,,,,,,,,,,,,,
ACSSF,2010e1,co,000,0051,0000028,331920,93618,87170,6448,170903,152415,18488,7742,5353,2389,15730,13580,2150,43927,41037,2890,326632,88330,48368,38001,31270,6731,10367,39962,28916,24671,4245,11046,170903,84613,66552,61278,5274,18061,86290,53831,49658,4173,32459,7742,4109,3884,3737,147,225,3633,2667,2441,226,966,15730,2494,359,300,59,2135,13236,2666,2412,254,10570,43927,16398,11811,10480,1331,4587,27529,19701,18394,1307,7828,,,,,,,,,,,,,,,,,,,,,,,,,,,,,,,,,,,,,,,,,,,,,,,,,,,,,,,,,,,,,,,,,,,,,,,,,,,
ACSSF,2010e1,co,000,0051,0000029,492280,205875,177063,28812,189632,142381,47251,10995,8075,2920,23857,19493,4364,61921,54000,7921,486146,199810,108545,84542,70614,13928,24003,91265,68921,60096,8825,22344,189632,96086,77013,70862,6151,19073,93546,60295,55012,5283,33251,10995,4814,3835,3219,616,979,6181,3784,3114,670,2397,23857,6861,1548,1548,0,5313,16996,2440,2341,99,14556,61852,25994,17710,15280,2430,8284,35858,23316,20368,2948,12542,,,,,,,,,,,,,,,,,,,,,,,,,,,,,,,,,,,,,,,,,,,,,,,,,,,,,,,,,,,,,,,,,,,,,,,,,,,
ACSSF,2010e1,co,000,0051,0000030,120834,53894,51710,2184,51278,46288,4990,984,844,140,3549,3424,125,11129,10121,1008,118832,51892,28732,19738,16100,3638,8994,23160,16969,14487,2482,6191,51278,25406,20927,20088,839,4479,25872,17100,16494,606,8772,984,149,95,95,0,54,835,620,516,104,215,3549,636,107,107,0,529,2913,484,484,0,2429,11129,4306,3085,2757,328,1221,6823,4329,4045,284,2494,,,,,,,,,,,,,,,,,,,,,,,,,,,,,,,,,,,,,,,,,,,,,,,,,,,,,,,,,,,,,,,,,,,,,,,,,,,
ACSSF,2010e1,co,000,0051,0000031,73805,25053,22982,2071,34491,27106,7385,1408,1357,51,2823,2661,162,10030,9244,786,72498,23746,11702,6814,5008,1806,4888,12044,8467,7526,941,3577,34491,17404,14050,13137,913,3354,17087,10174,9267,907,6913,1408,797,289,289,0,508,611,555,555,0,56,2823,145,0,0,0,145,2678,608,541,67,2070,10030,4719,3309,3036,273,1410,5311,3233,3034,199,2078,,,,,,,,,,,,,,,,,,,,,,,,,,,,,,,,,,,,,,,,,,,,,,,,,,,,,,,,,,,,,,,,,,,,,,,,,,,
ACSSF,2010e1,co,000,0051,0000032,70702,15847,15207,640,46948,42693,4255,398,398,0,2162,1922,240,5347,5049,298,69137,14282,8087,6169,5018,1151,1918,6195,3564,3445,119,2631,46948,22895,20525,19790,735,2370,24053,16376,15324,1052,7677,398,332,332,332,0,0,66,66,66,0,0,2162,416,205,205,0,211,1746,352,352,0,1394,5347,2176,2042,1946,96,134,3171,2580,2511,69,591,,,,,,,,,,,,,,,,,,,,,,,,,,,,,,,,,,,,,,,,,,,,,,,,,,,,,,,,,,,,,,,,,,,,,,,,,,,
ACSSF,2010e1,co,000,0051,0000033,120084,35089,32810,2279,58630,49155,9475,3082,2421,661,6441,6251,190,16842,15525,1317,118193,33198,18162,13508,10913,2595,4654,15036,10360,8677,1683,4676,58630,29783,21094,19597,1497,8689,28847,17039,15602,1437,11808,3082,1121,825,643,182,296,1961,1574,1322,252,387,6441,1895,275,159,116,1620,4546,643,575,68,3903,16842,6852,4556,3990,566,2296,9990,6955,6433,522,3035,,,,,,,,,,,,,,,,,,,,,,,,,,,,,,,,,,,,,,,,,,,,,,,,,,,,,,,,,,,,,,,,,,,,,,,,,,,
ACSSF,2010e1,co,000,0051,0000034,67387,19427,17091,2336,34957,28805,6152,1416,1384,32,3251,2958,293,8336,7505,831,66160,18200,10129,7856,6535,1321,2273,8071,6208,5636,572,1863,34957,17422,14066,12505,1561,3356,17535,10906,9957,949,6629,1416,832,737,737,0,95,584,584,515,69,0,3251,1137,452,393,59,685,2114,294,256,38,1820,8336,2835,2286,2052,234,549,5501,4170,3619,551,1331,,,,,,,,,,,,,,,,,,,,,,,,,,,,,,,,,,,,,,,,,,,,,,,,,,,,,,,,,,,,,,,,,,,,,,,,,,,
ACSSF,2010e1,co,000,0051,0000035,52927,14988,14583,405,26881,26021,860,954,903,51,3939,3531,408,6165,5928,237,52175,14236,7818,6487,5114,1373,1331,6418,3949,3858,91,2469,26881,13284,10904,10039,865,2380,13597,8789,8070,719,4808,954,405,337,274,63,68,549,274,274,0,275,3939,751,118,118,0,633,3188,883,834,49,2305,6165,1706,1630,1376,254,76,4459,3057,2820,237,1402,,,,,,,,,,,,,,,,,,,,,,,,,,,,,,,,,,,,,,,,,,,,,,,,,,,,,,,,,,,,,,,,,,,,,,,,,,,
ACSSF,2010e1,co,000,0051,0000036,84988,30077,28281,1796,34303,32307,1996,2782,2630,152,6111,5973,138,11715,11414,301,83080,28169,15075,10195,7614,2581,4880,13094,9524,7612,1912,3570,34303,17989,10805,10053,752,7184,16314,9025,8877,148,7289,2782,1036,741,741,0,295,1746,917,711,206,829,6111,1275,435,269,166,840,4836,1071,893,178,3765,11715,4638,2683,2242,441,1955,7077,4279,3993,286,2798,,,,,,,,,,,,,,,,,,,,,,,,,,,,,,,,,,,,,,,,,,,,,,,,,,,,,,,,,,,,,,,,,,,,,,,,,,,
ACSSF,2010e1,co,000,0051,0000037,89766,26230,22617,3613,48202,41247,6955,1978,1819,159,2780,2098,682,10576,9850,726,88632,25096,12750,9196,7590,1606,3554,12346,8264,7654,610,4082,48202,24305,20069,19082,987,4236,23897,16241,14972,1269,7656,1978,821,639,511,128,182,1157,703,643,60,454,2780,217,106,106,0,111,2563,899,839,60,1664,10576,4889,3612,3412,200,1277,5687,4564,4452,112,1123,,,,,,,,,,,,,,,,,,,,,,,,,,,,,,,,,,,,,,,,,,,,,,,,,,,,,,,,,,,,,,,,,,,,,,,,,,,
ACSSF,2010e1,co,000,0051,0000038,83679,26228,23252,2976,40584,34403,6181,2195,1265,930,3509,3339,170,11163,9894,1269,82416,24965,13796,11416,9620,1796,2380,11169,8301,7266,1035,2868,40584,20799,16981,15053,1928,3818,19785,13019,11957,1062,6766,2195,842,666,472,194,176,1353,915,915,0,438,3509,479,214,214,0,265,3030,610,610,0,2420,11163,4570,3926,3625,301,644,6593,4591,4291,300,2002,,,,,,,,,,,,,,,,,,,,,,,,,,,,,,,,,,,,,,,,,,,,,,,,,,,,,,,,,,,,,,,,,,,,,,,,,,,
ACSSF,2010e1,co,000,0051,0000039,85140,44562,41045,3517,29893,25045,4848,645,529,116,3133,2507,626,6907,5807,1100,84677,44099,23733,15736,13457,2279,7997,20366,13563,12167,1396,6803,29893,15047,11801,11342,459,3246,14846,9575,9003,572,5271,645,332,269,269,0,63,313,313,313,0,0,3133,291,102,102,0,189,2842,273,273,0,2569,6907,2468,1904,1626,278,564,4439,2409,2185,224,2030,,,,,,,,,,,,,,,,,,,,,,,,,,,,,,,,,,,,,,,,,,,,,,,,,,,,,,,,,,,,,,,,,,,,,,,,,,,
ACSSF,2010e1,co,000,0051,0000040,331920,93618,87170,6448,170903,152415,18488,7742,5353,2389,15730,13580,2150,43927,41037,2890,326632,88330,48368,38001,31270,6731,10367,39962,28916,24671,4245,11046,170903,84613,66552,61278,5274,18061,86290,53831,49658,4173,32459,7742,4109,3884,3737,147,225,3633,2667,2441,226,966,15730,2494,359,300,59,2135,13236,2666,2412,254,10570,43927,16398,11811,10480,1331,4587,27529,19701,18394,1307,7828,,,,,,,,,,,,,,,,,,,,,,,,,,,,,,,,,,,,,,,,,,,,,,,,,,,,,,,,,,,,,,,,,,,,,,,,,,,
ACSSF,2010e1,co,000,0051,0000041,247099,80566,62109,18457,117709,79077,38632,7119,4797,2322,11599,8910,2689,30106,24773,5333,243296,77013,42781,33427,28006,5421,9354,34232,24463,20151,4312,9769,117459,59216,49340,44917,4423,9876,58243,38733,35763,2970,19510,7119,2935,2472,2147,325,463,4184,3460,3120,340,724,11599,2110,487,328,159,1623,9489,2334,2046,288,7155,30106,12738,10336,9065,1271,2402,17368,13355,12103,1252,4013,,,,,,,,,,,,,,,,,,,,,,,,,,,,,,,,,,,,,,,,,,,,,,,,,,,,,,,,,,,,,,,,,,,,,,,,,,,
ACSSF,2010e1,co,000,0051,0000042,492280,205875,177063,28812,189632,142381,47251,10995,8075,2920,23857,19493,4364,61921,54000,7921,486146,199810,108545,84542,70614,13928,24003,91265,68921,60096,8825,22344,189632,96086,77013,70862,6151,19073,93546,60295,55012,5283,33251,10995,4814,3835,3219,616,979,6181,3784,3114,670,2397,23857,6861,1548,1548,0,5313,16996,2440,2341,99,14556,61852,25994,17710,15280,2430,8284,35858,23316,20368,2948,12542,,,,,,,,,,,,,,,,,,,,,,,,,,,,,,,,,,,,,,,,,,,,,,,,,,,,,,,,,,,,,,,,,,,,,,,,,,,
ACSSF,2010e1,co,000,0051,0000043,120834,53894,51710,2184,51278,46288,4990,984,844,140,3549,3424,125,11129,10121,1008,118832,51892,28732,19738,16100,3638,8994,23160,16969,14487,2482,6191,51278,25406,20927,20088,839,4479,25872,17100,16494,606,8772,984,149,95,95,0,54,835,620,516,104,215,3549,636,107,107,0,529,2913,484,484,0,2429,11129,4306,3085,2757,328,1221,6823,4329,4045,284,2494,,,,,,,,,,,,,,,,,,,,,,,,,,,,,,,,,,,,,,,,,,,,,,,,,,,,,,,,,,,,,,,,,,,,,,,,,,,
ACSSF,2010e1,co,000,0051,0000044,52927,14988,14583,405,26881,26021,860,954,903,51,3939,3531,408,6165,5928,237,52175,14236,7818,6487,5114,1373,1331,6418,3949,3858,91,2469,26881,13284,10904,10039,865,2380,13597,8789,8070,719,4808,954,405,337,274,63,68,549,274,274,0,275,3939,751,118,118,0,633,3188,883,834,49,2305,6165,1706,1630,1376,254,76,4459,3057,2820,237,1402,,,,,,,,,,,,,,,,,,,,,,,,,,,,,,,,,,,,,,,,,,,,,,,,,,,,,,,,,,,,,,,,,,,,,,,,,,,
ACSSF,2010e1,co,000,0051,0000045,73805,25053,22982,2071,34491,27106,7385,1408,1357,51,2823,2661,162,10030,9244,786,72498,23746,11702,6814,5008,1806,4888,12044,8467,7526,941,3577,34491,17404,14050,13137,913,3354,17087,10174,9267,907,6913,1408,797,289,289,0,508,611,555,555,0,56,2823,145,0,0,0,145,2678,608,541,67,2070,10030,4719,3309,3036,273,1410,5311,3233,3034,199,2078,,,,,,,,,,,,,,,,,,,,,,,,,,,,,,,,,,,,,,,,,,,,,,,,,,,,,,,,,,,,,,,,,,,,,,,,,,,
ACSSF,2010e1,co,000,0051,0000046,84988,30077,28281,1796,34303,32307,1996,2782,2630,152,6111,5973,138,11715,11414,301,83080,28169,15075,10195,7614,2581,4880,13094,9524,7612,1912,3570,34303,17989,10805,10053,752,7184,16314,9025,8877,148,7289,2782,1036,741,741,0,295,1746,917,711,206,829,6111,1275,435,269,166,840,4836,1071,893,178,3765,11715,4638,2683,2242,441,1955,7077,4279,3993,286,2798,,,,,,,,,,,,,,,,,,,,,,,,,,,,,,,,,,,,,,,,,,,,,,,,,,,,,,,,,,,,,,,,,,,,,,,,,,,
ACSSF,2010e1,co,000,0051,0000047,543933,226082,195029,31053,209079,158860,50219,12290,9047,3243,27156,22516,4640,69326,60890,8436,537216,219434,119061,93209,78334,14875,25852,100373,75700,66260,9440,24673,209079,105932,84627,78078,6549,21305,103147,65701,60156,5545,37446,12290,5234,4255,3639,616,979,7056,4312,3582,730,2744,27156,7481,1873,1873,0,5608,19675,2793,2694,99,16882,69257,29808,20400,17665,2735,9408,39449,26219,22658,3561,13230,,,,,,,,,,,,,,,,,,,,,,,,,,,,,,,,,,,,,,,,,,,,,,,,,,,,,,,,,,,,,,,,,,,,,,,,,,,
ACSSF,2010e1,co,000,0051,0000048,581685,195013,175064,19949,292578,250457,42121,8818,6912,1906,20754,17348,3406,64522,58159,6363,573237,186642,104169,80659,67548,13111,23510,82473,58612,53362,5250,23861,292501,147530,120542,111714,8828,26988,144971,96853,90637,6216,48118,8818,3424,2978,2324,654,446,5394,4112,3956,156,1282,20754,3760,1645,1645,0,2115,16994,4133,3821,312,12861,64522,27579,22719,20794,1925,4860,36943,27017,25291,1726,9926,,,,,,,,,,,,,,,,,,,,,,,,,,,,,,,,,,,,,,,,,,,,,,,,,,,,,,,,,,,,,,,,,,,,,,,,,,,
ACSSF,2010e1,co,000,0051,0000049,570253,159100,150815,8285,292072,269459,22613,10282,9728,554,32432,30882,1550,76367,72946,3421,560821,149668,86459,58548,47164,11384,27911,63209,44089,39015,5074,19120,292072,148252,105370,97031,8339,42882,143820,87157,81690,5467,56663,10282,3950,3167,2947,220,783,6332,3788,3311,477,2544,32432,7570,2112,1834,278,5458,24862,4823,4185,638,20039,76367,36054,24309,20435,3874,11745,40313,27588,25113,2475,12725,,,,,,,,,,,,,,,,,,,,,,,,,,,,,,,,,,,,,,,,,,,,,,,,,,,,,,,,,,,,,,,,,,,,,,,,,,,
ACSSF,2010e1,co,000,0051,0000050,582341,179966,166329,13637,299579,268159,31420,10642,8713,1929,27359,25275,2084,64795,60253,4542,570099,167754,94082,63505,52013,11492,30577,73672,52017,44655,7362,21655,299549,149891,118658,111732,6926,31233,149658,94122,88996,5126,55536,10642,4769,3567,3221,346,1202,5873,4569,3874,695,1304,27359,5814,1202,1045,157,4612,21545,4583,4276,307,16962,64795,28618,20420,18215,2205,8198,36177,24960,23014,1946,11217,,,,,,,,,,,,,,,,,,,,,,,,,,,,,,,,,,,,,,,,,,,,,,,,,,,,,,,,,,,,,,,,,,,,,,,,,,,
ACSSF,2010e1,co,000,0051,0000051,578934,164340,154377,9963,306083,279736,26347,12055,9120,2935,26137,23193,2944,70319,66424,3895,569147,154553,92804,64533,54407,10126,28271,61749,40816,35387,5429,20933,306083,153072,116564,108588,7976,36508,153011,91200,84534,6666,61811,12055,6623,5519,4832,687,1104,5432,3540,3191,349,1892,26137,5115,976,708,268,4139,21022,5038,4375,663,15984,70319,28987,20179,18116,2063,8808,41332,30239,27818,2421,11093,,,,,,,,,,,,,,,,,,,,,,,,,,,,,,,,,,,,,,,,,,,,,,,,,,,,,,,,,,,,,,,,,,,,,,,,,,,
ACSSF,2010e1,co,000,0051,0000052,630914,147655,141163,6492,394069,351562,42507,5652,5023,629,21157,18136,3021,62381,58682,3699,619670,136719,73186,51345,43687,7658,21841,63533,44485,39910,4575,19048,393761,196301,165953,158050,7903,30348,197460,133937,126736,7201,63523,5652,2335,1913,1606,307,422,3317,2627,2410,217,690,21157,4093,1116,1116,0,2977,17064,3375,3122,253,13689,62381,25248,21074,19234,1840,4174,37133,28996,27345,1651,8137,,,,,,,,,,,,,,,,,,,,,,,,,,,,,,,,,,,,,,,,,,,,,,,,,,,,,,,,,,,,,,,,,,,,,,,,,,,
ACSSF,2010e1,co,000,0051,0000053,533668,160978,134895,26083,267175,206691,60484,12407,8943,3464,24832,22151,2681,68276,60395,7881,525486,152796,85686,63429,51188,12241,22257,67110,47409,40548,6861,19701,267175,135571,106243,97972,8271,29328,131604,82423,75287,7136,49181,12407,4789,4048,3489,559,741,7618,6296,5296,1000,1322,24832,5363,1009,681,328,4354,19469,4470,3987,483,14999,68276,30920,22673,20229,2444,8247,37356,26493,23635,2858,10863,,,,,,,,,,,,,,,,,,,,,,,,,,,,,,,,,,,,,,,,,,,,,,,,,,,,,,,,,,,,,,,,,,,,,,,,,,,
ACSSF,2010e1,co,000,0051,0000054,93996,25521,23394,2127,52624,45822,6802,1622,1404,218,4147,3522,625,10082,9258,824,92376,23901,15517,12712,11023,1689,2805,8384,6760,6237,523,1624,52624,26491,21137,19661,1476,5354,26133,16557,15440,1117,9576,1622,698,586,586,0,112,924,539,385,154,385,4147,1128,302,302,0,826,3019,739,503,236,2280,10082,5022,4225,3899,326,797,5060,4463,4114,349,597,,,,,,,,,,,,,,,,,,,,,,,,,,,,,,,,,,,,,,,,,,,,,,,,,,,,,,,,,,,,,,,,,,,,,,,,,,,
ACSSF,2010e1,co,000,0051,0000055,124885,29147,28323,824,73540,70133,3407,1694,1548,146,5850,5226,624,14654,13851,803,122455,26717,14879,10291,7617,2674,4588,11838,7645,6726,919,4193,73540,36672,29378,27448,1930,7294,36868,22911,21716,1195,13957,1694,628,462,399,63,166,1066,639,571,68,427,5850,1410,118,118,0,1292,4440,1203,1154,49,3237,14654,6702,5154,4258,896,1548,7952,5284,5047,237,2668,,,,,,,,,,,,,,,,,,,,,,,,,,,,,,,,,,,,,,,,,,,,,,,,,,,,,,,,,,,,,,,,,,,,,,,,,,,
ACSSF,2010e1,co,000,0051,0000056,113736,30119,29311,808,57218,53177,4041,1886,1886,0,6332,6145,187,18181,17505,676,111703,28086,16170,10044,8272,1772,6126,11916,8183,7359,824,3733,57218,28278,21064,18827,2237,7214,28940,16733,16020,713,12207,1886,571,454,454,0,117,1315,615,542,73,700,6332,1578,414,414,0,1164,4754,442,393,49,4312,18181,8353,5254,4225,1029,3099,9828,6159,5517,642,3669,,,,,,,,,,,,,,,,,,,,,,,,,,,,,,,,,,,,,,,,,,,,,,,,,,,,,,,,,,,,,,,,,,,,,,,,,,,
ACSSF,2010e1,co,000,0051,0000057,113260,51732,49602,2130,46595,42344,4251,943,844,99,3402,3277,125,10588,9580,1008,111500,49972,27603,19423,15920,3503,8180,22369,16538,14056,2482,5831,46595,23068,19028,18189,839,4040,23527,16138,15593,545,7389,943,149,95,95,0,54,794,579,475,104,215,3402,596,107,107,0,489,2806,484,484,0,2322,10588,3944,2771,2443,328,1173,6644,4205,3921,284,2439,,,,,,,,,,,,,,,,,,,,,,,,,,,,,,,,,,,,,,,,,,,,,,,,,,,,,,,,,,,,,,,,,,,,,,,,,,,
ACSSF,2010e1,co,000,0051,0000058,194900,57075,52176,4899,103068,87798,15270,3852,3419,433,8066,7585,481,22839,21391,1448,191025,53230,28648,19162,15707,3455,9486,24582,17270,15252,2018,7312,103038,51960,41813,39473,2340,10147,51078,31944,29659,2285,19134,3852,1436,928,914,14,508,2416,1569,1524,45,847,8066,1135,312,214,98,823,6931,1763,1628,135,5168,22839,11659,8436,7533,903,3223,11180,7760,7087,673,3420,,,,,,,,,,,,,,,,,,,,,,,,,,,,,,,,,,,,,,,,,,,,,,,,,,,,,,,,,,,,,,,,,,,,,,,,,,,
ACSSF,2010e1,co,000,0051,0000059,110141,30297,26356,3941,56457,52697,3760,3094,1789,1305,7422,6788,634,12871,12285,586,107012,27168,16850,9878,8634,1244,6972,10318,7058,5652,1406,3260,56457,28583,21737,21206,531,6846,27874,17675,17042,633,10199,3094,1624,1218,949,269,406,1470,1348,939,409,122,7422,1397,213,213,0,1184,6025,1195,1042,153,4830,12871,5890,3837,3670,167,2053,6981,5156,4754,402,1825,,,,,,,,,,,,,,,,,,,,,,,,,,,,,,,,,,,,,,,,,,,,,,,,,,,,,,,,,,,,,,,,,,,,,,,,,,,
ACSSF,2010e1,co,000,0051,0000060,79517,19584,18801,783,42227,39808,2419,1102,1052,50,5990,5831,159,10614,10049,565,78554,18621,11309,6613,5120,1493,4696,7312,4227,3762,465,3085,42227,21919,14836,14495,341,7083,20308,12164,11381,783,8144,1102,387,337,337,0,50,715,593,549,44,122,5990,1391,225,169,56,1166,4599,857,721,136,3742,10614,6202,3059,2851,208,3143,4412,2889,2448,441,1523,,,,,,,,,,,,,,,,,,,,,,,,,,,,,,,,,,,,,,,,,,,,,,,,,,,,,,,,,,,,,,,,,,,,,,,,,,,
ACSSF,2010e1,co,000,0051,0000061,122061,40195,37947,2248,53469,50288,3181,3113,2961,152,8843,8633,210,16441,15984,457,119249,37383,19737,13188,9838,3350,6549,17646,12194,9996,2198,5452,53469,27986,17237,15967,1270,10749,25483,14508,13804,704,10975,3113,1036,741,741,0,295,2077,1167,961,206,910,8843,2012,659,437,222,1353,6831,1500,1322,178,5331,16441,6400,3797,3150,647,2603,10041,6184,5605,579,3857,,,,,,,,,,,,,,,,,,,,,,,,,,,,,,,,,,,,,,,,,,,,,,,,,,,,,,,,,,,,,,,,,,,,,,,,,,,
ACSSF,2010e1,co,000,0051,0000062,139644,34074,32281,1793,76954,72003,4951,2562,2412,150,7006,6903,103,19048,18398,650,137900,32330,17941,10911,8593,2318,7030,14389,9928,8927,1001,4461,76954,38872,27299,24693,2606,11573,38082,23022,21069,1953,15060,2562,1299,1090,870,220,209,1263,886,886,0,377,7006,1742,637,637,0,1105,5264,1060,1021,39,4204,19048,9268,7223,5708,1515,2045,9780,6861,6441,420,2919,,,,,,,,,,,,,,,,,,,,,,,,,,,,,,,,,,,,,,,,,,,,,,,,,,,,,,,,,,,,,,,,,,,,,,,,,,,
ACSSF,2010e1,co,000,0051,0000063,111917,40072,35293,4779,57782,48176,9606,1820,1365,455,3011,2507,504,9232,7722,1510,110753,38908,24723,22046,18987,3059,2677,14185,10957,10532,425,3228,57782,29050,23999,22163,1836,5051,28732,21085,20173,912,7647,1820,984,984,984,0,0,836,770,717,53,66,3011,817,533,533,0,284,2194,565,548,17,1629,9232,3765,3384,3116,268,381,5467,4170,3992,178,1297,,,,,,,,,,,,,,,,,,,,,,,,,,,,,,,,,,,,,,,,,,,,,,,,,,,,,,,,,,,,,,,,,,,,,,,,,,,
ACSSF,2010e1,co,000,0051,0000064,96058,23182,22525,657,56854,53711,3143,1337,1263,74,2421,2283,138,12264,11734,530,94585,21709,13290,8869,7459,1410,4421,8419,5307,4321,986,3112,56854,28825,22030,20579,1451,6795,28029,18359,17351,1008,9670,1337,556,478,426,52,78,781,723,598,125,58,2421,771,202,149,53,569,1650,293,200,93,1357,12264,5356,4128,3941,187,1228,6908,4817,4659,158,2091,,,,,,,,,,,,,,,,,,,,,,,,,,,,,,,,,,,,,,,,,,,,,,,,,,,,,,,,,,,,,,,,,,,,,,,,,,,
ACSSF,2010e1,co,000,0051,0000065,104316,29609,25962,3647,56085,47938,8147,1647,1548,99,4246,3889,357,12729,11585,1144,102489,27782,15607,12448,10461,1987,3159,12175,9210,8014,1196,2965,56085,27811,22302,20264,2038,5509,28274,18473,17248,1225,9801,1647,899,804,804,0,95,748,748,679,69,0,4246,1328,530,471,59,798,2918,460,422,38,2458,12729,4451,3620,3386,234,831,8278,6365,5616,749,1913,,,,,,,,,,,,,,,,,,,,,,,,,,,,,,,,,,,,,,,,,,,,,,,,,,,,,,,,,,,,,,,,,,,,,,,,,,,
ACSSF,2010e1,co,000,0051,0000066,95413,47912,44216,3696,35586,30217,5369,731,615,116,3255,2629,626,7929,6774,1155,94815,47314,25674,16900,14219,2681,8774,21640,14377,12925,1452,7263,35586,17840,14054,13542,512,3786,17746,11152,10336,816,6594,731,372,309,309,0,63,359,313,313,0,46,3255,291,102,102,0,189,2964,273,273,0,2691,7929,3012,2448,2170,278,564,4917,2599,2375,224,2318,,,,,,,,,,,,,,,,,,,,,,,,,,,,,,,,,,,,,,,,,,,,,,,,,,,,,,,,,,,,,,,,,,,,,,,,,,,
ACSSF,2010e1,co,000,0051,0000067,96492,25641,24717,924,54782,48913,5869,1340,1204,136,3731,3302,429,10998,10287,711,94300,23526,13240,9692,7969,1723,3548,10286,8290,8077,213,1996,54705,27256,22613,21263,1350,4643,27449,18012,17363,649,9437,1340,474,474,280,194,0,866,763,763,0,103,3731,660,242,242,0,418,3071,592,592,0,2479,10998,4158,3648,3411,237,510,6840,5556,4704,852,1284,,,,,,,,,,,,,,,,,,,,,,,,,,,,,,,,,,,,,,,,,,,,,,,,,,,,,,,,,,,,,,,,,,,,,,,,,,,
ACSSF,2010e1,co,000,0051,0000068,94693,31732,28786,2946,44495,38164,6331,2106,1435,671,4903,4174,729,11457,10299,1158,92642,29681,15909,14067,11738,2329,1842,13772,10024,9120,904,3748,44495,22493,18158,16575,1583,4335,22002,14247,12862,1385,7755,2106,648,595,350,245,53,1458,1065,1065,0,393,4903,630,141,141,0,489,4273,1042,1042,0,3231,11457,5264,4315,4100,215,949,6193,4348,4178,170,1845,,,,,,,,,,,,,,,,,,,,,,,,,,,,,,,,,,,,,,,,,,,,,,,,,,,,,,,,,,,,,,,,,,,,,,,,,,,
ACSSF,2010e1,co,000,0051,0000069,99918,31370,26414,4956,51208,43056,8152,2148,1944,204,2797,2273,524,12395,11565,830,98074,29526,15237,10994,9325,1669,4243,14289,9952,9025,927,4337,51208,25898,21287,19468,1819,4611,25310,16749,15415,1334,8561,2148,961,779,564,215,182,1187,733,733,0,454,2797,402,106,106,0,296,2395,971,777,194,1424,12395,6049,4606,4280,326,1443,6346,4964,4852,112,1382,,,,,,,,,,,,,,,,,,,,,,,,,,,,,,,,,,,,,,,,,,,,,,,,,,,,,,,,,,,,,,,,,,,,,,,,,,,
ACSSF,2010e1,co,000,0051,0000070,115207,30624,25198,5426,65347,49518,15829,1860,1220,640,4535,3482,1053,12841,11295,1546,113349,28766,16319,11421,8748,2673,4898,12447,8485,7637,848,3962,65347,33768,27195,24903,2292,6573,31579,18528,16297,2231,13051,1860,855,682,682,0,173,1005,860,757,103,145,4535,1035,350,350,0,685,3500,957,897,60,2543,12841,6040,3783,3230,553,2257,6801,4702,4230,472,2099,,,,,,,,,,,,,,,,,,,,,,,,,,,,,,,,,,,,,,,,,,,,,,,,,,,,,,,,,,,,,,,,,,,,,,,,,,,
ACSSF,2010e1,co,000,0051,0000071,131972,32003,29511,2492,82902,68162,14740,823,823,0,3621,2579,1042,12623,11538,1085,129815,29846,16717,11955,10074,1881,4762,13129,9158,7748,1410,3971,82902,41487,37236,35717,1519,4251,41415,30227,28373,1854,11188,823,212,212,212,0,0,611,565,535,30,46,3621,657,131,131,0,526,2964,472,472,0,2492,12623,5305,4734,4503,231,571,7318,6116,5557,559,1202,,,,,,,,,,,,,,,,,,,,,,,,,,,,,,,,,,,,,,,,,,,,,,,,,,,,,,,,,,,,,,,,,,,,,,,,,,,
ACSSF,2010e1,co,000,0051,0000072,89150,31394,24084,7310,38932,26937,11995,3594,2306,1288,4097,3434,663,11133,8808,2325,87337,29831,15762,12086,10291,1795,3676,14069,9172,7690,1482,4897,38682,19352,16260,14550,1710,3092,19330,12370,11044,1326,6960,3594,1603,1140,1091,49,463,1991,1652,1312,340,339,4097,625,161,121,40,464,3472,1135,925,210,2337,11133,3980,3111,2315,796,869,7153,5402,4903,499,1751,,,,,,,,,,,,,,,,,,,,,,,,,,,,,,,,,,,,,,,,,,,,,,,,,,,,,,,,,,,,,,,,,,,,,,,,,,,
ACSSF,2010e1,co,000,0051,0000073,84098,30351,20795,9556,35111,16740,18371,2956,1922,1034,4781,3579,1202,10899,8593,2306,82869,29122,17429,14241,11458,2783,3188,11693,8980,6898,2082,2713,35111,17944,13849,11780,2069,4095,17167,10404,9657,747,6763,2956,1234,1234,958,276,0,1722,1337,1337,0,385,4781,1133,195,76,119,938,3648,824,746,78,2824,10899,5338,4249,3906,343,1089,5561,4115,3719,396,1446,,,,,,,,,,,,,,,,,,,,,,,,,,,,,,,,,,,,,,,,,,,,,,,,,,,,,,,,,,,,,,,,,,,,,,,,,,,
ACSSF,2010e1,co,000,0051,0000074,94609,25929,25047,882,53915,46957,6958,1215,1040,175,3543,3114,429,10007,9369,638,92844,24164,11907,8035,6665,1370,3872,12257,9258,8701,557,2999,53915,26962,21466,20770,696,5496,26953,17349,16705,644,9604,1215,606,470,244,226,136,609,125,125,0,484,3543,719,63,63,0,656,2824,774,578,196,2050,10007,3805,3090,2880,210,715,6202,4264,3899,365,1938,,,,,,,,,,,,,,,,,,,,,,,,,,,,,,,,,,,,,,,,,,,,,,,,,,,,,,,,,,,,,,,,,,,,,,,,,,,
ACSSF,2010e1,co,000,0051,0000075,119407,46663,38304,8359,50255,34342,15913,2895,2127,768,3498,2760,738,16096,13198,2898,117698,45023,24598,17206,12638,4568,7392,20425,15012,11720,3292,5413,50255,26076,21825,19916,1909,4251,24179,15772,14096,1676,8407,2895,1511,1116,890,226,395,1384,967,696,271,417,3498,1077,343,343,0,734,2421,637,637,0,1784,16027,7668,5273,4541,732,2395,8359,6096,5275,821,2263,,,,,,,,,,,,,,,,,,,,,,,,,,,,,,,,,,,,,,,,,,,,,,,,,,,,,,,,,,,,,,,,,,,,,,,,,,,
ACSSF,2010e1,co,000,0051,0000076,78569,37258,34074,3184,24443,19488,4955,1576,1328,248,4079,3284,795,11213,10428,785,78047,36736,19929,16424,14211,2213,3505,16807,12837,10869,1968,3970,24443,12043,10307,9853,454,1736,12400,9304,8804,500,3096,1576,689,689,513,176,0,887,492,261,231,395,4079,1282,112,112,0,1170,2797,360,360,0,2437,11213,4606,2258,1942,316,2348,6607,3908,3279,629,2699,,,,,,,,,,,,,,,,,,,,,,,,,,,,,,,,,,,,,,,,,,,,,,,,,,,,,,,,,,,,,,,,,,,,,,,,,,,
ACSSF,2010e1,co,000,0051,0000077,96227,47227,43874,3353,34083,31214,2869,918,918,0,3226,2429,797,10773,10327,446,95931,46931,25084,19707,17683,2024,5377,21847,18011,16855,1156,3836,34083,17511,13922,12905,1017,3589,16572,10441,9631,810,6131,918,255,186,186,0,69,663,118,118,0,545,3226,982,197,197,0,785,2244,214,162,52,2030,10773,4570,3393,3128,265,1177,6203,3578,3356,222,2625,,,,,,,,,,,,,,,,,,,,,,,,,,,,,,,,,,,,,,,,,,,,,,,,,,,,,,,,,,,,,,,,,,,,,,,,,,,
ACSSF,2010e1,co,000,0051,0000078,128283,51633,42963,8670,50989,36898,14091,3227,2425,802,7461,6150,1311,14973,12408,2565,126991,50341,27249,22913,20384,2529,4336,23092,17595,16477,1118,5497,50989,25699,19291,18309,982,6408,25290,16136,14926,1210,9154,3227,1226,881,881,0,345,2001,1197,1093,104,804,7461,1909,373,373,0,1536,5552,619,619,0,4933,14973,5187,3808,3278,530,1379,9786,6481,5814,667,3305,,,,,,,,,,,,,,,,,,,,,,,,,,,,,,,,,,,,,,,,,,,,,,,,,,,,,,,,,,,,,,,,,,,,,,,,,,,
ACSSF,2010e1,co,000,0051,0000079,92036,34054,27103,6951,37643,24413,13230,2933,1776,1157,6416,5459,957,10990,9351,1639,89669,31687,17696,13233,10477,2756,4463,13991,9381,7963,1418,4610,37643,18600,14479,12629,1850,4121,19043,10959,9441,1518,8084,2933,1402,1232,1018,214,170,1531,1295,1171,124,236,6416,1660,523,523,0,1137,4756,610,563,47,4146,10990,4949,3890,3303,587,1059,6041,4135,3462,673,1906,,,,,,,,,,,,,,,,,,,,,,,,,,,,,,,,,,,,,,,,,,,,,,,,,,,,,,,,,,,,,,,,,,,,,,,,,,,
ACSSF,2010e1,co,000,0051,0000080,91748,23521,21883,1638,50605,46223,4382,881,706,175,5006,4903,103,11735,11510,225,90487,22260,12663,8976,6770,2206,3687,9597,6838,6047,791,2759,50605,25469,20270,19184,1086,5199,25136,16127,15132,995,9009,881,256,184,184,0,72,625,567,327,240,58,5006,1001,390,390,0,611,4005,491,427,64,3514,11735,5713,4629,4235,394,1084,6022,4247,3667,580,1775,,,,,,,,,,,,,,,,,,,,,,,,,,,,,,,,,,,,,,,,,,,,,,,,,,,,,,,,,,,,,,,,,,,,,,,,,,,
ACSSF,2010e1,co,000,0051,0000081,83536,26154,24386,1768,39227,33799,5428,2309,1758,551,4840,4661,179,11006,10321,685,82332,24950,13008,9788,8193,1595,3220,11942,8159,7345,814,3783,39227,19825,14817,13844,973,5008,19402,12244,11214,1030,7158,2309,784,469,363,106,315,1525,1110,809,301,415,4840,1111,123,52,71,988,3729,840,840,0,2889,11006,4389,3417,3050,367,972,6617,4159,3896,263,2458,,,,,,,,,,,,,,,,,,,,,,,,,,,,,,,,,,,,,,,,,,,,,,,,,,,,,,,,,,,,,,,,,,,,,,,,,,,
ACSSF,2010e1,co,000,0051,0000082,112502,30732,29270,1462,60375,53493,6882,1739,1565,174,4637,4370,267,15019,13653,1366,110621,28851,16181,11939,9628,2311,4242,12670,8802,7365,1437,3868,60375,30565,23317,21746,1571,7248,29810,19297,17903,1394,10513,1739,569,522,446,76,47,1170,1125,1036,89,45,4637,1231,249,204,45,982,3406,955,887,68,2451,15019,6428,4324,4127,197,2104,8591,6710,6339,371,1881,,,,,,,,,,,,,,,,,,,,,,,,,,,,,,,,,,,,,,,,,,,,,,,,,,,,,,,,,,,,,,,,,,,,,,,,,,,
ACSSF,2010e1,co,000,0051,0000083,86449,24081,22009,2072,43188,39857,3331,1406,878,528,5556,5032,524,12218,11778,440,85208,22840,11280,9013,7460,1553,2267,11560,8505,7290,1215,3055,43188,21637,17121,16279,842,4516,21551,12709,12035,674,8842,1406,433,433,433,0,0,973,626,534,92,347,5556,833,375,375,0,458,4723,618,618,0,4105,12218,5460,3468,2673,795,1992,6758,5177,4340,837,1581,,,,,,,,,,,,,,,,,,,,,,,,,,,,,,,,,,,,,,,,,,,,,,,,,,,,,,,,,,,,,,,,,,,,,,,,,,,
ACSSF,2010e1,co,000,0051,0000084,103857,23561,22763,798,67103,61185,5918,459,459,0,3190,2904,286,9544,8957,587,101664,21426,11335,8703,7053,1650,2632,10091,6818,6214,604,3273,67045,33164,29072,27976,1096,4092,33881,24116,22818,1298,9765,459,332,332,332,0,0,127,127,127,0,0,3190,679,360,360,0,319,2511,468,468,0,2043,9544,4377,4017,3549,468,360,5167,4221,4082,139,946,,,,,,,,,,,,,,,,,,,,,,,,,,,,,,,,,,,,,,,,,,,,,,,,,,,,,,,,,,,,,,,,,,,,,,,,,,,
ACSSF,2010e1,co,000,0051,0000085,138866,25728,25187,541,96924,87260,9664,699,699,0,3557,3064,493,11958,11207,751,136815,23677,12689,7591,6921,670,5098,10988,7033,6703,330,3955,96924,48146,41611,39150,2461,6535,48778,33124,31719,1405,15654,699,208,208,127,81,0,491,491,491,0,0,3557,577,85,85,0,492,2980,640,640,0,2340,11958,4861,4260,3817,443,601,7097,5792,5552,240,1305,,,,,,,,,,,,,,,,,,,,,,,,,,,,,,,,,,,,,,,,,,,,,,,,,,,,,,,,,,,,,,,,,,,,,,,,,,,
ACSSF,2010e1,co,000,0051,0000086,119879,30810,30082,728,73988,70002,3986,1021,950,71,4255,3821,434,9805,9476,329,117370,28301,19470,14324,12957,1367,5146,8831,5703,5174,529,3128,73988,36175,29679,28674,1005,6496,37813,21257,19781,1476,16556,1021,563,331,260,71,232,458,259,259,0,199,4255,1438,617,408,209,821,2817,852,852,0,1965,9805,4077,3265,3265,0,812,5728,4702,4270,432,1026,,,,,,,,,,,,,,,,,,,,,,,,,,,,,,,,,,,,,,,,,,,,,,,,,,,,,,,,,,,,,,,,,,,,,,,,,,,
ACSSF,2010e1,co,000,0051,0000087,83881,23250,21741,1509,41591,39297,2294,1075,996,79,4688,4322,366,13277,12172,1105,82886,22255,12100,9849,7469,2380,2251,10155,7793,6699,1094,2362,41591,20280,15110,13999,1111,5170,21311,13974,12544,1430,7337,1075,536,490,490,0,46,539,209,209,0,330,4688,1021,200,141,59,821,3667,917,663,254,2750,13277,5595,3913,3475,438,1682,7682,5721,5300,421,1961,,,,,,,,,,,,,,,,,,,,,,,,,,,,,,,,,,,,,,,,,,,,,,,,,,,,,,,,,,,,,,,,,,,,,,,,,,,
ACSSF,2010e1,co,000,0051,0000088,82550,25235,24583,652,35447,32643,2804,3370,2276,1094,4679,4083,596,13819,13069,750,81673,24358,13685,9444,8174,1270,4241,10673,7499,6729,770,3174,35447,17719,12454,10376,2078,5265,17728,10129,9340,789,7599,3370,1801,1709,1606,103,92,1569,972,972,0,597,4679,804,105,105,0,699,3875,958,958,0,2917,13819,5330,3566,2983,583,1764,8489,5437,4997,440,3052,,,,,,,,,,,,,,,,,,,,,,,,,,,,,,,,,,,,,,,,,,,,,,,,,,,,,,,,,,,,,,,,,,,,,,,,,,,
ACSSF,2010e1,co,000,0051,0000089,119849,32230,30076,2154,69334,61169,8165,2639,2159,480,4101,3122,979,11545,10296,1249,117374,29755,16522,13761,11592,2169,2761,13233,9000,7563,1437,4233,69334,34384,29207,28276,931,5177,34950,22584,21392,1192,12366,2639,1341,1254,947,307,87,1298,1111,922,189,187,4101,544,54,54,0,490,3557,769,702,67,2788,11545,4237,3820,3589,231,417,7308,5749,5644,105,1559,,,,,,,,,,,,,,,,,,,,,,,,,,,,,,,,,,,,,,,,,,,,,,,,,,,,,,,,,,,,,,,,,,,,,,,,,,,
ACSSF,2010e1,co,000,0051,0000090,84470,26417,24183,2234,40215,32979,7236,2230,1307,923,4038,3479,559,11570,11226,344,82377,24324,14206,10948,8882,2066,3258,10118,7345,6129,1216,2773,40215,20484,15510,14085,1425,4974,19731,10836,9628,1208,8895,2230,1162,1035,907,128,127,1068,794,634,160,274,4038,242,0,0,0,242,3796,514,514,0,3282,11570,4626,2904,2530,374,1722,6944,4721,4197,524,2223,,,,,,,,,,,,,,,,,,,,,,,,,,,,,,,,,,,,,,,,,,,,,,,,,,,,,,,,,,,,,,,,,,,,,,,,,,,
ACSSF,2010e1,co,000,0051,0000091,93636,27017,24452,2565,50074,48103,1971,1324,1159,165,4601,4503,98,10620,10502,118,92887,26268,17284,6433,5731,702,10851,8984,3824,3340,484,5160,50074,26257,15987,14431,1556,10270,23817,13777,13084,693,10040,1324,824,304,226,78,520,500,195,195,0,305,4601,1348,84,84,0,1264,3253,1152,810,342,2101,10620,5178,2697,2228,469,2481,5442,4299,3786,513,1143,,,,,,,,,,,,,,,,,,,,,,,,,,,,,,,,,,,,,,,,,,,,,,,,,,,,,,,,,,,,,,,,,,,,,,,,,,,
ACSSF,2010e1,co,000,0051,0000092,79145,24826,24016,810,46409,42636,3773,838,751,87,1998,1795,203,5074,4389,685,77351,23032,14827,12157,11500,657,2670,8205,5983,5383,600,2222,46409,22584,18484,17809,675,4100,23825,14384,13544,840,9441,838,576,285,241,44,291,262,262,262,0,0,1998,418,126,126,0,292,1580,168,168,0,1412,5074,2047,1704,1704,0,343,3027,2155,2002,153,872,,,,,,,,,,,,,,,,,,,,,,,,,,,,,,,,,,,,,,,,,,,,,,,,,,,,,,,,,,,,,,,,,,,,,,,,,,,
ACSSF,2010e1,co,000,0051,0000093,154721,53382,37357,16025,70573,41607,28966,5728,3669,2059,7165,5590,1575,17873,13831,4042,152330,50991,29071,23371,19104,4267,5700,21920,15745,12840,2905,6175,70573,35957,30477,27260,3217,5480,34616,22923,20796,2127,11693,5728,2678,2348,2088,260,330,3050,2426,2086,340,624,7165,1287,159,0,159,1128,5878,1614,1326,288,4264,17873,7477,5753,4896,857,1724,10396,8017,7056,961,2379,,,,,,,,,,,,,,,,,,,,,,,,,,,,,,,,,,,,,,,,,,,,,,,,,,,,,,,,,,,,,,,,,,,,,,,,,,,
ACSSF,2010e1,co,000,0051,0000094,180533,71799,66589,5210,83195,72877,10318,1607,1288,319,5822,4997,825,18110,16562,1548,178470,69813,38749,27323,23223,4100,11426,31064,21729,19789,1940,9335,83118,41416,33366,31950,1416,8050,41702,27925,26482,1443,13777,1607,699,636,636,0,63,908,804,804,0,104,5822,914,297,297,0,617,4908,490,490,0,4418,18110,7174,5973,5584,389,1201,10936,7037,6439,598,3899,,,,,,,,,,,,,,,,,,,,,,,,,,,,,,,,,,,,,,,,,,,,,,,,,,,,,,,,,,,,,,,,,,,,,,,,,,,
ACSSF,2010e1,co,000,0051,0000095,58786,13787,12593,1194,37039,32443,4596,380,380,0,1455,1175,280,6125,5528,597,58048,13049,7261,4603,3534,1069,2658,5788,4295,4175,120,1493,37039,19122,16018,14889,1129,3104,17917,11996,10852,1144,5921,380,166,92,92,0,74,214,179,179,0,35,1455,146,77,77,0,69,1309,211,211,0,1098,6125,3456,2375,2212,163,1081,2669,1875,1683,192,794,,,,,,,,,,,,,,,,,,,,,,,,,,,,,,,,,,,,,,,,,,,,,,,,,,,,,,,,,,,,,,,,,,,,,,,,,,,
ACSSF,2010e1,co,000,0051,0000096,214642,65589,60044,5545,116044,91185,24859,2502,2009,493,7211,5552,1659,23296,20774,2522,210759,61956,32173,22837,20765,2072,9336,29783,21719,19419,2300,8064,115794,57746,48758,46374,2384,8988,58048,39443,37148,2295,18605,2502,729,596,531,65,133,1773,1452,1392,60,321,7211,1435,515,515,0,920,5776,1008,1008,0,4768,23296,10120,8809,8332,477,1311,13176,9996,9225,771,3180,,,,,,,,,,,,,,,,,,,,,,,,,,,,,,,,,,,,,,,,,,,,,,,,,,,,,,,,,,,,,,,,,,,,,,,,,,,
ACSSF,2010e1,co,000,0051,0000097,188911,55517,52358,3159,87406,80116,7290,6115,4130,1985,10320,9297,1023,29553,27727,1826,186850,53456,30403,23760,19036,4724,6643,23053,15475,13436,2039,7578,87406,43579,32737,29059,3678,10842,43827,27404,24962,2442,16423,6115,2959,2821,2647,174,138,3156,2093,1777,316,1063,10320,1596,246,246,0,1350,8724,1936,1701,235,6788,29553,11492,7945,6548,1397,3547,18061,12359,11640,719,5702,,,,,,,,,,,,,,,,,,,,,,,,,,,,,,,,,,,,,,,,,,,,,,,,,,,,,,,,,,,,,,,,,,,,,,,,,,,
ACSSF,2010e1,co,000,0051,0000098,492280,205875,177063,28812,189632,142381,47251,10995,8075,2920,23857,19493,4364,61921,54000,7921,486146,199810,108545,84542,70614,13928,24003,91265,68921,60096,8825,22344,189632,96086,77013,70862,6151,19073,93546,60295,55012,5283,33251,10995,4814,3835,3219,616,979,6181,3784,3114,670,2397,23857,6861,1548,1548,0,5313,16996,2440,2341,99,14556,61852,25994,17710,15280,2430,8284,35858,23316,20368,2948,12542,,,,,,,,,,,,,,,,,,,,,,,,,,,,,,,,,,,,,,,,,,,,,,,,,,,,,,,,,,,,,,,,,,,,,,,,,,,
ACSSF,2010e1,co,000,0051,0000099,215082,42790,41519,1271,147310,132635,14675,1158,1158,0,5870,5091,779,17954,16872,1082,211415,39123,21089,14296,12425,1871,6793,18034,11628,11071,557,6406,147310,72959,63457,60248,3209,9502,74351,51283,48699,2584,23068,1158,540,540,459,81,0,618,618,618,0,0,5870,1153,342,342,0,811,4717,992,992,0,3725,17954,7800,6990,6244,746,810,10154,8184,7875,309,1970,,,,,,,,,,,,,,,,,,,,,,,,,,,,,,,,,,,,,,,,,,,,,,,,,,,,,,,,,,,,,,,,,,,,,,,,,,,
ACSSF,2010e1,co,000,0051,0000100,55425,13502,13156,346,33843,29725,4118,607,607,0,2435,1636,799,5038,4942,96,54177,12254,6450,5067,4278,789,1383,5804,4159,3413,746,1645,33843,16832,14957,14894,63,1875,17011,10929,10521,408,6082,607,330,330,67,263,0,277,277,277,0,0,2435,595,209,0,209,386,1840,604,604,0,1236,5038,2280,2076,1988,88,204,2758,2468,2468,0,290,,,,,,,,,,,,,,,,,,,,,,,,,,,,,,,,,,,,,,,,,,,,,,,,,,,,,,,,,,,,,,,,,,,,,,,,,,,
ACSSF,2010e1,co,000,0051,0000101,155087,59766,57351,2415,73592,67128,6464,1444,1250,194,4649,4308,341,15636,14253,1383,152615,57294,31404,21045,17304,3741,10359,25890,18666,15874,2792,7224,73592,36614,29418,27706,1712,7196,36978,23750,22944,806,13228,1444,416,264,264,0,152,1028,813,641,172,215,4649,1103,194,194,0,909,3546,680,680,0,2866,15636,6634,4461,4012,449,2173,9002,5643,5359,284,3359,,,,,,,,,,,,,,,,,,,,,,,,,,,,,,,,,,,,,,,,,,,,,,,,,,,,,,,,,,,,,,,,,,,,,,,,,,,
ACSSF,2010e1,co,000,0051,0000102,113736,30119,29311,808,57218,53177,4041,1886,1886,0,6332,6145,187,18181,17505,676,111703,28086,16170,10044,8272,1772,6126,11916,8183,7359,824,3733,57218,28278,21064,18827,2237,7214,28940,16733,16020,713,12207,1886,571,454,454,0,117,1315,615,542,73,700,6332,1578,414,414,0,1164,4754,442,393,49,4312,18181,8353,5254,4225,1029,3099,9828,6159,5517,642,3669,,,,,,,,,,,,,,,,,,,,,,,,,,,,,,,,,,,,,,,,,,,,,,,,,,,,,,,,,,,,,,,,,,,,,,,,,,,
ACSSF,2010e1,co,000,0051,0000103,95459,32865,30168,2697,44232,34861,9371,1772,1772,0,4406,4155,251,12184,11381,803,93287,30693,15562,9782,7510,2272,5780,15131,10759,9474,1285,4372,44232,22144,18169,17023,1146,3975,22088,13576,12384,1192,8512,1772,746,289,289,0,457,1026,692,647,45,334,4406,249,55,55,0,194,4157,1013,946,67,3144,12184,5925,3891,3618,273,2034,6259,4032,3787,245,2227,,,,,,,,,,,,,,,,,,,,,,,,,,,,,,,,,,,,,,,,,,,,,,,,,,,,,,,,,,,,,,,,,,,,,,,,,,,
ACSSF,2010e1,co,000,0051,0000104,52832,18159,15929,2230,23174,18311,4863,1341,837,504,2361,2148,213,7797,7142,655,51657,16984,9191,7458,5768,1690,1733,7793,6702,5621,1081,1091,23174,11613,8970,8282,688,2643,11561,6804,5913,891,4757,1341,661,634,634,0,27,680,526,493,33,154,2361,214,0,0,0,214,2147,436,350,86,1711,7797,2731,1793,1793,0,938,5066,3799,3364,435,1267,,,,,,,,,,,,,,,,,,,,,,,,,,,,,,,,,,,,,,,,,,,,,,,,,,,,,,,,,,,,,,,,,,,,,,,,,,,
ACSSF,2010e1,co,000,0051,0000105,441738,120045,114355,5690,238654,216216,22438,6922,5967,955,19612,18636,976,56505,53304,3201,434508,112873,62586,45080,36576,8504,17506,50287,35138,30601,4537,15149,238596,120731,94479,88331,6148,26252,117865,76677,71788,4889,41188,6922,2599,2165,1737,428,434,4323,3659,2904,755,664,19612,4272,1050,881,169,3222,15340,2950,2761,189,12390,56505,24419,18917,17552,1365,5502,32086,23365,21599,1766,8721,,,,,,,,,,,,,,,,,,,,,,,,,,,,,,,,,,,,,,,,,,,,,,,,,,,,,,,,,,,,,,,,,,,,,,,,,,,
ACSSF,2010e1,co,000,0051,0000106,78925,19775,18392,1383,44592,40950,3642,1254,994,260,4463,3861,602,8841,8369,472,77854,18704,10058,7632,5810,1822,2426,8646,6415,5731,684,2231,44592,22087,16756,16079,677,5331,22505,13096,12673,423,9409,1254,551,415,189,226,136,703,394,302,92,309,4463,752,50,50,0,702,3711,646,450,196,3065,8841,3124,2145,1655,490,979,5717,4179,3895,284,1538,,,,,,,,,,,,,,,,,,,,,,,,,,,,,,,,,,,,,,,,,,,,,,,,,,,,,,,,,,,,,,,,,,,,,,,,,,,
ACSSF,2010e1,co,000,0051,0000107,115576,32132,28925,3207,63177,54675,8502,1823,1670,153,4581,4288,293,13863,12574,1289,113803,30359,16909,13220,11157,2063,3689,13450,10212,9259,953,3238,63177,31613,25685,23488,2197,5928,31564,19568,18230,1338,11996,1823,851,756,756,0,95,972,686,617,69,286,4581,1330,452,393,59,878,3251,688,582,106,2563,13863,5659,4578,4004,574,1081,8204,6238,5396,842,1966,,,,,,,,,,,,,,,,,,,,,,,,,,,,,,,,,,,,,,,,,,,,,,,,,,,,,,,,,,,,,,,,,,,,,,,,,,,
ACSSF,2010e1,co,000,0051,0000108,84064,21309,20753,556,47075,45829,1246,1237,1186,51,4744,4336,408,9699,9322,377,82346,19591,11214,8849,6413,2436,2365,8377,5711,5047,664,2666,47075,23402,18916,17859,1057,4486,23673,15213,14279,934,8460,1237,405,337,274,63,68,832,405,405,0,427,4744,1044,118,118,0,926,3700,1007,958,49,2693,9699,4037,3475,2700,775,562,5662,3914,3677,237,1748,,,,,,,,,,,,,,,,,,,,,,,,,,,,,,,,,,,,,,,,,,,,,,,,,,,,,,,,,,,,,,,,,,,,,,,,,,,
ACSSF,2010e1,co,000,0051,0000109,87808,30957,28956,2001,35739,33312,2427,2983,2831,152,6243,6105,138,11886,11585,301,85900,29049,15514,10509,7853,2656,5005,13535,9766,7854,1912,3769,35739,19025,11486,10545,941,7539,16714,9250,9102,148,7464,2983,1036,741,741,0,295,1947,1118,912,206,829,6243,1275,435,269,166,840,4968,1115,937,178,3853,11886,4704,2683,2242,441,2021,7182,4384,4098,286,2798,,,,,,,,,,,,,,,,,,,,,,,,,,,,,,,,,,,,,,,,,,,,,,,,,,,,,,,,,,,,,,,,,,,,,,,,,,,
ACSSF,2010e1,co,000,0051,0000110,160579,48475,42559,5916,84212,72699,11513,3470,3033,437,5804,4685,1119,18618,16608,2010,156828,44724,21682,17677,14338,3339,4005,23042,15839,14515,1324,7203,84212,42274,33710,31084,2626,8564,41938,26521,24476,2045,15417,3470,1253,1071,647,424,182,2217,1530,1530,0,687,5804,1092,657,657,0,435,4712,1205,1131,74,3507,18618,8110,6517,5982,535,1593,10508,8699,8131,568,1809,,,,,,,,,,,,,,,,,,,,,,,,,,,,,,,,,,,,,,,,,,,,,,,,,,,,,,,,,,,,,,,,,,,,,,,,,,,
ACSSF,2010e1,co,000,0051,0000111,56033,17910,14087,3823,25630,18765,6865,1465,587,878,3492,2832,660,7536,6846,690,55528,17405,10639,8736,7070,1666,1903,6766,4629,3942,687,2137,25630,13378,10736,9678,1058,2642,12252,7265,5984,1281,4987,1465,555,403,403,0,152,910,793,750,43,117,3492,284,42,42,0,242,3208,918,918,0,2290,7536,3402,2483,2180,303,919,4134,2642,2443,199,1492,,,,,,,,,,,,,,,,,,,,,,,,,,,,,,,,,,,,,,,,,,,,,,,,,,,,,,,,,,,,,,,,,,,,,,,,,,,
