ACSSF,2010e1,co,000,0002,0000001,3953811,1202266,2030797,472747,69660,178341,3248483,860560,1803411,380640,44301,159571,390278,186958,128738,49193,14764,10625,198943,101202,55715,29048,7778,5200,116107,53546,42933,13866,2817,2945,3284838,340851,751589,1001314,763971,427113,2798539,284435,638505,842891,652856,379852,273489,37079,64598,88434,59866,23512,131525,13016,31266,42864,32370,12009,81285,6321,17220,27125,18879,11740,3953811,468512,3485299,697339,344912,543544,450961,497132,333441,149331,468639,3248483,390744,2857739,520463,272040,431970,363040,421106,290829,131863,426428,390278,43328,346950,93841,41067,61427,50434,41775,23912,12331,22163,198943,19346,179597,55703,20629,30921,24270,21786,12059,3126,11103,116107,15094,101013,27332,11176,19226,13217,12465,6641,2011,8945,27846,30410,20872,19210,20817,4799610,629996,409128,3760486,3991649,429367,325356,3236926,468423,122928,49472,296023,211148,53166,21993,135989,128390,24535,12307,91548,4799498,3291401,1508097,3992455,3041773,950682,469747,134049,335698,209746,70604,139142,127550,44975,82575,3953811,1202266,2030797,542407,178341,3248483,860560,1803411,424941,159571,390278,186958,128738,63957,10625,198943,101202,55715,36826,5200,116107,53546,42933,16683,2945
ACSSF,2010e1,co,000,0002,0000002,,,,,,,,,,,,,,,,,,,,,,,,,,,,,,,,,,,,,,,,,,,,,,,,,,,,,,,,,,,,,,,,,,,,,,,,,,,,,,,,,,,,,,,,,,,,,,,,,,,,,,,,,,,,,,,,,,,,,,,,,,,,,,,,,,,,,,,,,,,,,,,,,,,,,,,,,,,,,,,,,,,,,,,,,,,,,,,,,,,,
ACSSF,2010e1,co,000,0002,0000003,,,,,,,,,,,,,,,,,,,,,,,,,,,,,,,,,,,,,,,,,,,,,,,,,,,,,,,,,,,,,,,,,,,,,,,,,,,,,,,,,,,,,,,,,,,,,,,,,,,,,,,,,,,,,,,,,,,,,,,,,,,,,,,,,,,,,,,,,,,,,,,,,,,,,,,,,,,,,,,,,,,,,,,,,,,,,,,,,,,,
ACSSF,2010e1,co,000,0002,0000004,,,,,,,,,,,,,,,,,,,,,,,,,,,,,,,,,,,,,,,,,,,,,,,,,,,,,,,,,,,,,,,,,,,,,,,,,,,,,,,,,,,,,,,,,,,,,,,,,,,,,,,,,,,,,,,,,,,,,,,,,,,,,,,,,,,,,,,,,,,,,,,,,,,,,,,,,,,,,,,,,,,,,,,,,,,,,,,,,,,,
ACSSF,2010e1,co,000,0002,0000005,,,,,,,,,,,,,,,,,,,,,,,,,,,,,,,,,,,,,,,,,,,,,,,,,,,,,,,,,,,,,,,,,,,,,,,,,,,,,,,,,,,,,,,,,,,,,,,,,,,,,,,,,,,,,,,,,,,,,,,,,,,,,,,,,,,,,,,,,,,,,,,,,,,,,,,,,,,,,,,,,,,,,,,,,,,,,,,,,,,,
ACSSF,2010e1,co,000,0002,0000006,,,,,,,,,,,,,,,,,,,,,,,,,,,,,,,,,,,,,,,,,,,,,,,,,,,,,,,,,,,,,,,,,,,,,,,,,,,,,,,,,,,,,,,,,,,,,,,,,,,,,,,,,,,,,,,,,,,,,,,,,,,,,,,,,,,,,,,,,,,,,,,,,,,,,,,,,,,,,,,,,,,,,,,,,,,,,,,,,,,,
ACSSF,2010e1,co,000,0002,0000007,,,,,,,,,,,,,,,,,,,,,,,,,,,,,,,,,,,,,,,,,,,,,,,,,,,,,,,,,,,,,,,,,,,,,,,,,,,,,,,,,,,,,,,,,,,,,,,,,,,,,,,,,,,,,,,,,,,,,,,,,,,,,,,,,,,,,,,,,,,,,,,,,,,,,,,,,,,,,,,,,,,,,,,,,,,,,,,,,,,,
ACSSF,2010e1,co,000,0002,0000008,,,,,,,,,,,,,,,,,,,,,,,,,,,,,,,,,,,,,,,,,,,,,,,,,,,,,,,,,,,,,,,,,,,,,,,,,,,,,,,,,,,,,,,,,,,,,,,,,,,,,,,,,,,,,,,,,,,,,,,,,,,,,,,,,,,,,,,,,,,,,,,,,,,,,,,,,,,,,,,,,,,,,,,,,,,,,,,,,,,,
ACSSF,2010e1,co,000,0002,0000009,,,,,,,,,,,,,,,,,,,,,,,,,,,,,,,,,,,,,,,,,,,,,,,,,,,,,,,,,,,,,,,,,,,,,,,,,,,,,,,,,,,,,,,,,,,,,,,,,,,,,,,,,,,,,,,,,,,,,,,,,,,,,,,,,,,,,,,,,,,,,,,,,,,,,,,,,,,,,,,,,,,,,,,,,,,,,,,,,,,,
ACSSF,2010e1,co,000,0002,0000010,,,,,,,,,,,,,,,,,,,,,,,,,,,,,,,,,,,,,,,,,,,,,,,,,,,,,,,,,,,,,,,,,,,,,,,,,,,,,,,,,,,,,,,,,,,,,,,,,,,,,,,,,,,,,,,,,,,,,,,,,,,,,,,,,,,,,,,,,,,,,,,,,,,,,,,,,,,,,,,,,,,,,,,,,,,,,,,,,,,,
ACSSF,2010e1,co,000,0002,0000011,,,,,,,,,,,,,,,,,,,,,,,,,,,,,,,,,,,,,,,,,,,,,,,,,,,,,,,,,,,,,,,,,,,,,,,,,,,,,,,,,,,,,,,,,,,,,,,,,,,,,,,,,,,,,,,,,,,,,,,,,,,,,,,,,,,,,,,,,,,,,,,,,,,,,,,,,,,,,,,,,,,,,,,,,,,,,,,,,,,,
ACSSF,2010e1,co,000,0002,0000012,,,,,,,,,,,,,,,,,,,,,,,,,,,,,,,,,,,,,,,,,,,,,,,,,,,,,,,,,,,,,,,,,,,,,,,,,,,,,,,,,,,,,,,,,,,,,,,,,,,,,,,,,,,,,,,,,,,,,,,,,,,,,,,,,,,,,,,,,,,,,,,,,,,,,,,,,,,,,,,,,,,,,,,,,,,,,,,,,,,,
ACSSF,2010e1,co,000,0002,0000013,333878,100645,174631,38545,7017,13040,275401,76373,152404,30217,4676,11731,28845,11920,11885,3632,835,573,22805,9824,7064,4178,1456,283,6827,2528,3278,518,50,453,274073,54794,83143,80489,39139,16508,233033,47541,70790,67319,32778,14605,20763,5069,6444,5723,2864,663,14858,1705,4108,5885,2380,780,5419,479,1801,1562,1117,460,333878,48965,284913,54171,31325,45995,38496,47649,28610,11874,26793,275401,40577,234824,40702,24754,38037,32276,40836,25147,10439,22633,28845,5002,23843,5818,2999,3757,3131,3302,1904,967,1965,22805,2497,20308,6224,2857,2874,2314,3016,1339,324,1360,6827,889,5938,1427,715,1327,775,495,220,144,835,27398,29249,22144,18641,20104,427819,53504,47560,326755,355273,37850,36171,281252,38179,7874,6743,23562,26013,6288,3920,15805,8354,1492,726,6136,428280,280730,147550,355720,260715,95005,38755,10648,28107,25530,7365,18165,8275,2002,6273,333878,100645,174631,45562,13040,275401,76373,152404,34893,11731,28845,11920,11885,4467,573,22805,9824,7064,5634,283,6827,2528,3278,568,453
ACSSF,2010e1,co,000,0002,0000014,444122,134832,228305,53004,7568,20413,366229,100292,202016,42567,3655,17699,41205,17011,14408,5981,2348,1457,24830,12175,7577,3267,912,899,11858,5354,4304,1189,653,358,370084,31623,79262,121407,91764,46028,314269,25905,65520,101018,79896,41930,30580,3752,8211,11179,5611,1827,17004,1691,3549,5713,4231,1820,8231,275,1982,3497,2026,451,444122,53458,390664,67637,33111,58271,55970,58263,42079,16181,59152,366229,45289,320940,52135,25255,45671,44692,48257,36057,14885,53988,41205,4900,36305,7925,4152,6631,6496,5099,2737,956,2309,24830,2150,22680,5034,2908,3605,3031,3040,2648,293,2121,11858,1119,10739,2543,796,2364,1751,1867,637,47,734,31081,32409,23907,24195,23442,548632,61622,44683,442327,456223,45765,34088,376370,51880,7617,6954,37309,28341,6393,2685,19263,12188,1847,956,9385,548776,366074,182702,456506,336369,120137,52215,18159,34056,27867,9116,18751,12188,2430,9758,444122,134832,228305,60572,20413,366229,100292,202016,46222,17699,41205,17011,14408,8329,1457,24830,12175,7577,4179,899,11858,5354,4304,1842,358
ACSSF,2010e1,co,000,0002,0000015,238215,84710,117109,25574,2700,8122,185213,52077,104265,19956,1779,7136,30779,19419,7123,3047,416,774,12813,7820,2499,1968,365,161,9410,5394,3222,603,140,51,191299,11604,26319,44140,63592,45644,160436,9745,21490,35451,53152,40598,16649,1046,2817,5089,5296,2401,8232,617,1202,2519,2774,1120,5982,196,810,1081,2370,1525,238215,22222,215993,44991,22782,30394,23863,26752,17810,9487,39914,185213,18568,166645,28953,16034,22204,17132,21509,15700,8398,36715,30779,2040,28739,9821,4432,4522,3599,2782,881,843,1859,12813,898,11915,3211,1250,2564,2578,1260,484,179,389,9410,716,8694,3006,1066,1104,554,1201,745,67,951,28530,34000,15229,21098,17813,279913,40022,19809,220082,225825,23482,14765,187578,33212,12557,3108,17547,11982,2587,1147,8248,8894,1396,789,6709,278446,191250,87196,224392,175466,48926,33278,6843,26435,11841,5170,6671,8935,3771,5164,238215,84710,117109,28274,8122,185213,52077,104265,21735,7136,30779,19419,7123,3463,774,12813,7820,2499,2333,161,9410,5394,3222,743,51
ACSSF,2010e1,co,000,0002,0000016,486279,197787,190519,62624,11511,23838,371355,136012,157327,50511,6128,21377,61262,34487,16904,5490,3080,1301,39097,18906,12336,4937,1988,930,14565,8382,3952,1686,315,230,410763,69016,84503,93718,100383,63143,325016,53993,67385,74111,77514,52013,47553,9514,9212,9830,13308,5689,27770,4485,6091,7482,6766,2946,10424,1024,1815,2295,2795,2495,486279,57307,428972,90377,43933,74059,51550,55474,39242,16686,57651,371355,45160,326195,63999,31857,55387,37530,44272,30652,13026,49472,61262,7100,54162,14296,5881,9007,7338,5403,5138,2578,4521,39097,3831,35266,8576,4895,6769,4767,4555,2683,741,2280,14565,1216,13349,3506,1300,2896,1915,1244,769,341,1378,25871,27314,21615,20812,21454,581669,125409,63271,392989,449917,84652,52874,312391,71615,25070,6924,39621,45212,12809,2251,30152,14925,2878,1222,10825,580158,315345,264813,449108,280415,168693,70636,15066,55570,45730,14166,31564,14684,5698,8986,486279,197787,190519,74135,23838,371355,136012,157327,56639,21377,61262,34487,16904,8570,1301,39097,18906,12336,6925,930,14565,8382,3952,2001,230
ACSSF,2010e1,co,000,0002,0000017,214203,46526,142907,18205,1335,5230,183870,34483,129199,14657,538,4993,12558,3424,6977,1538,416,203,11186,6148,3690,975,339,34,6589,2471,3041,1035,42,0,182656,4334,25532,52655,66122,34013,160688,3373,22414,44957,59082,30862,10731,625,1930,2655,3927,1594,6731,254,752,2794,2142,789,4506,82,436,2249,971,768,214203,24951,189252,32294,10696,18225,19013,22990,23030,11848,51156,183870,21260,162610,25080,9063,15744,15895,19468,20523,10186,46651,12558,1413,11145,2217,307,1077,1162,1814,1337,904,2327,11186,1032,10154,3109,1068,1039,1302,1099,859,396,1282,6589,1246,5343,1888,258,365,654,609,311,362,896,42683,46035,39205,21875,26679,281255,11659,9337,260259,244839,7742,6794,230303,17852,988,914,15950,10078,1685,1202,7191,8486,1244,427,6815,281517,232549,48968,245004,216465,28539,18032,9481,8551,9995,4504,5491,8486,2099,6387,214203,46526,142907,19540,5230,183870,34483,129199,15195,4993,12558,3424,6977,1954,203,11186,6148,3690,1314,34,6589,2471,3041,1077,0
ACSSF,2010e1,co,000,0002,0000018,470340,133296,248231,58716,8908,21189,385807,99131,214170,46355,6817,19334,52945,18212,23133,8658,1728,1214,8996,6532,1643,635,121,65,22592,9421,9285,3068,242,576,379697,27342,83086,138645,80133,50491,321944,22980,70330,115810,67795,45029,39336,3067,8189,16364,8293,3423,3677,0,933,1220,1180,344,14740,1295,3634,5251,2865,1695,470340,62273,408067,83554,43073,65429,53237,57094,37231,15860,52589,385807,52112,333695,64669,36129,50204,42653,47479,31948,13197,47416,52945,5437,47508,9821,4015,10243,7828,6740,3420,2397,3044,8996,1123,7873,3661,534,1568,627,784,244,51,404,22592,3601,18991,5403,2395,3414,2129,2091,1619,215,1725,26793,28246,24631,11827,19129,577772,78716,44070,454986,475940,55179,35244,385517,67393,14130,4959,48304,7568,2036,1324,4208,26871,7371,2543,16957,578923,387830,191093,476473,357442,119031,67984,20663,47321,7568,2166,5402,26898,7559,19339,470340,133296,248231,67624,21189,385807,99131,214170,53172,19334,52945,18212,23133,10386,1214,8996,6532,1643,756,65,22592,9421,9285,3310,576
ACSSF,2010e1,co,000,0002,0000019,426926,115037,231811,53687,7255,19136,367266,85703,214512,44974,4570,17507,30770,13816,9669,5306,1133,846,21737,11621,5684,2502,1147,783,7153,3897,1946,905,405,0,361160,24051,81142,107785,95020,53162,318171,20801,69622,94001,85160,48587,23899,1886,7283,7994,4698,2038,13932,1227,3408,4087,3637,1573,5158,137,829,1703,1525,964,426926,44891,382035,67064,32046,54391,47901,56526,40066,20846,63195,367266,39120,328146,53025,26696,45197,38685,49566,36110,19517,59350,30770,3431,27339,5848,2666,4478,5343,3463,2137,1141,2263,21737,1633,20104,6513,1924,3515,3142,2615,1240,111,1044,7153,707,6446,1678,760,1201,731,882,579,77,538,32129,35104,25895,20561,21250,506847,41673,30920,434254,440535,28857,25579,386099,37322,7270,2696,27356,21892,4648,2324,14920,7098,898,321,5879,506873,374196,132677,440955,353849,87106,37322,11148,26174,21859,6741,15118,6737,2458,4279,426926,115037,231811,60942,19136,367266,85703,214512,49544,17507,30770,13816,9669,6439,846,21737,11621,5684,3649,783,7153,3897,1946,1310,0
ACSSF,2010e1,co,000,0002,0000020,237473,76160,124414,24980,2258,9661,192180,48562,111807,20699,1901,9211,30573,19186,7899,2989,183,316,8416,5065,2268,962,52,69,6304,3347,2440,330,122,65,188442,9289,35287,57110,53620,33136,163437,7395,31759,49451,45776,29056,15792,1672,1813,5002,4887,2418,4837,55,1111,1090,1796,785,4376,167,604,1567,1161,877,237473,21239,216234,47275,20442,31358,29817,31949,19189,9255,26949,192180,17662,174518,32741,16526,23509,24126,27204,16885,7974,25553,30573,1909,28664,11213,2738,5096,3696,2915,1317,995,694,8416,948,7468,2390,693,1339,698,1221,567,195,365,6304,720,5584,931,485,1414,1297,609,420,91,337,28166,31072,15594,18953,24481,280515,34836,18469,227210,232588,21695,14485,196408,31836,10697,2937,18202,8822,1450,540,6832,7269,994,507,5768,279934,197000,82934,231836,181192,50644,32068,9255,22813,8683,3086,5597,7347,3467,3880,237473,76160,124414,27238,9661,192180,48562,111807,22600,9211,30573,19186,7899,3172,316,8416,5065,2268,1014,69,6304,3347,2440,452,65
ACSSF,2010e1,co,000,0002,0000021,116339,30594,59762,17610,1863,6510,95896,22673,52528,13826,1280,5589,13488,5532,4569,2421,502,464,3079,1139,719,1002,0,219,3876,1250,1946,361,81,238,98311,9949,30168,34282,15215,8697,83598,8067,25595,28702,13149,8085,9052,1500,2416,3344,1520,272,2623,240,1051,959,184,189,3038,142,1106,1277,362,151,116339,13982,102357,24003,11777,19444,11056,13316,8315,4331,10115,95896,11289,84607,17548,9508,17030,8778,11294,7293,3827,9329,13488,1763,11725,4701,1028,1278,1645,1491,690,402,490,3079,284,2795,985,705,533,38,290,55,0,189,3876,646,3230,769,536,603,595,241,277,102,107,22633,23714,15878,12002,19050,139770,21607,12529,105634,117466,15510,10621,91335,14526,5259,1487,7780,2777,193,258,2326,5001,645,163,4193,139741,102049,37692,117519,92971,24548,14526,4826,9700,2695,1496,1199,5001,2756,2245,116339,30594,59762,19473,6510,95896,22673,52528,15106,5589,13488,5532,4569,2923,464,3079,1139,719,1002,219,3876,1250,1946,442,238
ACSSF,2010e1,co,000,0002,0000022,124800,39114,57239,16480,2958,9009,101691,28514,50418,13179,1556,8024,18173,8999,5084,2076,1237,777,3003,1101,1288,462,12,140,1933,500,449,763,153,68,103839,13561,32038,38051,12348,7841,87989,11366,27590,30838,11573,6622,12338,1815,3631,5741,449,702,1935,272,408,813,228,214,1577,108,409,659,98,303,124800,15006,109794,27773,15428,19194,15411,13994,7817,2921,7256,101691,12045,89646,20753,11934,15568,13029,11940,6937,2746,6739,18173,2448,15725,5620,3083,2654,1628,1716,553,175,296,3003,366,2637,788,162,633,370,277,327,0,80,1933,147,1786,612,249,339,384,61,0,0,141,20906,22563,12333,16907,16270,151805,30144,14917,106744,123291,18810,10211,94270,23127,9682,4206,9239,3604,1092,217,2295,1783,560,283,940,152559,105267,47292,124214,97912,26302,23122,5503,17619,3530,1485,2045,1693,367,1326,124800,39114,57239,19438,9009,101691,28514,50418,14735,8024,18173,8999,5084,3313,777,3003,1101,1288,474,140,1933,500,449,916,68
ACSSF,2010e1,co,000,0002,0000023,188389,54934,99690,21832,3748,8185,159591,39157,92654,18176,2669,6935,18048,9434,4734,2026,798,1056,7673,4893,1369,1099,218,94,3077,1450,933,531,63,100,151035,23075,40184,49247,25722,12807,134067,19021,35538,44616,22616,12276,10767,3025,3057,2706,1611,368,4546,490,1104,1671,1228,53,1655,539,485,254,267,110,188389,25038,163351,34631,18466,26693,21052,25756,15625,6708,14420,159591,20647,138944,25065,14130,22371,18190,24125,14638,6680,13745,18048,3324,14724,5455,3211,3006,1098,948,669,0,337,7673,474,7199,2943,467,1103,1577,502,269,0,338,3077,593,2484,1168,658,213,187,181,49,28,0,25629,28798,12084,16209,10440,237653,35256,21378,181019,206121,22834,17356,165931,20649,9429,2319,8901,7802,2212,586,5004,3081,781,1117,1183,237778,176711,61067,206183,166252,39931,20649,5740,14909,7865,2540,5325,3081,2179,902,188389,54934,99690,25580,8185,159591,39157,92654,20845,6935,18048,9434,4734,2824,1056,7673,4893,1369,1317,94,3077,1450,933,594,100
ACSSF,2010e1,co,000,0002,0000024,84628,23541,45504,10635,616,4332,73175,17810,42062,9070,306,3927,7688,3316,2530,1272,165,405,2231,1748,235,103,145,0,1534,667,677,190,0,0,71780,4264,18033,24667,15943,8873,63029,3637,15549,21846,14266,7731,6344,574,1956,1818,1228,768,1312,53,423,558,167,111,1095,0,105,445,282,263,84628,9307,75321,11868,6838,13064,8492,12472,7572,3539,11476,73175,8075,65100,9666,6229,10973,7211,10706,7023,2921,10371,7688,855,6833,1304,297,1499,756,1079,498,481,919,2231,86,2145,647,251,262,439,370,40,0,136,1534,291,1243,251,61,330,86,317,11,137,50,31350,32217,30520,23666,24199,103409,6190,5073,92146,89978,4497,4302,81179,9754,1307,613,7834,2293,340,158,1795,1384,46,0,1338,103422,79081,24341,90023,74968,15055,9754,2686,7068,2261,590,1671,1384,837,547,84628,23541,45504,11251,4332,73175,17810,42062,9376,3927,7688,3316,2530,1437,405,2231,1748,235,248,0,1534,667,677,190,0
ACSSF,2010e1,co,000,0002,0000025,239762,75077,117880,30079,5675,11051,191099,54603,99791,24063,2844,9798,27880,11214,10794,3672,1427,773,14681,7011,4538,1877,808,447,6102,2249,2757,467,596,33,198757,26804,54766,68585,36183,12419,163979,21757,43789,56100,31111,11222,20573,3450,6578,7665,2304,576,9909,1263,2977,3147,2043,479,4296,334,1422,1673,725,142,239762,30762,209000,40610,20542,35449,30551,32605,20890,7386,20967,191099,24148,166951,30315,14881,27279,23634,27260,18432,6737,18413,27880,4120,23760,5192,3250,4915,3934,2973,1461,649,1386,14681,1547,13134,4070,1909,2543,1691,1494,569,0,858,6102,947,5155,1033,502,712,1292,878,428,0,310,26872,29327,22215,16899,27276,305780,47047,37974,220759,245052,32396,28374,184282,36146,7635,6135,22376,17787,5962,2747,9078,6795,1054,718,5023,306249,186592,119657,245322,169213,76109,36842,11589,25253,17290,4682,12608,6795,1108,5687,239762,75077,117880,35754,11051,191099,54603,99791,26907,9798,27880,11214,10794,5099,773,14681,7011,4538,2685,447,6102,2249,2757,1063,33
ACSSF,2010e1,co,000,0002,0000026,78065,38711,28344,7302,713,2995,54768,19589,26003,6116,447,2613,14804,12559,1504,392,0,349,4906,3701,309,686,177,33,3587,2862,528,108,89,0,56787,3050,4777,10740,20192,18028,46699,2881,4092,8671,14978,16077,5322,115,262,1138,2866,941,2748,0,334,722,1469,223,2018,54,89,209,879,787,78065,6499,71566,17303,9050,10910,8143,6172,5787,3030,11171,54768,4482,50286,9268,5403,6952,5611,5110,5035,2622,10285,14804,1227,13577,5810,2855,2085,1175,614,544,212,282,4906,523,4383,1102,281,1374,1148,129,96,129,124,3587,267,3320,1123,511,499,209,319,112,67,480,23135,29868,11384,20430,15607,86719,17559,9103,60057,64357,8511,6038,49808,14147,7454,2060,4633,4796,1139,651,3006,3419,455,354,2610,84922,47643,37279,62664,41930,20734,14002,1679,12323,4796,2455,2341,3460,1579,1881,78065,38711,28344,8015,2995,54768,19589,26003,6563,2613,14804,12559,1504,392,349,4906,3701,309,863,33,3587,2862,528,197,0
ACSSF,2010e1,co,000,0002,0000027,78410,19845,47245,7245,665,3410,71098,16607,44796,6327,449,2919,3557,1146,1577,660,120,54,2724,1645,550,197,96,236,1031,447,322,61,0,201,65914,3026,8535,18679,22844,12830,60795,2996,7861,16577,21173,12188,2286,30,344,1009,598,305,1987,0,171,624,955,237,846,0,159,469,118,100,78410,8641,69769,11044,5180,7494,8728,9131,8724,3199,16269,71098,8089,63009,9308,4496,6907,7925,8480,7822,3017,15054,3557,248,3309,1045,241,154,602,269,419,126,453,2724,193,2531,457,264,227,118,382,426,56,601,1031,111,920,234,179,206,83,0,57,0,161,38813,40379,26915,39253,18851,95146,5361,2977,86808,86671,4200,2740,79731,4699,574,0,4125,2731,436,0,2295,1045,151,237,657,95146,79597,15549,86671,75689,10982,4699,1995,2704,2731,1423,1308,1045,490,555,78410,19845,47245,7910,3410,71098,16607,44796,6776,2919,3557,1146,1577,780,54,2724,1645,550,293,236,1031,447,322,61,201
ACSSF,2010e1,co,000,0002,0000028,320583,91999,162651,43568,7146,15219,258750,66295,139721,33866,5187,13681,40092,14668,15566,7365,1596,897,6615,4834,1220,375,121,65,15126,6202,6144,1962,242,576,262531,20958,54407,94907,54812,37447,219182,17247,44557,77701,46251,33426,29901,2473,6800,12928,5503,2197,2904,0,920,831,809,344,10544,1238,2130,3447,2249,1480,320583,37857,282726,58685,27928,49570,37436,38583,24597,10281,35646,258750,30612,228138,44937,22537,37795,29580,31648,21553,8366,31722,40092,4088,36004,7558,3159,8289,6320,4958,1945,1714,2061,6615,464,6151,2704,475,1157,472,764,175,0,404,15126,2693,12433,3486,1757,2329,1064,1213,924,201,1459,26194,27571,23713,13352,17281,391640,53030,31517,307093,317869,36139,24684,257046,49967,10862,4490,34615,5363,1142,476,3745,18441,4887,1867,11687,392521,252898,139623,318238,230807,87431,50508,14490,36018,5363,2005,3358,18412,5596,12816,320583,91999,162651,50714,15219,258750,66295,139721,39053,13681,40092,14668,15566,8961,897,6615,4834,1220,496,65,15126,6202,6144,2204,576
ACSSF,2010e1,co,000,0002,0000029,486279,197787,190519,62624,11511,23838,371355,136012,157327,50511,6128,21377,61262,34487,16904,5490,3080,1301,39097,18906,12336,4937,1988,930,14565,8382,3952,1686,315,230,410763,69016,84503,93718,100383,63143,325016,53993,67385,74111,77514,52013,47553,9514,9212,9830,13308,5689,27770,4485,6091,7482,6766,2946,10424,1024,1815,2295,2795,2495,486279,57307,428972,90377,43933,74059,51550,55474,39242,16686,57651,371355,45160,326195,63999,31857,55387,37530,44272,30652,13026,49472,61262,7100,54162,14296,5881,9007,7338,5403,5138,2578,4521,39097,3831,35266,8576,4895,6769,4767,4555,2683,741,2280,14565,1216,13349,3506,1300,2896,1915,1244,769,341,1378,25871,27314,21615,20812,21454,581669,125409,63271,392989,449917,84652,52874,312391,71615,25070,6924,39621,45212,12809,2251,30152,14925,2878,1222,10825,580158,315345,264813,449108,280415,168693,70636,15066,55570,45730,14166,31564,14684,5698,8986,486279,197787,190519,74135,23838,371355,136012,157327,56639,21377,61262,34487,16904,8570,1301,39097,18906,12336,6925,930,14565,8382,3952,2001,230
ACSSF,2010e1,co,000,0002,0000030,114847,48855,51067,10581,959,3385,82733,26961,43659,8129,816,3168,22856,16023,5011,1670,0,152,5032,3244,1228,508,52,0,4226,2627,1169,274,91,65,82165,3092,11418,24220,26397,17038,66780,2244,9682,20278,20377,14199,10136,635,1255,2704,3825,1717,2563,55,225,647,1345,291,2686,158,256,591,850,831,114847,11524,103323,26410,10669,16630,12383,13721,8574,4096,10840,82733,9035,73698,15103,7723,11348,9078,10461,6949,3105,9931,22856,1357,21499,9065,2018,3892,2156,2123,1135,750,360,5032,660,4372,1519,515,558,407,684,174,150,365,4226,472,3754,723,413,832,742,453,316,91,184,22906,28593,13917,18313,23483,134087,22447,10313,101327,100186,11235,7228,81723,24028,9390,2193,12445,5013,983,385,3645,4860,839,507,3514,133795,83085,50710,100041,72613,27428,23931,5874,18057,5013,2377,2636,4810,2221,2589,114847,48855,51067,11540,3385,82733,26961,43659,8945,3168,22856,16023,5011,1670,152,5032,3244,1228,560,0,4226,2627,1169,365,65
ACSSF,2010e1,co,000,0002,0000031,70939,24192,34015,8598,1234,2900,55246,14801,30217,7385,933,1910,11593,6851,2656,864,246,976,2617,2016,370,190,41,0,1483,524,772,159,14,14,53490,10143,13889,15461,8487,5510,45543,7847,11423,13969,7091,5213,6177,1812,1918,1225,978,244,918,55,318,126,366,53,852,429,230,141,52,0,70939,10003,60936,14755,8527,9663,7787,9190,5570,1779,3665,55246,7356,47890,8895,6005,7617,6715,8219,5156,1779,3504,11593,2374,9219,3807,1810,1828,634,650,329,0,161,2617,62,2555,1385,235,153,438,259,85,0,0,1483,211,1272,668,477,65,0,62,0,0,0,22805,26336,11569,7180,9494,87201,19246,8237,59718,69577,11719,5359,52499,13237,6169,1774,5294,2491,890,41,1560,1896,468,1063,365,87201,55043,32158,69577,49338,20239,13237,3532,9705,2491,491,2000,1896,1682,214,70939,24192,34015,9832,2900,55246,14801,30217,8318,1910,11593,6851,2656,1110,976,2617,2016,370,231,0,1483,524,772,173,14
ACSSF,2010e1,co,000,0002,0000032,70693,16752,46225,5554,347,1815,61397,13181,42123,4481,0,1612,3134,935,1153,574,269,203,4111,2037,1678,360,36,0,2051,599,1271,139,42,0,59110,524,6499,16425,22815,12847,52161,445,5747,14329,20322,11318,2996,79,346,418,1399,754,2329,0,195,997,891,246,1624,0,211,681,203,529,70693,8824,61869,9824,2938,5416,5849,7311,7073,3764,19694,61397,7801,53596,8019,2071,4761,5121,6363,6504,2939,17818,3134,334,2800,424,81,174,128,484,147,512,850,4111,354,3757,940,754,373,493,130,364,127,576,2051,335,1716,441,32,108,107,334,58,186,450,48922,50643,61313,17032,39010,93249,2891,1530,88828,82111,1849,1032,79230,4592,237,37,4318,3779,432,400,2947,2767,373,61,2333,93249,78396,14853,82111,72836,9275,4592,3100,1492,3779,1832,1947,2767,628,2139,70693,16752,46225,5901,1815,61397,13181,42123,4481,1612,3134,935,1153,843,203,4111,2037,1678,396,0,2051,599,1271,181,0
ACSSF,2010e1,co,000,0002,0000033,113081,33333,55199,15265,3029,6255,92271,22922,49454,12206,2009,5680,12377,6019,3757,1973,378,250,7026,3460,1751,901,589,325,1407,932,237,185,53,0,95372,9817,25128,26944,21965,11518,80021,8561,20088,21724,19309,10339,9352,755,3168,3598,1267,564,5234,501,1517,1603,1099,514,765,0,355,19,290,101,113081,13177,99904,18884,9597,16490,14794,13214,10689,4271,11965,92271,10754,81517,13995,7623,13523,11187,10947,9245,4094,10903,12377,1365,11012,2925,1145,1392,2752,1093,738,127,840,7026,699,6327,1613,680,1369,818,1079,580,50,138,1407,359,1048,351,149,206,37,95,126,0,84,27880,30218,25093,22561,19000,129949,13701,9473,106775,106075,9358,7378,89339,14910,2979,905,11026,7771,1275,1070,5426,1193,89,120,984,130125,83762,46363,106220,76108,30112,14910,4395,10515,7838,2836,5002,1157,423,734,113081,33333,55199,18294,6255,92271,22922,49454,14215,5680,12377,6019,3757,2351,250,7026,3460,1751,1490,325,1407,932,237,238,0
ACSSF,2010e1,co,000,0002,0000034,67236,20520,34329,8150,1090,3147,52738,13851,29658,5821,764,2644,9406,4111,2886,1824,210,375,2519,1416,438,421,116,128,2573,1142,1347,84,0,0,55257,5690,11999,16762,13806,7000,45837,5126,9843,13045,12047,5776,6156,413,1425,2671,701,946,1516,51,264,664,334,203,1748,100,467,382,724,75,67236,7071,60165,12126,7049,9554,7659,8734,4339,2583,8121,52738,5984,46754,8517,5005,7102,5916,7091,3751,2303,7069,9406,631,8775,2258,1415,1715,1276,978,176,280,677,2519,53,2466,638,341,497,385,316,91,0,198,2573,403,2170,713,288,240,82,349,321,0,177,26501,29691,19174,21849,18500,82347,11746,6362,64239,66569,8164,5101,53304,11012,2778,809,7425,2063,353,221,1489,2703,451,231,2021,82594,55563,27031,66649,50873,15776,11223,2578,8645,2019,744,1275,2703,1368,1335,67236,20520,34329,9240,3147,52738,13851,29658,6585,2644,9406,4111,2886,2034,375,2519,1416,438,537,128,2573,1142,1347,84,0
ACSSF,2010e1,co,000,0002,0000035,50478,13883,25980,6084,635,3896,43412,11070,23197,4901,473,3771,4530,1880,1483,911,131,125,1492,619,657,216,0,0,1044,314,643,56,31,0,42673,2791,10505,13768,11034,4575,37515,1848,9752,11837,10106,3972,3249,943,457,1065,543,241,1010,0,226,171,297,316,899,0,70,695,88,46,50478,3929,46549,8307,4298,5881,8410,8441,4556,1846,4810,43412,3469,39943,6536,4124,4337,7217,7519,4032,1846,4332,4530,405,4125,1403,174,684,735,664,131,0,334,1492,55,1437,305,0,466,97,176,393,0,0,1044,0,1044,63,0,394,361,82,0,0,144,31214,32010,21953,20750,26186,61543,5173,3182,53188,54284,4166,2501,47617,4419,862,526,3031,1722,145,155,1422,1118,0,0,1118,61671,41939,19732,54284,38624,15660,4419,2307,2112,1722,429,1293,1246,579,667,50478,13883,25980,6719,3896,43412,11070,23197,5374,3771,4530,1880,1483,1042,125,1492,619,657,216,0,1044,314,643,87,0
ACSSF,2010e1,co,000,0002,0000036,82019,27642,34144,11496,2675,6062,64911,19100,29980,9210,1426,5195,13602,7155,2903,1580,1237,727,2409,902,893,462,12,140,1097,485,368,244,0,0,69002,10458,21514,24923,8047,4060,57312,8618,18264,19565,7392,3473,9440,1460,2751,4480,343,406,1470,272,338,504,228,128,780,108,161,374,84,53,82019,8922,73097,18640,12439,13031,10231,8612,4474,1649,4021,64911,6789,58122,13054,9261,10456,8835,7295,3887,1522,3812,13602,1620,11982,4555,2767,1833,1126,1003,495,127,76,2409,366,2043,626,162,546,270,267,92,0,80,1097,147,950,405,249,196,0,47,0,0,53,18696,21222,11655,16209,10989,100090,23355,11197,65538,79252,13629,8162,57461,16860,8324,2598,5938,3031,1092,217,1722,947,310,220,417,100981,63397,37584,80058,57981,22077,17019,3888,13131,2957,1197,1760,947,331,616,82019,27642,34144,14171,6062,64911,19100,29980,10636,5195,13602,7155,2903,2817,727,2409,902,893,474,140,1097,485,368,244,0
ACSSF,2010e1,co,000,0002,0000037,89917,27824,46526,10460,2538,2569,74961,21397,41395,8327,1470,2372,7789,4057,2453,782,497,0,5566,1767,1948,1194,571,86,1601,603,730,157,0,111,73791,10573,21648,23349,12839,5382,63075,9103,17806,19646,11387,5133,5429,1104,2549,1099,603,74,3945,248,1076,1828,668,125,1342,118,217,776,181,50,89917,12692,77225,11655,7832,10668,10433,14628,8843,4317,8849,74961,10370,64591,8574,6677,9029,9155,12470,7367,3448,7871,7789,1662,6127,1428,593,688,609,1020,790,599,400,5566,583,4983,1171,483,603,513,985,568,205,455,1601,77,1524,482,79,348,156,153,118,65,123,32220,32927,30589,27057,20902,115633,11926,9083,94624,97203,8608,6908,81687,9906,1402,1743,6761,6679,1672,284,4723,1845,244,148,1453,115732,82214,33518,97356,76555,20801,9954,3088,6866,6577,1888,4689,1845,683,1162,89917,27824,46526,12998,2569,74961,21397,41395,9797,2372,7789,4057,2453,1279,0,5566,1767,1948,1765,86,1601,603,730,157,111
ACSSF,2010e1,co,000,0002,0000038,81054,23051,42247,9805,2203,3748,68210,17674,37090,8515,1655,3276,4453,1134,2455,359,321,184,6382,3280,2023,863,177,39,2009,963,679,68,50,249,68025,7534,17634,19770,14822,8265,59010,7025,15224,16567,12996,7198,3765,361,1093,1162,740,409,3544,148,694,1583,715,404,1706,0,623,458,371,254,81054,9064,71990,12437,6357,10072,10307,11953,7494,3081,10289,68210,7823,60387,10018,5188,8195,8431,9772,6763,2988,9032,4453,417,4036,584,386,943,717,585,118,74,629,6382,619,5763,1232,689,646,998,1206,563,0,429,2009,205,1804,603,94,288,161,390,50,19,199,31588,32232,26232,30164,22063,100555,13425,7387,79743,85685,11076,5911,68698,5644,963,188,4493,6884,1003,1187,4694,2342,383,101,1858,100618,66104,34514,85884,61339,24545,5760,2020,3740,6884,2220,4664,2090,525,1565,81054,23051,42247,12008,3748,68210,17674,37090,10170,3276,4453,1134,2455,680,184,6382,3280,2023,1040,39,2009,963,679,118,249
ACSSF,2010e1,co,000,0002,0000039,78065,38711,28344,7302,713,2995,54768,19589,26003,6116,447,2613,14804,12559,1504,392,0,349,4906,3701,309,686,177,33,3587,2862,528,108,89,0,56787,3050,4777,10740,20192,18028,46699,2881,4092,8671,14978,16077,5322,115,262,1138,2866,941,2748,0,334,722,1469,223,2018,54,89,209,879,787,78065,6499,71566,17303,9050,10910,8143,6172,5787,3030,11171,54768,4482,50286,9268,5403,6952,5611,5110,5035,2622,10285,14804,1227,13577,5810,2855,2085,1175,614,544,212,282,4906,523,4383,1102,281,1374,1148,129,96,129,124,3587,267,3320,1123,511,499,209,319,112,67,480,23135,29868,11384,20430,15607,86719,17559,9103,60057,64357,8511,6038,49808,14147,7454,2060,4633,4796,1139,651,3006,3419,455,354,2610,84922,47643,37279,62664,41930,20734,14002,1679,12323,4796,2455,2341,3460,1579,1881,78065,38711,28344,8015,2995,54768,19589,26003,6563,2613,14804,12559,1504,392,349,4906,3701,309,863,33,3587,2862,528,197,0
ACSSF,2010e1,co,000,0002,0000040,320583,91999,162651,43568,7146,15219,258750,66295,139721,33866,5187,13681,40092,14668,15566,7365,1596,897,6615,4834,1220,375,121,65,15126,6202,6144,1962,242,576,262531,20958,54407,94907,54812,37447,219182,17247,44557,77701,46251,33426,29901,2473,6800,12928,5503,2197,2904,0,920,831,809,344,10544,1238,2130,3447,2249,1480,320583,37857,282726,58685,27928,49570,37436,38583,24597,10281,35646,258750,30612,228138,44937,22537,37795,29580,31648,21553,8366,31722,40092,4088,36004,7558,3159,8289,6320,4958,1945,1714,2061,6615,464,6151,2704,475,1157,472,764,175,0,404,15126,2693,12433,3486,1757,2329,1064,1213,924,201,1459,26194,27571,23713,13352,17281,391640,53030,31517,307093,317869,36139,24684,257046,49967,10862,4490,34615,5363,1142,476,3745,18441,4887,1867,11687,392521,252898,139623,318238,230807,87431,50508,14490,36018,5363,2005,3358,18412,5596,12816,320583,91999,162651,50714,15219,258750,66295,139721,39053,13681,40092,14668,15566,8961,897,6615,4834,1220,496,65,15126,6202,6144,2204,576
ACSSF,2010e1,co,000,0002,0000041,239762,75077,117880,30079,5675,11051,191099,54603,99791,24063,2844,9798,27880,11214,10794,3672,1427,773,14681,7011,4538,1877,808,447,6102,2249,2757,467,596,33,198757,26804,54766,68585,36183,12419,163979,21757,43789,56100,31111,11222,20573,3450,6578,7665,2304,576,9909,1263,2977,3147,2043,479,4296,334,1422,1673,725,142,239762,30762,209000,40610,20542,35449,30551,32605,20890,7386,20967,191099,24148,166951,30315,14881,27279,23634,27260,18432,6737,18413,27880,4120,23760,5192,3250,4915,3934,2973,1461,649,1386,14681,1547,13134,4070,1909,2543,1691,1494,569,0,858,6102,947,5155,1033,502,712,1292,878,428,0,310,26872,29327,22215,16899,27276,305780,47047,37974,220759,245052,32396,28374,184282,36146,7635,6135,22376,17787,5962,2747,9078,6795,1054,718,5023,306249,186592,119657,245322,169213,76109,36842,11589,25253,17290,4682,12608,6795,1108,5687,239762,75077,117880,35754,11051,191099,54603,99791,26907,9798,27880,11214,10794,5099,773,14681,7011,4538,2685,447,6102,2249,2757,1063,33
ACSSF,2010e1,co,000,0002,0000042,486279,197787,190519,62624,11511,23838,371355,136012,157327,50511,6128,21377,61262,34487,16904,5490,3080,1301,39097,18906,12336,4937,1988,930,14565,8382,3952,1686,315,230,410763,69016,84503,93718,100383,63143,325016,53993,67385,74111,77514,52013,47553,9514,9212,9830,13308,5689,27770,4485,6091,7482,6766,2946,10424,1024,1815,2295,2795,2495,486279,57307,428972,90377,43933,74059,51550,55474,39242,16686,57651,371355,45160,326195,63999,31857,55387,37530,44272,30652,13026,49472,61262,7100,54162,14296,5881,9007,7338,5403,5138,2578,4521,39097,3831,35266,8576,4895,6769,4767,4555,2683,741,2280,14565,1216,13349,3506,1300,2896,1915,1244,769,341,1378,25871,27314,21615,20812,21454,581669,125409,63271,392989,449917,84652,52874,312391,71615,25070,6924,39621,45212,12809,2251,30152,14925,2878,1222,10825,580158,315345,264813,449108,280415,168693,70636,15066,55570,45730,14166,31564,14684,5698,8986,486279,197787,190519,74135,23838,371355,136012,157327,56639,21377,61262,34487,16904,8570,1301,39097,18906,12336,6925,930,14565,8382,3952,2001,230
ACSSF,2010e1,co,000,0002,0000043,114847,48855,51067,10581,959,3385,82733,26961,43659,8129,816,3168,22856,16023,5011,1670,0,152,5032,3244,1228,508,52,0,4226,2627,1169,274,91,65,82165,3092,11418,24220,26397,17038,66780,2244,9682,20278,20377,14199,10136,635,1255,2704,3825,1717,2563,55,225,647,1345,291,2686,158,256,591,850,831,114847,11524,103323,26410,10669,16630,12383,13721,8574,4096,10840,82733,9035,73698,15103,7723,11348,9078,10461,6949,3105,9931,22856,1357,21499,9065,2018,3892,2156,2123,1135,750,360,5032,660,4372,1519,515,558,407,684,174,150,365,4226,472,3754,723,413,832,742,453,316,91,184,22906,28593,13917,18313,23483,134087,22447,10313,101327,100186,11235,7228,81723,24028,9390,2193,12445,5013,983,385,3645,4860,839,507,3514,133795,83085,50710,100041,72613,27428,23931,5874,18057,5013,2377,2636,4810,2221,2589,114847,48855,51067,11540,3385,82733,26961,43659,8945,3168,22856,16023,5011,1670,152,5032,3244,1228,560,0,4226,2627,1169,365,65
ACSSF,2010e1,co,000,0002,0000044,50478,13883,25980,6084,635,3896,43412,11070,23197,4901,473,3771,4530,1880,1483,911,131,125,1492,619,657,216,0,0,1044,314,643,56,31,0,42673,2791,10505,13768,11034,4575,37515,1848,9752,11837,10106,3972,3249,943,457,1065,543,241,1010,0,226,171,297,316,899,0,70,695,88,46,50478,3929,46549,8307,4298,5881,8410,8441,4556,1846,4810,43412,3469,39943,6536,4124,4337,7217,7519,4032,1846,4332,4530,405,4125,1403,174,684,735,664,131,0,334,1492,55,1437,305,0,466,97,176,393,0,0,1044,0,1044,63,0,394,361,82,0,0,144,31214,32010,21953,20750,26186,61543,5173,3182,53188,54284,4166,2501,47617,4419,862,526,3031,1722,145,155,1422,1118,0,0,1118,61671,41939,19732,54284,38624,15660,4419,2307,2112,1722,429,1293,1246,579,667,50478,13883,25980,6719,3896,43412,11070,23197,5374,3771,4530,1880,1483,1042,125,1492,619,657,216,0,1044,314,643,87,0
ACSSF,2010e1,co,000,0002,0000045,70939,24192,34015,8598,1234,2900,55246,14801,30217,7385,933,1910,11593,6851,2656,864,246,976,2617,2016,370,190,41,0,1483,524,772,159,14,14,53490,10143,13889,15461,8487,5510,45543,7847,11423,13969,7091,5213,6177,1812,1918,1225,978,244,918,55,318,126,366,53,852,429,230,141,52,0,70939,10003,60936,14755,8527,9663,7787,9190,5570,1779,3665,55246,7356,47890,8895,6005,7617,6715,8219,5156,1779,3504,11593,2374,9219,3807,1810,1828,634,650,329,0,161,2617,62,2555,1385,235,153,438,259,85,0,0,1483,211,1272,668,477,65,0,62,0,0,0,22805,26336,11569,7180,9494,87201,19246,8237,59718,69577,11719,5359,52499,13237,6169,1774,5294,2491,890,41,1560,1896,468,1063,365,87201,55043,32158,69577,49338,20239,13237,3532,9705,2491,491,2000,1896,1682,214,70939,24192,34015,9832,2900,55246,14801,30217,8318,1910,11593,6851,2656,1110,976,2617,2016,370,231,0,1483,524,772,173,14
ACSSF,2010e1,co,000,0002,0000046,82019,27642,34144,11496,2675,6062,64911,19100,29980,9210,1426,5195,13602,7155,2903,1580,1237,727,2409,902,893,462,12,140,1097,485,368,244,0,0,69002,10458,21514,24923,8047,4060,57312,8618,18264,19565,7392,3473,9440,1460,2751,4480,343,406,1470,272,338,504,228,128,780,108,161,374,84,53,82019,8922,73097,18640,12439,13031,10231,8612,4474,1649,4021,64911,6789,58122,13054,9261,10456,8835,7295,3887,1522,3812,13602,1620,11982,4555,2767,1833,1126,1003,495,127,76,2409,366,2043,626,162,546,270,267,92,0,80,1097,147,950,405,249,196,0,47,0,0,53,18696,21222,11655,16209,10989,100090,23355,11197,65538,79252,13629,8162,57461,16860,8324,2598,5938,3031,1092,217,1722,947,310,220,417,100981,63397,37584,80058,57981,22077,17019,3888,13131,2957,1197,1760,947,331,616,82019,27642,34144,14171,6062,64911,19100,29980,10636,5195,13602,7155,2903,2817,727,2409,902,893,474,140,1097,485,368,244,0
ACSSF,2010e1,co,000,0002,0000047,,,,,,,,,,,,,,,,,,,,,,,,,,,,,,,,,,,,,,,,,,,,,,,,,,,,,,,,,,,,,,,,,,,,,,,,,,,,,,,,,,,,,,,,,,,,,,,,,,,,,,,,,,,,,,,,,,,,,,,,,,,,,,,,,,,,,,,,,,,,,,,,,,,,,,,,,,,,,,,,,,,,,,,,,,,,,,,,,,,,
ACSSF,2010e1,co,000,0002,0000048,,,,,,,,,,,,,,,,,,,,,,,,,,,,,,,,,,,,,,,,,,,,,,,,,,,,,,,,,,,,,,,,,,,,,,,,,,,,,,,,,,,,,,,,,,,,,,,,,,,,,,,,,,,,,,,,,,,,,,,,,,,,,,,,,,,,,,,,,,,,,,,,,,,,,,,,,,,,,,,,,,,,,,,,,,,,,,,,,,,,
ACSSF,2010e1,co,000,0002,0000049,,,,,,,,,,,,,,,,,,,,,,,,,,,,,,,,,,,,,,,,,,,,,,,,,,,,,,,,,,,,,,,,,,,,,,,,,,,,,,,,,,,,,,,,,,,,,,,,,,,,,,,,,,,,,,,,,,,,,,,,,,,,,,,,,,,,,,,,,,,,,,,,,,,,,,,,,,,,,,,,,,,,,,,,,,,,,,,,,,,,
ACSSF,2010e1,co,000,0002,0000050,,,,,,,,,,,,,,,,,,,,,,,,,,,,,,,,,,,,,,,,,,,,,,,,,,,,,,,,,,,,,,,,,,,,,,,,,,,,,,,,,,,,,,,,,,,,,,,,,,,,,,,,,,,,,,,,,,,,,,,,,,,,,,,,,,,,,,,,,,,,,,,,,,,,,,,,,,,,,,,,,,,,,,,,,,,,,,,,,,,,
ACSSF,2010e1,co,000,0002,0000051,,,,,,,,,,,,,,,,,,,,,,,,,,,,,,,,,,,,,,,,,,,,,,,,,,,,,,,,,,,,,,,,,,,,,,,,,,,,,,,,,,,,,,,,,,,,,,,,,,,,,,,,,,,,,,,,,,,,,,,,,,,,,,,,,,,,,,,,,,,,,,,,,,,,,,,,,,,,,,,,,,,,,,,,,,,,,,,,,,,,
ACSSF,2010e1,co,000,0002,0000052,,,,,,,,,,,,,,,,,,,,,,,,,,,,,,,,,,,,,,,,,,,,,,,,,,,,,,,,,,,,,,,,,,,,,,,,,,,,,,,,,,,,,,,,,,,,,,,,,,,,,,,,,,,,,,,,,,,,,,,,,,,,,,,,,,,,,,,,,,,,,,,,,,,,,,,,,,,,,,,,,,,,,,,,,,,,,,,,,,,,
ACSSF,2010e1,co,000,0002,0000053,,,,,,,,,,,,,,,,,,,,,,,,,,,,,,,,,,,,,,,,,,,,,,,,,,,,,,,,,,,,,,,,,,,,,,,,,,,,,,,,,,,,,,,,,,,,,,,,,,,,,,,,,,,,,,,,,,,,,,,,,,,,,,,,,,,,,,,,,,,,,,,,,,,,,,,,,,,,,,,,,,,,,,,,,,,,,,,,,,,,
ACSSF,2010e1,co,000,0002,0000054,,,,,,,,,,,,,,,,,,,,,,,,,,,,,,,,,,,,,,,,,,,,,,,,,,,,,,,,,,,,,,,,,,,,,,,,,,,,,,,,,,,,,,,,,,,,,,,,,,,,,,,,,,,,,,,,,,,,,,,,,,,,,,,,,,,,,,,,,,,,,,,,,,,,,,,,,,,,,,,,,,,,,,,,,,,,,,,,,,,,
ACSSF,2010e1,co,000,0002,0000055,,,,,,,,,,,,,,,,,,,,,,,,,,,,,,,,,,,,,,,,,,,,,,,,,,,,,,,,,,,,,,,,,,,,,,,,,,,,,,,,,,,,,,,,,,,,,,,,,,,,,,,,,,,,,,,,,,,,,,,,,,,,,,,,,,,,,,,,,,,,,,,,,,,,,,,,,,,,,,,,,,,,,,,,,,,,,,,,,,,,
ACSSF,2010e1,co,000,0002,0000056,,,,,,,,,,,,,,,,,,,,,,,,,,,,,,,,,,,,,,,,,,,,,,,,,,,,,,,,,,,,,,,,,,,,,,,,,,,,,,,,,,,,,,,,,,,,,,,,,,,,,,,,,,,,,,,,,,,,,,,,,,,,,,,,,,,,,,,,,,,,,,,,,,,,,,,,,,,,,,,,,,,,,,,,,,,,,,,,,,,,
ACSSF,2010e1,co,000,0002,0000057,,,,,,,,,,,,,,,,,,,,,,,,,,,,,,,,,,,,,,,,,,,,,,,,,,,,,,,,,,,,,,,,,,,,,,,,,,,,,,,,,,,,,,,,,,,,,,,,,,,,,,,,,,,,,,,,,,,,,,,,,,,,,,,,,,,,,,,,,,,,,,,,,,,,,,,,,,,,,,,,,,,,,,,,,,,,,,,,,,,,
ACSSF,2010e1,co,000,0002,0000058,,,,,,,,,,,,,,,,,,,,,,,,,,,,,,,,,,,,,,,,,,,,,,,,,,,,,,,,,,,,,,,,,,,,,,,,,,,,,,,,,,,,,,,,,,,,,,,,,,,,,,,,,,,,,,,,,,,,,,,,,,,,,,,,,,,,,,,,,,,,,,,,,,,,,,,,,,,,,,,,,,,,,,,,,,,,,,,,,,,,
ACSSF,2010e1,co,000,0002,0000059,,,,,,,,,,,,,,,,,,,,,,,,,,,,,,,,,,,,,,,,,,,,,,,,,,,,,,,,,,,,,,,,,,,,,,,,,,,,,,,,,,,,,,,,,,,,,,,,,,,,,,,,,,,,,,,,,,,,,,,,,,,,,,,,,,,,,,,,,,,,,,,,,,,,,,,,,,,,,,,,,,,,,,,,,,,,,,,,,,,,
ACSSF,2010e1,co,000,0002,0000060,,,,,,,,,,,,,,,,,,,,,,,,,,,,,,,,,,,,,,,,,,,,,,,,,,,,,,,,,,,,,,,,,,,,,,,,,,,,,,,,,,,,,,,,,,,,,,,,,,,,,,,,,,,,,,,,,,,,,,,,,,,,,,,,,,,,,,,,,,,,,,,,,,,,,,,,,,,,,,,,,,,,,,,,,,,,,,,,,,,,
ACSSF,2010e1,co,000,0002,0000061,,,,,,,,,,,,,,,,,,,,,,,,,,,,,,,,,,,,,,,,,,,,,,,,,,,,,,,,,,,,,,,,,,,,,,,,,,,,,,,,,,,,,,,,,,,,,,,,,,,,,,,,,,,,,,,,,,,,,,,,,,,,,,,,,,,,,,,,,,,,,,,,,,,,,,,,,,,,,,,,,,,,,,,,,,,,,,,,,,,,
ACSSF,2010e1,co,000,0002,0000062,,,,,,,,,,,,,,,,,,,,,,,,,,,,,,,,,,,,,,,,,,,,,,,,,,,,,,,,,,,,,,,,,,,,,,,,,,,,,,,,,,,,,,,,,,,,,,,,,,,,,,,,,,,,,,,,,,,,,,,,,,,,,,,,,,,,,,,,,,,,,,,,,,,,,,,,,,,,,,,,,,,,,,,,,,,,,,,,,,,,
ACSSF,2010e1,co,000,0002,0000063,,,,,,,,,,,,,,,,,,,,,,,,,,,,,,,,,,,,,,,,,,,,,,,,,,,,,,,,,,,,,,,,,,,,,,,,,,,,,,,,,,,,,,,,,,,,,,,,,,,,,,,,,,,,,,,,,,,,,,,,,,,,,,,,,,,,,,,,,,,,,,,,,,,,,,,,,,,,,,,,,,,,,,,,,,,,,,,,,,,,
ACSSF,2010e1,co,000,0002,0000064,,,,,,,,,,,,,,,,,,,,,,,,,,,,,,,,,,,,,,,,,,,,,,,,,,,,,,,,,,,,,,,,,,,,,,,,,,,,,,,,,,,,,,,,,,,,,,,,,,,,,,,,,,,,,,,,,,,,,,,,,,,,,,,,,,,,,,,,,,,,,,,,,,,,,,,,,,,,,,,,,,,,,,,,,,,,,,,,,,,,
ACSSF,2010e1,co,000,0002,0000065,,,,,,,,,,,,,,,,,,,,,,,,,,,,,,,,,,,,,,,,,,,,,,,,,,,,,,,,,,,,,,,,,,,,,,,,,,,,,,,,,,,,,,,,,,,,,,,,,,,,,,,,,,,,,,,,,,,,,,,,,,,,,,,,,,,,,,,,,,,,,,,,,,,,,,,,,,,,,,,,,,,,,,,,,,,,,,,,,,,,
ACSSF,2010e1,co,000,0002,0000066,,,,,,,,,,,,,,,,,,,,,,,,,,,,,,,,,,,,,,,,,,,,,,,,,,,,,,,,,,,,,,,,,,,,,,,,,,,,,,,,,,,,,,,,,,,,,,,,,,,,,,,,,,,,,,,,,,,,,,,,,,,,,,,,,,,,,,,,,,,,,,,,,,,,,,,,,,,,,,,,,,,,,,,,,,,,,,,,,,,,
ACSSF,2010e1,co,000,0002,0000067,,,,,,,,,,,,,,,,,,,,,,,,,,,,,,,,,,,,,,,,,,,,,,,,,,,,,,,,,,,,,,,,,,,,,,,,,,,,,,,,,,,,,,,,,,,,,,,,,,,,,,,,,,,,,,,,,,,,,,,,,,,,,,,,,,,,,,,,,,,,,,,,,,,,,,,,,,,,,,,,,,,,,,,,,,,,,,,,,,,,
ACSSF,2010e1,co,000,0002,0000068,,,,,,,,,,,,,,,,,,,,,,,,,,,,,,,,,,,,,,,,,,,,,,,,,,,,,,,,,,,,,,,,,,,,,,,,,,,,,,,,,,,,,,,,,,,,,,,,,,,,,,,,,,,,,,,,,,,,,,,,,,,,,,,,,,,,,,,,,,,,,,,,,,,,,,,,,,,,,,,,,,,,,,,,,,,,,,,,,,,,
ACSSF,2010e1,co,000,0002,0000069,,,,,,,,,,,,,,,,,,,,,,,,,,,,,,,,,,,,,,,,,,,,,,,,,,,,,,,,,,,,,,,,,,,,,,,,,,,,,,,,,,,,,,,,,,,,,,,,,,,,,,,,,,,,,,,,,,,,,,,,,,,,,,,,,,,,,,,,,,,,,,,,,,,,,,,,,,,,,,,,,,,,,,,,,,,,,,,,,,,,
ACSSF,2010e1,co,000,0002,0000070,,,,,,,,,,,,,,,,,,,,,,,,,,,,,,,,,,,,,,,,,,,,,,,,,,,,,,,,,,,,,,,,,,,,,,,,,,,,,,,,,,,,,,,,,,,,,,,,,,,,,,,,,,,,,,,,,,,,,,,,,,,,,,,,,,,,,,,,,,,,,,,,,,,,,,,,,,,,,,,,,,,,,,,,,,,,,,,,,,,,
ACSSF,2010e1,co,000,0002,0000071,,,,,,,,,,,,,,,,,,,,,,,,,,,,,,,,,,,,,,,,,,,,,,,,,,,,,,,,,,,,,,,,,,,,,,,,,,,,,,,,,,,,,,,,,,,,,,,,,,,,,,,,,,,,,,,,,,,,,,,,,,,,,,,,,,,,,,,,,,,,,,,,,,,,,,,,,,,,,,,,,,,,,,,,,,,,,,,,,,,,
ACSSF,2010e1,co,000,0002,0000072,,,,,,,,,,,,,,,,,,,,,,,,,,,,,,,,,,,,,,,,,,,,,,,,,,,,,,,,,,,,,,,,,,,,,,,,,,,,,,,,,,,,,,,,,,,,,,,,,,,,,,,,,,,,,,,,,,,,,,,,,,,,,,,,,,,,,,,,,,,,,,,,,,,,,,,,,,,,,,,,,,,,,,,,,,,,,,,,,,,,
ACSSF,2010e1,co,000,0002,0000073,,,,,,,,,,,,,,,,,,,,,,,,,,,,,,,,,,,,,,,,,,,,,,,,,,,,,,,,,,,,,,,,,,,,,,,,,,,,,,,,,,,,,,,,,,,,,,,,,,,,,,,,,,,,,,,,,,,,,,,,,,,,,,,,,,,,,,,,,,,,,,,,,,,,,,,,,,,,,,,,,,,,,,,,,,,,,,,,,,,,
ACSSF,2010e1,co,000,0002,0000074,,,,,,,,,,,,,,,,,,,,,,,,,,,,,,,,,,,,,,,,,,,,,,,,,,,,,,,,,,,,,,,,,,,,,,,,,,,,,,,,,,,,,,,,,,,,,,,,,,,,,,,,,,,,,,,,,,,,,,,,,,,,,,,,,,,,,,,,,,,,,,,,,,,,,,,,,,,,,,,,,,,,,,,,,,,,,,,,,,,,
ACSSF,2010e1,co,000,0002,0000075,,,,,,,,,,,,,,,,,,,,,,,,,,,,,,,,,,,,,,,,,,,,,,,,,,,,,,,,,,,,,,,,,,,,,,,,,,,,,,,,,,,,,,,,,,,,,,,,,,,,,,,,,,,,,,,,,,,,,,,,,,,,,,,,,,,,,,,,,,,,,,,,,,,,,,,,,,,,,,,,,,,,,,,,,,,,,,,,,,,,
ACSSF,2010e1,co,000,0002,0000076,,,,,,,,,,,,,,,,,,,,,,,,,,,,,,,,,,,,,,,,,,,,,,,,,,,,,,,,,,,,,,,,,,,,,,,,,,,,,,,,,,,,,,,,,,,,,,,,,,,,,,,,,,,,,,,,,,,,,,,,,,,,,,,,,,,,,,,,,,,,,,,,,,,,,,,,,,,,,,,,,,,,,,,,,,,,,,,,,,,,
ACSSF,2010e1,co,000,0002,0000077,,,,,,,,,,,,,,,,,,,,,,,,,,,,,,,,,,,,,,,,,,,,,,,,,,,,,,,,,,,,,,,,,,,,,,,,,,,,,,,,,,,,,,,,,,,,,,,,,,,,,,,,,,,,,,,,,,,,,,,,,,,,,,,,,,,,,,,,,,,,,,,,,,,,,,,,,,,,,,,,,,,,,,,,,,,,,,,,,,,,
ACSSF,2010e1,co,000,0002,0000078,,,,,,,,,,,,,,,,,,,,,,,,,,,,,,,,,,,,,,,,,,,,,,,,,,,,,,,,,,,,,,,,,,,,,,,,,,,,,,,,,,,,,,,,,,,,,,,,,,,,,,,,,,,,,,,,,,,,,,,,,,,,,,,,,,,,,,,,,,,,,,,,,,,,,,,,,,,,,,,,,,,,,,,,,,,,,,,,,,,,
ACSSF,2010e1,co,000,0002,0000079,,,,,,,,,,,,,,,,,,,,,,,,,,,,,,,,,,,,,,,,,,,,,,,,,,,,,,,,,,,,,,,,,,,,,,,,,,,,,,,,,,,,,,,,,,,,,,,,,,,,,,,,,,,,,,,,,,,,,,,,,,,,,,,,,,,,,,,,,,,,,,,,,,,,,,,,,,,,,,,,,,,,,,,,,,,,,,,,,,,,
ACSSF,2010e1,co,000,0002,0000080,,,,,,,,,,,,,,,,,,,,,,,,,,,,,,,,,,,,,,,,,,,,,,,,,,,,,,,,,,,,,,,,,,,,,,,,,,,,,,,,,,,,,,,,,,,,,,,,,,,,,,,,,,,,,,,,,,,,,,,,,,,,,,,,,,,,,,,,,,,,,,,,,,,,,,,,,,,,,,,,,,,,,,,,,,,,,,,,,,,,
ACSSF,2010e1,co,000,0002,0000081,,,,,,,,,,,,,,,,,,,,,,,,,,,,,,,,,,,,,,,,,,,,,,,,,,,,,,,,,,,,,,,,,,,,,,,,,,,,,,,,,,,,,,,,,,,,,,,,,,,,,,,,,,,,,,,,,,,,,,,,,,,,,,,,,,,,,,,,,,,,,,,,,,,,,,,,,,,,,,,,,,,,,,,,,,,,,,,,,,,,
ACSSF,2010e1,co,000,0002,0000082,,,,,,,,,,,,,,,,,,,,,,,,,,,,,,,,,,,,,,,,,,,,,,,,,,,,,,,,,,,,,,,,,,,,,,,,,,,,,,,,,,,,,,,,,,,,,,,,,,,,,,,,,,,,,,,,,,,,,,,,,,,,,,,,,,,,,,,,,,,,,,,,,,,,,,,,,,,,,,,,,,,,,,,,,,,,,,,,,,,,
ACSSF,2010e1,co,000,0002,0000083,,,,,,,,,,,,,,,,,,,,,,,,,,,,,,,,,,,,,,,,,,,,,,,,,,,,,,,,,,,,,,,,,,,,,,,,,,,,,,,,,,,,,,,,,,,,,,,,,,,,,,,,,,,,,,,,,,,,,,,,,,,,,,,,,,,,,,,,,,,,,,,,,,,,,,,,,,,,,,,,,,,,,,,,,,,,,,,,,,,,
ACSSF,2010e1,co,000,0002,0000084,,,,,,,,,,,,,,,,,,,,,,,,,,,,,,,,,,,,,,,,,,,,,,,,,,,,,,,,,,,,,,,,,,,,,,,,,,,,,,,,,,,,,,,,,,,,,,,,,,,,,,,,,,,,,,,,,,,,,,,,,,,,,,,,,,,,,,,,,,,,,,,,,,,,,,,,,,,,,,,,,,,,,,,,,,,,,,,,,,,,
ACSSF,2010e1,co,000,0002,0000085,,,,,,,,,,,,,,,,,,,,,,,,,,,,,,,,,,,,,,,,,,,,,,,,,,,,,,,,,,,,,,,,,,,,,,,,,,,,,,,,,,,,,,,,,,,,,,,,,,,,,,,,,,,,,,,,,,,,,,,,,,,,,,,,,,,,,,,,,,,,,,,,,,,,,,,,,,,,,,,,,,,,,,,,,,,,,,,,,,,,
ACSSF,2010e1,co,000,0002,0000086,,,,,,,,,,,,,,,,,,,,,,,,,,,,,,,,,,,,,,,,,,,,,,,,,,,,,,,,,,,,,,,,,,,,,,,,,,,,,,,,,,,,,,,,,,,,,,,,,,,,,,,,,,,,,,,,,,,,,,,,,,,,,,,,,,,,,,,,,,,,,,,,,,,,,,,,,,,,,,,,,,,,,,,,,,,,,,,,,,,,
ACSSF,2010e1,co,000,0002,0000087,,,,,,,,,,,,,,,,,,,,,,,,,,,,,,,,,,,,,,,,,,,,,,,,,,,,,,,,,,,,,,,,,,,,,,,,,,,,,,,,,,,,,,,,,,,,,,,,,,,,,,,,,,,,,,,,,,,,,,,,,,,,,,,,,,,,,,,,,,,,,,,,,,,,,,,,,,,,,,,,,,,,,,,,,,,,,,,,,,,,
ACSSF,2010e1,co,000,0002,0000088,,,,,,,,,,,,,,,,,,,,,,,,,,,,,,,,,,,,,,,,,,,,,,,,,,,,,,,,,,,,,,,,,,,,,,,,,,,,,,,,,,,,,,,,,,,,,,,,,,,,,,,,,,,,,,,,,,,,,,,,,,,,,,,,,,,,,,,,,,,,,,,,,,,,,,,,,,,,,,,,,,,,,,,,,,,,,,,,,,,,
ACSSF,2010e1,co,000,0002,0000089,,,,,,,,,,,,,,,,,,,,,,,,,,,,,,,,,,,,,,,,,,,,,,,,,,,,,,,,,,,,,,,,,,,,,,,,,,,,,,,,,,,,,,,,,,,,,,,,,,,,,,,,,,,,,,,,,,,,,,,,,,,,,,,,,,,,,,,,,,,,,,,,,,,,,,,,,,,,,,,,,,,,,,,,,,,,,,,,,,,,
ACSSF,2010e1,co,000,0002,0000090,,,,,,,,,,,,,,,,,,,,,,,,,,,,,,,,,,,,,,,,,,,,,,,,,,,,,,,,,,,,,,,,,,,,,,,,,,,,,,,,,,,,,,,,,,,,,,,,,,,,,,,,,,,,,,,,,,,,,,,,,,,,,,,,,,,,,,,,,,,,,,,,,,,,,,,,,,,,,,,,,,,,,,,,,,,,,,,,,,,,
ACSSF,2010e1,co,000,0002,0000091,,,,,,,,,,,,,,,,,,,,,,,,,,,,,,,,,,,,,,,,,,,,,,,,,,,,,,,,,,,,,,,,,,,,,,,,,,,,,,,,,,,,,,,,,,,,,,,,,,,,,,,,,,,,,,,,,,,,,,,,,,,,,,,,,,,,,,,,,,,,,,,,,,,,,,,,,,,,,,,,,,,,,,,,,,,,,,,,,,,,
ACSSF,2010e1,co,000,0002,0000092,,,,,,,,,,,,,,,,,,,,,,,,,,,,,,,,,,,,,,,,,,,,,,,,,,,,,,,,,,,,,,,,,,,,,,,,,,,,,,,,,,,,,,,,,,,,,,,,,,,,,,,,,,,,,,,,,,,,,,,,,,,,,,,,,,,,,,,,,,,,,,,,,,,,,,,,,,,,,,,,,,,,,,,,,,,,,,,,,,,,
ACSSF,2010e1,co,000,0002,0000093,,,,,,,,,,,,,,,,,,,,,,,,,,,,,,,,,,,,,,,,,,,,,,,,,,,,,,,,,,,,,,,,,,,,,,,,,,,,,,,,,,,,,,,,,,,,,,,,,,,,,,,,,,,,,,,,,,,,,,,,,,,,,,,,,,,,,,,,,,,,,,,,,,,,,,,,,,,,,,,,,,,,,,,,,,,,,,,,,,,,
ACSSF,2010e1,co,000,0002,0000094,,,,,,,,,,,,,,,,,,,,,,,,,,,,,,,,,,,,,,,,,,,,,,,,,,,,,,,,,,,,,,,,,,,,,,,,,,,,,,,,,,,,,,,,,,,,,,,,,,,,,,,,,,,,,,,,,,,,,,,,,,,,,,,,,,,,,,,,,,,,,,,,,,,,,,,,,,,,,,,,,,,,,,,,,,,,,,,,,,,,
ACSSF,2010e1,co,000,0002,0000095,,,,,,,,,,,,,,,,,,,,,,,,,,,,,,,,,,,,,,,,,,,,,,,,,,,,,,,,,,,,,,,,,,,,,,,,,,,,,,,,,,,,,,,,,,,,,,,,,,,,,,,,,,,,,,,,,,,,,,,,,,,,,,,,,,,,,,,,,,,,,,,,,,,,,,,,,,,,,,,,,,,,,,,,,,,,,,,,,,,,
ACSSF,2010e1,co,000,0002,0000096,,,,,,,,,,,,,,,,,,,,,,,,,,,,,,,,,,,,,,,,,,,,,,,,,,,,,,,,,,,,,,,,,,,,,,,,,,,,,,,,,,,,,,,,,,,,,,,,,,,,,,,,,,,,,,,,,,,,,,,,,,,,,,,,,,,,,,,,,,,,,,,,,,,,,,,,,,,,,,,,,,,,,,,,,,,,,,,,,,,,
ACSSF,2010e1,co,000,0002,0000097,,,,,,,,,,,,,,,,,,,,,,,,,,,,,,,,,,,,,,,,,,,,,,,,,,,,,,,,,,,,,,,,,,,,,,,,,,,,,,,,,,,,,,,,,,,,,,,,,,,,,,,,,,,,,,,,,,,,,,,,,,,,,,,,,,,,,,,,,,,,,,,,,,,,,,,,,,,,,,,,,,,,,,,,,,,,,,,,,,,,
ACSSF,2010e1,co,000,0002,0000098,,,,,,,,,,,,,,,,,,,,,,,,,,,,,,,,,,,,,,,,,,,,,,,,,,,,,,,,,,,,,,,,,,,,,,,,,,,,,,,,,,,,,,,,,,,,,,,,,,,,,,,,,,,,,,,,,,,,,,,,,,,,,,,,,,,,,,,,,,,,,,,,,,,,,,,,,,,,,,,,,,,,,,,,,,,,,,,,,,,,
ACSSF,2010e1,co,000,0002,0000099,,,,,,,,,,,,,,,,,,,,,,,,,,,,,,,,,,,,,,,,,,,,,,,,,,,,,,,,,,,,,,,,,,,,,,,,,,,,,,,,,,,,,,,,,,,,,,,,,,,,,,,,,,,,,,,,,,,,,,,,,,,,,,,,,,,,,,,,,,,,,,,,,,,,,,,,,,,,,,,,,,,,,,,,,,,,,,,,,,,,
ACSSF,2010e1,co,000,0002,0000100,,,,,,,,,,,,,,,,,,,,,,,,,,,,,,,,,,,,,,,,,,,,,,,,,,,,,,,,,,,,,,,,,,,,,,,,,,,,,,,,,,,,,,,,,,,,,,,,,,,,,,,,,,,,,,,,,,,,,,,,,,,,,,,,,,,,,,,,,,,,,,,,,,,,,,,,,,,,,,,,,,,,,,,,,,,,,,,,,,,,
ACSSF,2010e1,co,000,0002,0000101,,,,,,,,,,,,,,,,,,,,,,,,,,,,,,,,,,,,,,,,,,,,,,,,,,,,,,,,,,,,,,,,,,,,,,,,,,,,,,,,,,,,,,,,,,,,,,,,,,,,,,,,,,,,,,,,,,,,,,,,,,,,,,,,,,,,,,,,,,,,,,,,,,,,,,,,,,,,,,,,,,,,,,,,,,,,,,,,,,,,
ACSSF,2010e1,co,000,0002,0000102,,,,,,,,,,,,,,,,,,,,,,,,,,,,,,,,,,,,,,,,,,,,,,,,,,,,,,,,,,,,,,,,,,,,,,,,,,,,,,,,,,,,,,,,,,,,,,,,,,,,,,,,,,,,,,,,,,,,,,,,,,,,,,,,,,,,,,,,,,,,,,,,,,,,,,,,,,,,,,,,,,,,,,,,,,,,,,,,,,,,
ACSSF,2010e1,co,000,0002,0000103,,,,,,,,,,,,,,,,,,,,,,,,,,,,,,,,,,,,,,,,,,,,,,,,,,,,,,,,,,,,,,,,,,,,,,,,,,,,,,,,,,,,,,,,,,,,,,,,,,,,,,,,,,,,,,,,,,,,,,,,,,,,,,,,,,,,,,,,,,,,,,,,,,,,,,,,,,,,,,,,,,,,,,,,,,,,,,,,,,,,
ACSSF,2010e1,co,000,0002,0000104,,,,,,,,,,,,,,,,,,,,,,,,,,,,,,,,,,,,,,,,,,,,,,,,,,,,,,,,,,,,,,,,,,,,,,,,,,,,,,,,,,,,,,,,,,,,,,,,,,,,,,,,,,,,,,,,,,,,,,,,,,,,,,,,,,,,,,,,,,,,,,,,,,,,,,,,,,,,,,,,,,,,,,,,,,,,,,,,,,,,
ACSSF,2010e1,co,000,0002,0000105,,,,,,,,,,,,,,,,,,,,,,,,,,,,,,,,,,,,,,,,,,,,,,,,,,,,,,,,,,,,,,,,,,,,,,,,,,,,,,,,,,,,,,,,,,,,,,,,,,,,,,,,,,,,,,,,,,,,,,,,,,,,,,,,,,,,,,,,,,,,,,,,,,,,,,,,,,,,,,,,,,,,,,,,,,,,,,,,,,,,
ACSSF,2010e1,co,000,0002,0000106,,,,,,,,,,,,,,,,,,,,,,,,,,,,,,,,,,,,,,,,,,,,,,,,,,,,,,,,,,,,,,,,,,,,,,,,,,,,,,,,,,,,,,,,,,,,,,,,,,,,,,,,,,,,,,,,,,,,,,,,,,,,,,,,,,,,,,,,,,,,,,,,,,,,,,,,,,,,,,,,,,,,,,,,,,,,,,,,,,,,
ACSSF,2010e1,co,000,0002,0000107,,,,,,,,,,,,,,,,,,,,,,,,,,,,,,,,,,,,,,,,,,,,,,,,,,,,,,,,,,,,,,,,,,,,,,,,,,,,,,,,,,,,,,,,,,,,,,,,,,,,,,,,,,,,,,,,,,,,,,,,,,,,,,,,,,,,,,,,,,,,,,,,,,,,,,,,,,,,,,,,,,,,,,,,,,,,,,,,,,,,
ACSSF,2010e1,co,000,0002,0000108,,,,,,,,,,,,,,,,,,,,,,,,,,,,,,,,,,,,,,,,,,,,,,,,,,,,,,,,,,,,,,,,,,,,,,,,,,,,,,,,,,,,,,,,,,,,,,,,,,,,,,,,,,,,,,,,,,,,,,,,,,,,,,,,,,,,,,,,,,,,,,,,,,,,,,,,,,,,,,,,,,,,,,,,,,,,,,,,,,,,
ACSSF,2010e1,co,000,0002,0000109,,,,,,,,,,,,,,,,,,,,,,,,,,,,,,,,,,,,,,,,,,,,,,,,,,,,,,,,,,,,,,,,,,,,,,,,,,,,,,,,,,,,,,,,,,,,,,,,,,,,,,,,,,,,,,,,,,,,,,,,,,,,,,,,,,,,,,,,,,,,,,,,,,,,,,,,,,,,,,,,,,,,,,,,,,,,,,,,,,,,
ACSSF,2010e1,co,000,0002,0000110,,,,,,,,,,,,,,,,,,,,,,,,,,,,,,,,,,,,,,,,,,,,,,,,,,,,,,,,,,,,,,,,,,,,,,,,,,,,,,,,,,,,,,,,,,,,,,,,,,,,,,,,,,,,,,,,,,,,,,,,,,,,,,,,,,,,,,,,,,,,,,,,,,,,,,,,,,,,,,,,,,,,,,,,,,,,,,,,,,,,
ACSSF,2010e1,co,000,0002,0000111,,,,,,,,,,,,,,,,,,,,,,,,,,,,,,,,,,,,,,,,,,,,,,,,,,,,,,,,,,,,,,,,,,,,,,,,,,,,,,,,,,,,,,,,,,,,,,,,,,,,,,,,,,,,,,,,,,,,,,,,,,,,,,,,,,,,,,,,,,,,,,,,,,,,,,,,,,,,,,,,,,,,,,,,,,,,,,,,,,,,
