ACSSF,2010e1,co,000,0122,0000001,2446674,53908,185523,181103,64802,278935,109478,73306,175310,319360,498607,260676,122114,123552,970249,22652,38082,70198,13040,28372,18322,42890,80458,190304,329714,51877,27925,56415,418111,2091,1459,2173,637,11263,1939,1127,4247,51507,94566,165166,47481,34455,607053,3791,12746,29864,35874,196379,28508,21709,84303,60467,59828,32546,17070,23968,229678,21697,125967,9548,3338,11771,11133,5113,3553,7572,4343,3320,16789,5534,221583,3677,7269,69320,11913,31150,49576,2467,2749,9510,10156,7767,12849,3180
ACSSF,2010e1,co,000,0122,0000002,1893464,24121,138213,141210,50127,220931,82039,60894,133891,252525,393210,209891,96657,89755,738391,9909,27638,51670,10154,23102,14446,34413,58191,147179,258135,39826,21455,42273,336961,440,932,1923,575,9347,1753,1120,3081,42058,77859,135149,39350,23374,476760,2000,9585,23856,27878,154133,21062,19350,67072,48731,46465,25943,12735,17950,166933,10566,94488,7321,1989,8574,8098,3746,3104,5999,3568,2426,12834,4220,174419,1206,5570,56440,9531,25775,36680,2265,2443,8558,7183,6547,10283,1938
ACSSF,2010e1,co,000,0122,0000003,553210,29787,47310,39893,14675,58004,27439,12412,41419,66835,105397,50785,25457,33797,231858,12743,10444,18528,2886,5270,3876,8477,22267,43125,71579,12051,6470,14142,81150,1651,527,250,62,1916,186,7,1166,9449,16707,30017,8131,11081,130293,1791,3161,6008,7996,42246,7446,2359,17231,11736,13363,6603,4335,6018,62745,11131,31479,2227,1349,3197,3035,1367,449,1573,775,894,3955,1314,47164,2471,1699,12880,2382,5375,12896,202,306,952,2973,1220,2566,1242
ACSSF,2010e1,co,000,0122,0000004,2252682,37366,165897,174218,61798,256705,98588,70242,164596,303355,459630,235609,112483,112195,905242,15684,35486,68724,12756,26904,17113,40955,75976,182096,304761,46697,25666,52424,379361,1610,1173,2040,621,10031,1686,1076,3724,46689,86742,149617,43188,31164,563498,2977,11649,28878,34436,180723,25790,21124,78901,58332,54492,29284,15947,20965,199535,14624,111418,8889,2774,10391,8599,4897,3249,7174,4165,2935,15322,5098,205046,2471,6171,65687,11211,28656,45400,2190,2746,9064,9470,7076,12360,2544
ACSSF,2010e1,co,000,0122,0000005,2117192,29826,152978,167771,59033,243117,92943,68539,155643,291158,436211,211078,105362,103533,861776,13088,33317,68071,12218,25842,16197,40591,71781,175396,289884,41518,24152,49721,348097,1371,1095,1834,581,8863,1649,954,3200,44309,81546,133125,40630,28940,533190,2656,10717,28262,32975,171144,24516,20191,74817,55883,51372,27066,15342,18249,180097,10711,102018,8620,2445,9477,8056,4613,3099,6850,4113,2434,13568,4093,194032,2000,5831,60984,10814,27791,42525,2190,2746,8720,9296,6935,11670,2530
ACSSF,2010e1,co,000,0122,0000006,952533,9459,64081,67544,23354,108621,36876,29372,65868,132544,211565,109169,49370,44710,374781,4327,10481,23164,4483,12014,6703,15999,28367,75495,140260,20268,10739,22481,175302,356,450,672,112,4853,923,613,1756,22753,42010,70166,20219,10419,233687,1092,3326,11535,12631,75006,9354,10087,33204,26088,23457,12418,6593,8896,78754,3254,46716,3824,1218,4031,3179,1758,1025,2798,1849,1463,5751,1888,90009,430,3108,28349,4910,12717,16717,915,1516,5410,3989,4854,6068,1026
ACSSF,2010e1,co,000,0122,0000007,1164659,20367,88897,100227,35679,134496,56067,39167,89775,158614,224646,101909,55992,58823,486995,8761,22836,44907,7735,13828,9494,24592,43414,99901,149624,21250,13413,27240,172795,1015,645,1162,469,4010,726,341,1444,21556,39536,62959,20411,18521,299503,1564,7391,16727,20344,96138,15162,10104,41613,29795,27915,14648,8749,9353,101343,7457,55302,4796,1227,5446,4877,2855,2074,4052,2264,971,7817,2205,104023,1570,2723,32635,5904,15074,25808,1275,1230,3310,5307,2081,5602,1504
ACSSF,2010e1,co,000,0122,0000008,135490,7540,12919,6447,2765,13588,5645,1703,8953,12197,23419,24531,7121,8662,43466,2596,2169,653,538,1062,916,364,4195,6700,14877,5179,1514,2703,31264,239,78,206,40,1168,37,122,524,2380,5196,16492,2558,2224,30308,321,932,616,1461,9579,1274,933,4084,2449,3120,2218,605,2716,19438,3913,9400,269,329,914,543,284,150,324,52,501,1754,1005,11014,471,340,4703,397,865,2875,0,0,344,174,141,690,14
ACSSF,2010e1,co,000,0122,0000009,41867,1608,3547,3222,1038,4147,1340,448,2443,3553,8759,7184,2238,2340,13242,448,402,394,244,205,157,134,1070,1745,5023,1854,624,942,10113,56,78,206,40,341,0,122,210,499,2362,4684,861,654,9067,0,252,253,471,2970,226,130,1128,1110,1321,613,209,384,5433,1039,2767,0,119,188,146,62,35,191,0,33,493,360,4012,65,48,2369,164,443,811,0,0,8,53,0,51,0
ACSSF,2010e1,co,000,0122,0000010,93623,5932,9372,3225,1727,9441,4305,1255,6510,8644,14660,17347,4883,6322,30224,2148,1767,259,294,857,759,230,3125,4955,9854,3325,890,1761,21151,183,0,0,0,827,37,0,314,1881,2834,11808,1697,1570,21241,321,680,363,990,6609,1048,803,2956,1339,1799,1605,396,2332,14005,2874,6633,269,210,726,397,222,115,133,52,468,1261,645,7002,406,292,2334,233,422,2064,0,0,336,121,141,639,14
ACSSF,2010e1,co,000,0122,0000011,193992,16542,19626,6885,3004,22230,10890,3064,10714,16005,38977,25067,9631,11357,65007,6968,2596,1474,284,1468,1209,1935,4482,8208,24953,5180,2259,3991,38750,481,286,133,16,1232,253,51,523,4818,7824,15549,4293,3291,43555,814,1097,986,1438,15656,2718,585,5402,2135,5336,3262,1123,3003,30143,7073,14549,659,564,1380,2534,216,304,398,178,385,1467,436,16537,1206,1098,3633,702,2494,4176,277,3,446,686,691,489,636
ACSSF,2010e1,co,000,0122,0000012,329482,24082,32545,13332,5769,35818,16535,4767,19667,28202,62396,49598,16752,20019,108473,9564,4765,2127,822,2530,2125,2299,8677,14908,39830,10359,3773,6694,70014,720,364,339,56,2400,290,173,1047,7198,13020,32041,6851,5515,73863,1135,2029,1602,2899,25235,3992,1518,9486,4584,8456,5480,1728,5719,49581,10986,23949,928,893,2294,3077,500,454,722,230,886,3221,1441,27551,1677,1438,8336,1099,3359,7051,277,3,790,860,832,1179,650
ACSSF,2010e1,co,000,0122,0000013,205967,3008,21591,17921,9694,23658,15549,5678,12909,24597,30710,18867,11488,10297,57200,969,3052,4869,1563,2092,1668,2541,5363,9282,17488,3167,1583,3563,36057,33,88,208,221,839,157,119,477,5745,6922,12935,5139,3174,56449,590,1075,2522,5155,16348,4369,1970,6200,6646,5122,2421,1238,2793,28510,1342,16351,1200,548,1353,1174,919,692,1726,368,123,2140,574,27751,74,1025,9122,2207,3026,8181,129,177,1198,810,221,1388,193
ACSSF,2010e1,co,000,0122,0000014,290348,2512,20615,15962,8620,36778,15851,11832,26986,38911,56572,29666,13614,12429,109932,1575,3916,5712,2230,4000,2286,6953,12673,23119,35123,4515,2102,5728,48763,16,50,62,50,1426,610,69,526,5458,12087,19799,5484,3126,78619,648,1117,2228,4066,25905,4781,3817,12748,7985,7051,3611,2072,2590,26007,273,15007,1069,420,1698,1443,712,355,1146,675,560,2012,637,27027,0,525,6891,1854,3749,6731,281,684,1203,1636,1181,1944,348
ACSSF,2010e1,co,000,0122,0000015,153738,1272,6880,18833,3637,13719,3904,4814,7602,27184,36567,17178,7797,4351,82498,439,1732,11303,1284,1557,1642,3695,2886,20486,26834,5304,2288,3048,23963,283,0,103,152,342,78,0,95,2535,5468,10033,4085,789,31216,105,165,3099,1943,10017,556,890,4440,3426,4006,1457,598,514,6747,293,4914,217,56,433,0,69,114,181,65,0,405,0,9314,152,69,4111,202,1370,1628,160,67,556,194,384,421,0
ACSSF,2010e1,co,000,0122,0000016,301802,2992,20879,18646,8827,27807,10990,11353,23986,51414,60833,36967,15328,11780,127534,1859,4261,6045,1907,3949,1587,6902,10133,30106,43325,7841,3182,6437,54393,41,251,121,0,1249,362,367,589,9816,9760,23503,6202,2132,72676,297,1092,3871,5128,19178,3390,3371,12876,8758,5696,4241,2387,2391,22280,705,14510,718,447,845,785,277,335,680,560,363,1482,573,24919,90,765,7891,1345,2586,4866,436,53,2054,1492,1019,2075,247
ACSSF,2010e1,co,000,0122,0000017,147755,1621,9417,10973,3361,17379,5386,9439,18094,22649,26432,9757,6824,6423,80700,1025,4507,7587,893,2458,1647,6516,11099,15754,20575,2750,2623,3266,14261,191,70,136,0,413,0,0,75,1819,2586,4931,1759,2281,39448,143,1226,2063,2091,12437,1095,2048,6824,4766,2558,1885,1529,783,6286,133,3614,142,63,457,655,592,45,47,130,132,220,56,7060,129,0,1045,314,1614,1989,283,51,263,583,59,693,37
ACSSF,2010e1,co,000,0122,0000018,275722,1220,18952,20234,4168,32550,11020,7168,16748,37261,60661,30805,16665,18270,108657,377,3530,8239,618,4005,2067,4054,7454,23437,36254,4849,4870,8903,50507,77,34,245,0,965,278,73,296,5476,14279,20278,4562,3944,64693,50,1422,3199,2265,20895,3076,2313,8170,5924,7585,3464,2844,3486,22865,646,13087,819,250,1221,1018,441,368,1205,403,335,2038,1034,29000,70,879,7732,1035,5464,4581,287,460,1219,2140,1879,2351,903
ACSSF,2010e1,co,000,0122,0000019,271398,3429,21404,21822,8518,30167,11173,8999,20886,41132,52008,23555,13278,15027,117480,2343,5110,8715,1758,2694,2255,5603,9327,26673,36665,5716,3278,7343,38820,44,167,383,0,1057,105,222,438,4840,8360,13194,4972,5038,71682,334,2090,4183,5406,21733,3164,2368,10209,8148,5735,3743,2341,2228,21520,530,13232,1119,108,1241,1108,550,311,726,649,251,1572,123,21896,178,805,7422,1246,3442,4541,256,601,745,599,651,1115,295
ACSSF,2010e1,co,000,0122,0000020,151483,2557,9431,15746,3890,17112,4579,2727,9581,17005,39658,14091,7926,7180,68632,1154,2480,7488,799,2178,1470,1414,4085,10929,28366,2282,2250,3737,24718,258,115,89,0,463,59,61,228,2344,5964,9227,3817,2093,35351,95,433,2444,2463,12544,861,1015,4849,3126,4396,1712,536,877,11447,889,6177,757,67,685,156,237,163,125,601,288,907,395,11335,161,226,4968,561,1242,2033,0,256,481,331,582,416,78
ACSSF,2010e1,co,000,0122,0000021,64449,4290,3852,3530,1498,8436,2924,1543,3671,4334,17548,6590,2605,3628,21282,1163,802,1238,72,465,255,668,1333,1911,10058,1016,388,1913,12883,0,75,107,112,242,0,0,126,804,4891,4364,1094,1068,16604,229,443,518,736,6407,645,603,1650,1353,2011,1102,447,460,7063,2456,2310,0,174,390,164,212,329,55,435,0,474,64,6617,442,222,1667,404,932,1860,60,233,211,153,108,202,123
ACSSF,2010e1,co,000,0122,0000022,64170,722,4959,5086,1639,10765,2369,824,2614,5337,16363,7178,2037,4277,18664,316,691,1004,0,891,211,118,1218,1006,9713,1861,267,1368,13117,0,58,0,0,716,0,43,101,1428,3892,3833,975,2071,18163,0,489,654,1198,7442,457,506,1058,2388,2034,1207,107,623,6157,136,3387,431,130,338,396,0,132,384,106,0,502,215,8069,270,334,2997,311,1378,1305,157,105,131,618,277,186,0
ACSSF,2010e1,co,000,0122,0000023,118678,4546,9797,13115,3415,17046,6306,1377,7511,11120,25836,9113,4387,5109,37967,1182,2086,2790,763,1072,703,658,3225,6090,15824,992,706,1876,19894,193,53,199,46,891,0,0,249,2538,5428,6768,1405,2124,30085,94,690,2091,1420,12312,1362,574,3835,1591,3806,884,740,686,14692,2881,6050,1840,40,575,955,145,202,531,121,0,1009,343,16040,196,918,6195,1146,2196,3286,0,0,370,657,469,527,80
ACSSF,2010e1,co,000,0122,0000024,54097,812,4854,5208,2252,6342,2571,1498,4138,7353,9390,4632,2383,2664,20608,613,855,1918,400,277,511,623,1740,4047,6641,1581,293,1109,7324,0,0,48,0,208,0,33,71,1409,1551,2255,962,787,16447,51,465,1064,1754,5184,770,482,2064,1840,1135,756,335,547,4932,148,3298,106,56,174,46,232,76,57,0,0,518,221,4786,0,236,2072,42,499,1244,128,187,0,63,40,275,0
ACSSF,2010e1,co,000,0122,0000025,155674,1383,15864,7772,4364,19465,9533,5350,12048,17525,28865,18021,7990,7494,43676,853,1244,1676,860,1695,1105,2658,5066,7693,15120,1867,720,3119,31809,0,50,0,0,1061,363,69,447,3490,8141,12345,4080,1763,40596,530,568,849,1562,13086,2727,1835,5702,4754,4194,2103,920,1766,20651,0,13192,577,415,1123,930,587,278,633,570,521,1280,545,18942,0,810,4670,1527,2500,4408,201,555,955,840,1185,990,301
ACSSF,2010e1,co,000,0122,0000026,,,,,,,,,,,,,,,,,,,,,,,,,,,,,,,,,,,,,,,,,,,,,,,,,,,,,,,,,,,,,,,,,,,,,,,,,,,,,,,,,,,,
ACSSF,2010e1,co,000,0122,0000027,52408,452,2209,3241,2065,6102,2414,1977,6214,8257,11063,4211,2296,1907,27173,327,1201,1912,439,1095,691,1325,3549,6249,7889,624,955,917,6667,0,0,62,50,285,49,0,0,395,1699,2908,726,493,13428,0,331,272,1132,4094,723,539,2665,1259,1180,679,251,303,2290,125,677,0,0,416,211,0,0,354,66,0,247,194,2850,0,0,995,444,212,740,113,0,0,229,0,117,0
ACSSF,2010e1,co,000,0122,0000028,195102,665,11935,13319,2503,23060,7063,5845,12029,27438,43059,23531,11984,12671,76473,162,1923,5133,247,2675,1559,3286,5184,15978,27131,3415,3189,6591,37186,0,34,197,0,578,139,73,221,4643,10058,15448,3184,2611,47204,50,921,2299,1245,15545,1845,1980,5947,4719,5109,2682,2240,2622,15019,383,8546,609,137,857,647,313,217,959,113,335,1391,512,19220,70,511,5081,874,3405,2873,193,460,1139,648,1651,1980,335
ACSSF,2010e1,co,000,0122,0000029,301802,2992,20879,18646,8827,27807,10990,11353,23986,51414,60833,36967,15328,11780,127534,1859,4261,6045,1907,3949,1587,6902,10133,30106,43325,7841,3182,6437,54393,41,251,121,0,1249,362,367,589,9816,9760,23503,6202,2132,72676,297,1092,3871,5128,19178,3390,3371,12876,8758,5696,4241,2387,2391,22280,705,14510,718,447,845,785,277,335,680,560,363,1482,573,24919,90,765,7891,1345,2586,4866,436,53,2054,1492,1019,2075,247
ACSSF,2010e1,co,000,0122,0000030,75032,580,2653,5558,1914,9804,2058,1304,4038,9641,21087,9151,4496,2748,35118,160,454,3008,371,1708,742,523,1724,6265,15761,1541,1502,1359,13792,0,115,89,0,284,59,61,51,1493,2646,6038,2252,704,18073,0,85,864,1269,6691,385,720,2201,1402,2457,1031,350,618,3230,420,1948,0,0,347,77,0,0,66,48,80,177,67,4819,0,51,1597,274,774,795,0,62,415,175,461,215,0
ACSSF,2010e1,co,000,0122,0000031,42331,964,2529,6208,1013,5833,1790,603,2969,3307,9725,3692,1467,2231,12423,199,210,548,198,177,154,143,1215,1762,6170,396,318,933,7829,0,0,76,0,822,0,0,82,588,1975,2910,669,707,9732,0,94,794,365,3448,129,460,1672,625,1262,386,98,399,4898,765,1788,1152,0,216,279,0,0,103,101,0,382,112,7449,0,437,3638,450,1170,1228,0,0,229,217,0,0,80
ACSSF,2010e1,co,000,0122,0000032,,,,,,,,,,,,,,,,,,,,,,,,,,,,,,,,,,,,,,,,,,,,,,,,,,,,,,,,,,,,,,,,,,,,,,,,,,,,,,,,,,,,
ACSSF,2010e1,co,000,0122,0000033,67710,733,5641,4689,1803,7718,3083,2023,4171,10639,12488,7221,3731,3770,24590,434,1020,1422,110,521,525,1170,1511,5777,7890,1188,806,2216,12009,0,0,178,0,350,0,118,170,1661,2264,4670,1585,1013,18380,44,630,868,794,5775,1051,665,2249,2203,2070,964,561,506,5698,77,3818,105,0,172,306,70,161,392,119,131,347,0,7033,178,173,2116,899,900,1201,0,80,606,145,268,432,35
ACSSF,2010e1,co,000,0122,0000034,42205,396,2860,7473,1051,4268,1448,1538,1677,6164,7006,4882,2043,1399,15744,72,463,3591,151,272,333,970,531,3486,4169,622,319,765,8580,0,0,58,0,136,0,0,54,1266,1651,3712,1363,340,9457,60,60,1243,741,2809,161,454,1025,970,1128,368,144,294,2942,159,2268,114,0,165,0,0,0,72,0,0,164,0,5482,105,69,2467,159,886,954,114,67,370,58,180,53,0
ACSSF,2010e1,co,000,0122,0000035,,,,,,,,,,,,,,,,,,,,,,,,,,,,,,,,,,,,,,,,,,,,,,,,,,,,,,,,,,,,,,,,,,,,,,,,,,,,,,,,,,,,
ACSSF,2010e1,co,000,0122,0000036,42839,318,3044,3333,1053,7545,1406,612,1694,4298,10844,4907,1353,2432,11700,48,250,705,0,530,46,118,753,685,6106,1476,129,854,8988,0,0,0,0,497,0,43,81,1193,2888,2413,677,1196,12654,0,154,561,796,5191,333,426,623,2117,1330,741,0,382,4162,0,2392,357,60,170,336,0,132,248,106,0,361,0,5335,270,248,1710,197,1157,691,25,105,55,414,277,186,0
ACSSF,2010e1,co,000,0122,0000037,59012,754,4803,4417,3567,7233,4439,2381,3923,7828,9447,4096,3198,2926,18559,61,996,1828,788,659,448,1069,1508,3101,5590,834,415,1262,9815,0,88,112,148,273,64,0,235,1581,1801,2650,1903,960,17948,130,36,325,2226,5287,1430,845,2015,2342,1752,489,367,704,6057,563,3431,272,84,60,301,430,165,336,131,123,161,0,6633,0,252,1880,321,954,2196,37,0,468,173,0,352,0
ACSSF,2010e1,co,000,0122,0000038,53843,529,4115,4766,1340,6024,3503,2223,3384,6463,10359,4680,2622,3835,20613,116,683,1747,370,537,692,946,1644,3823,7169,1079,653,1154,8285,0,0,0,0,314,51,119,0,997,1579,3006,1029,1190,14106,219,416,810,792,4158,1052,663,1522,1224,1392,528,205,1125,5611,194,2955,432,38,377,195,308,50,167,139,67,502,187,5228,0,61,1777,140,638,1513,187,168,252,80,0,233,179
ACSSF,2010e1,co,000,0122,0000039,,,,,,,,,,,,,,,,,,,,,,,,,,,,,,,,,,,,,,,,,,,,,,,,,,,,,,,,,,,,,,,,,,,,,,,,,,,,,,,,,,,,
ACSSF,2010e1,co,000,0122,0000040,195102,665,11935,13319,2503,23060,7063,5845,12029,27438,43059,23531,11984,12671,76473,162,1923,5133,247,2675,1559,3286,5184,15978,27131,3415,3189,6591,37186,0,34,197,0,578,139,73,221,4643,10058,15448,3184,2611,47204,50,921,2299,1245,15545,1845,1980,5947,4719,5109,2682,2240,2622,15019,383,8546,609,137,857,647,313,217,959,113,335,1391,512,19220,70,511,5081,874,3405,2873,193,460,1139,648,1651,1980,335
ACSSF,2010e1,co,000,0122,0000041,155674,1383,15864,7772,4364,19465,9533,5350,12048,17525,28865,18021,7990,7494,43676,853,1244,1676,860,1695,1105,2658,5066,7693,15120,1867,720,3119,31809,0,50,0,0,1061,363,69,447,3490,8141,12345,4080,1763,40596,530,568,849,1562,13086,2727,1835,5702,4754,4194,2103,920,1766,20651,0,13192,577,415,1123,930,587,278,633,570,521,1280,545,18942,0,810,4670,1527,2500,4408,201,555,955,840,1185,990,301
ACSSF,2010e1,co,000,0122,0000042,301802,2992,20879,18646,8827,27807,10990,11353,23986,51414,60833,36967,15328,11780,127534,1859,4261,6045,1907,3949,1587,6902,10133,30106,43325,7841,3182,6437,54393,41,251,121,0,1249,362,367,589,9816,9760,23503,6202,2132,72676,297,1092,3871,5128,19178,3390,3371,12876,8758,5696,4241,2387,2391,22280,705,14510,718,447,845,785,277,335,680,560,363,1482,573,24919,90,765,7891,1345,2586,4866,436,53,2054,1492,1019,2075,247
ACSSF,2010e1,co,000,0122,0000043,75032,580,2653,5558,1914,9804,2058,1304,4038,9641,21087,9151,4496,2748,35118,160,454,3008,371,1708,742,523,1724,6265,15761,1541,1502,1359,13792,0,115,89,0,284,59,61,51,1493,2646,6038,2252,704,18073,0,85,864,1269,6691,385,720,2201,1402,2457,1031,350,618,3230,420,1948,0,0,347,77,0,0,66,48,80,177,67,4819,0,51,1597,274,774,795,0,62,415,175,461,215,0
ACSSF,2010e1,co,000,0122,0000044,,,,,,,,,,,,,,,,,,,,,,,,,,,,,,,,,,,,,,,,,,,,,,,,,,,,,,,,,,,,,,,,,,,,,,,,,,,,,,,,,,,,
ACSSF,2010e1,co,000,0122,0000045,42331,964,2529,6208,1013,5833,1790,603,2969,3307,9725,3692,1467,2231,12423,199,210,548,198,177,154,143,1215,1762,6170,396,318,933,7829,0,0,76,0,822,0,0,82,588,1975,2910,669,707,9732,0,94,794,365,3448,129,460,1672,625,1262,386,98,399,4898,765,1788,1152,0,216,279,0,0,103,101,0,382,112,7449,0,437,3638,450,1170,1228,0,0,229,217,0,0,80
ACSSF,2010e1,co,000,0122,0000046,42839,318,3044,3333,1053,7545,1406,612,1694,4298,10844,4907,1353,2432,11700,48,250,705,0,530,46,118,753,685,6106,1476,129,854,8988,0,0,0,0,497,0,43,81,1193,2888,2413,677,1196,12654,0,154,561,796,5191,333,426,623,2117,1330,741,0,382,4162,0,2392,357,60,170,336,0,132,248,106,0,361,0,5335,270,248,1710,197,1157,691,25,105,55,414,277,186,0
ACSSF,2010e1,co,000,0122,0000047,334287,3095,23374,20552,9837,31306,12209,13126,26954,56428,66963,41182,16857,12404,140140,1962,4437,6560,2073,4273,1704,8312,11744,32668,47374,8862,3428,6743,60164,41,251,121,0,1438,362,367,708,11153,10612,26214,6613,2284,81456,297,1138,4355,5858,21833,3773,3690,14058,9722,6668,4724,2830,2510,25409,705,16735,964,447,933,957,321,335,783,618,363,1675,573,27118,90,813,8552,1459,2829,5413,436,109,2102,1691,1019,2311,294
ACSSF,2010e1,co,000,0122,0000048,380433,4988,25721,31005,12217,41162,16845,11202,26246,55804,72384,47409,18458,16992,160417,1956,4986,15027,3451,4207,3258,6269,11301,35352,50418,12794,3950,7448,64337,283,172,427,300,1669,286,119,948,7910,11202,28227,8242,4552,94897,465,1447,5606,6455,29914,4621,3468,13081,9396,9478,5058,1938,3970,33180,2152,18413,1533,443,1456,1130,1076,626,1413,447,821,2918,752,27602,132,703,8412,1568,3916,7550,270,290,1733,839,509,1410,270
ACSSF,2010e1,co,000,0122,0000049,322150,16843,30719,14998,6586,42767,15992,5063,17758,27538,71810,38472,14577,19027,104583,6326,4614,3489,493,2791,1434,2476,8102,12453,44006,7458,3351,7590,63879,425,340,334,152,2422,219,43,607,6816,16614,24304,6008,5595,79278,642,2201,1930,3526,30149,3833,1762,7882,6615,9177,5385,1745,4431,43720,7764,21853,1053,1002,2679,3058,368,826,803,650,347,2455,862,30690,1686,1711,8192,1413,4726,7448,414,341,851,1363,978,1018,549
ACSSF,2010e1,co,000,0122,0000050,350621,16380,24113,40325,8555,40225,14507,6813,19440,34734,81182,31373,16300,16674,133532,5797,5123,13746,1547,3866,2822,3376,8054,20216,53444,4204,3707,7630,60430,746,241,458,62,1757,59,234,526,6125,15743,21906,6969,5604,80772,915,1257,5846,4906,28644,2749,2378,10160,6220,10140,3598,1528,2431,36375,7871,16291,2587,142,1592,1237,631,377,964,822,357,2671,833,39512,1051,1201,17688,1898,4366,7640,194,323,1209,1033,1308,1425,176
ACSSF,2010e1,co,000,0122,0000051,316362,2984,21764,21928,4795,36587,12771,7805,18248,41668,69510,37330,19020,21952,123266,845,3954,9003,618,4157,2574,4374,8027,25889,42701,6122,5281,9721,59958,77,34,300,0,1125,349,73,296,6624,15769,24111,5830,5370,73975,106,1591,3722,2628,24038,3199,2404,9055,6675,8416,4625,3094,4422,27712,1619,15243,947,410,1334,1287,526,410,1235,403,531,2414,1353,31451,337,942,7956,1139,5933,5362,428,460,1245,2221,1941,2401,1086
ACSSF,2010e1,co,000,0122,0000052,422399,5066,27928,28640,12556,50870,17451,20785,45485,62561,78171,31599,20275,21012,206858,3253,10765,16195,3142,6407,3958,13673,25145,43533,57196,7099,5826,10666,50058,486,204,310,50,1387,558,140,261,5458,10462,18316,6168,6258,112331,536,2884,4485,7023,36632,4673,5186,19295,11814,8078,4656,3802,3267,25708,662,13828,974,513,1748,1952,1222,337,971,619,380,2131,371,27444,129,247,6676,1828,4696,6310,564,447,785,1816,1148,2348,450
ACSSF,2010e1,co,000,0122,0000053,320422,4552,31904,23655,10256,36018,19703,8512,21179,40627,58587,33311,16627,15491,101453,2513,4203,6178,1716,2671,2572,4410,8085,20193,34575,5338,2382,6617,59285,33,217,223,73,1465,106,151,901,7421,14164,22088,7651,4792,84344,830,2228,3920,5478,25169,5660,2821,10772,10025,7871,4500,2133,2937,37574,924,23604,1490,381,2029,1512,969,642,1403,784,521,2525,790,37766,252,1652,11844,2608,4684,9853,161,779,1585,1193,864,1936,355
ACSSF,2010e1,co,000,0122,0000054,62019,3789,7536,2486,600,7197,3758,652,4186,6190,10725,7752,3769,3379,19199,1150,1005,809,0,134,312,419,1920,2813,6821,1930,375,1511,12602,31,0,0,0,609,95,0,285,2425,1941,4396,2130,690,13353,118,463,250,220,5574,516,149,1805,718,1481,1000,421,638,10957,1881,5490,391,83,278,1146,70,176,100,308,62,567,405,5908,609,578,1036,297,602,1689,14,0,134,174,364,276,135
ACSSF,2010e1,co,000,0122,0000055,74998,1907,6872,9934,2029,7227,2495,1484,5611,7108,18411,4331,3351,4238,33444,924,1971,4274,481,533,728,891,2243,4454,12844,697,975,2429,10163,258,0,0,0,179,0,0,177,818,3080,2998,1259,1394,16992,95,348,1580,1194,5633,539,356,2834,1711,1855,402,186,259,7995,469,4378,757,67,338,79,237,163,59,476,164,730,78,6404,161,175,3323,287,544,1149,0,194,66,156,70,201,78
ACSSF,2010e1,co,000,0122,0000056,62023,4102,3647,3530,1498,8034,2720,1543,3590,4322,16643,6345,2485,3564,20762,1031,745,1238,72,408,226,668,1291,1911,9928,943,388,1913,12278,0,75,107,112,183,0,0,126,792,4565,4220,1030,1068,16167,229,424,518,736,6121,645,603,1611,1353,1946,1074,447,460,6527,2400,2181,0,174,390,164,212,329,55,204,0,418,0,6289,442,222,1667,404,932,1685,60,233,211,0,108,202,123
ACSSF,2010e1,co,000,0122,0000057,71142,580,2191,5115,1861,9432,1995,1243,3619,9462,20279,8655,4173,2537,33521,160,454,2758,318,1645,742,523,1633,6189,15057,1541,1275,1226,13182,0,115,89,0,284,59,61,51,1443,2646,5652,2156,626,17191,0,85,864,1269,6458,322,659,1873,1349,2353,991,350,618,2768,420,1486,0,0,347,77,0,0,66,48,80,177,67,4480,0,51,1404,274,698,795,0,62,415,175,391,215,0
ACSSF,2010e1,co,000,0122,0000058,118785,4599,9851,13115,3415,17046,6306,1377,7511,11120,25836,9113,4387,5109,38020,1235,2086,2790,763,1072,703,658,3225,6090,15824,992,706,1876,19894,193,53,199,46,891,0,0,249,2538,5428,6768,1405,2124,30085,94,690,2091,1420,12312,1362,574,3835,1591,3806,884,740,686,14746,2881,6104,1840,40,575,955,145,202,531,121,0,1009,343,16040,196,918,6195,1146,2196,3286,0,0,370,657,469,527,80
ACSSF,2010e1,co,000,0122,0000059,64057,8944,4254,5645,975,7298,3334,1719,2347,4333,14097,3921,2871,4319,21668,3512,595,420,160,1028,423,779,977,2569,8431,280,471,2023,10276,384,45,112,16,267,0,173,78,654,3568,2937,671,1371,14115,646,325,770,460,5269,763,412,1227,824,1874,584,349,612,9621,3828,3185,95,74,285,206,275,65,236,87,84,951,250,8377,574,104,4248,265,449,1942,80,0,50,137,36,429,63
ACSSF,2010e1,co,000,0122,0000060,41786,4686,4046,2127,1070,4946,2667,573,1519,2047,10327,3260,2132,2386,12983,2200,648,575,0,361,202,299,614,862,5833,411,473,505,8141,198,28,133,0,241,47,0,28,333,2651,2438,800,1244,8914,20,40,144,467,3266,870,0,800,563,1495,273,372,604,7587,2102,3041,110,446,489,613,53,74,96,108,10,418,27,4161,166,289,1165,157,589,935,221,3,193,240,128,69,6
ACSSF,2010e1,co,000,0122,0000061,61576,371,4796,4956,1639,10468,2250,786,2452,5218,15614,7088,1892,4046,17530,101,647,1004,0,832,211,118,1091,963,9136,1834,267,1326,12625,0,58,0,0,716,0,43,101,1352,3824,3770,879,1882,17815,0,489,654,1198,7344,395,506,1023,2388,1930,1207,58,623,5805,0,3268,431,130,241,396,0,132,384,106,0,502,215,7801,270,334,2867,311,1335,1248,119,105,131,618,277,186,0
ACSSF,2010e1,co,000,0122,0000062,78693,4272,9165,2329,1847,10340,4045,1067,5182,7752,15437,9028,3610,4619,26907,2045,1266,300,360,964,420,553,2493,4164,9722,1255,1598,1767,14724,285,207,94,40,623,49,0,67,1658,3296,6779,950,676,19027,278,579,364,999,6318,1055,437,2507,1608,2004,837,359,1682,11830,1450,6885,129,169,1179,739,77,115,168,14,67,459,379,6205,214,228,1442,279,1256,1782,0,0,154,401,90,244,115
ACSSF,2010e1,co,000,0122,0000063,81745,2302,7610,1708,1003,6669,2458,1147,7275,7780,11506,24602,3571,4114,28621,1078,1336,590,351,227,403,455,3403,4677,8308,5868,625,1300,22912,57,84,0,0,719,28,0,589,1988,1677,14931,1921,918,18469,17,782,94,561,5501,997,597,3248,772,1427,2829,322,1322,8751,1085,5177,203,73,62,240,95,35,92,21,701,592,375,2992,65,231,821,18,160,790,0,0,251,73,273,111,199
ACSSF,2010e1,co,000,0122,0000064,59635,1371,3287,4286,1826,4682,2287,1632,3684,10948,11958,6894,3314,3466,31391,789,1021,2445,335,381,375,1168,1973,8652,9427,2213,796,1816,7231,44,0,90,0,55,0,0,78,779,1215,3145,977,848,12916,99,328,669,1323,3257,693,294,1562,1260,984,1044,675,728,4376,372,1848,222,0,214,53,124,0,257,204,321,687,74,3721,67,90,860,168,775,1166,46,71,0,128,171,179,0
ACSSF,2010e1,co,000,0122,0000065,67365,712,4283,11031,1846,6677,1890,2591,2985,10191,13104,6785,3052,2218,28830,199,592,5697,464,704,385,1871,1090,6547,8241,1177,546,1317,11701,144,0,58,152,202,0,0,54,1589,2523,4593,1859,527,15592,105,108,2149,1028,4507,315,606,1723,1613,2224,696,144,374,4693,159,3514,217,0,275,0,0,51,72,0,0,405,0,6549,105,69,2910,202,989,1190,114,67,370,116,319,98,0
ACSSF,2010e1,co,000,0122,0000066,,,,,,,,,,,,,,,,,,,,,,,,,,,,,,,,,,,,,,,,,,,,,,,,,,,,,,,,,,,,,,,,,,,,,,,,,,,,,,,,,,,,
ACSSF,2010e1,co,000,0122,0000067,64621,859,3027,7957,2495,5831,1934,1995,4946,10763,13231,5175,3045,3363,34198,423,1138,4566,807,302,468,1221,2401,7885,10080,1418,1436,2053,7864,82,0,174,0,295,129,0,0,987,1648,2939,785,825,15421,211,127,1306,1585,4371,408,534,2448,1710,1383,713,219,406,3256,143,1762,262,103,165,188,165,0,68,120,0,201,79,3882,0,0,1649,0,698,741,75,97,113,0,105,404,0
ACSSF,2010e1,co,000,0122,0000068,60894,474,4357,4390,1739,7165,4680,2321,3960,7787,10904,5653,2964,4500,21521,319,1011,1291,397,888,747,994,1911,3787,6658,1469,400,1649,9602,0,0,96,0,73,93,119,60,1036,2155,3297,1489,1184,16178,50,479,710,757,4772,1398,776,1560,1750,1829,765,141,1191,6194,105,2806,291,38,444,287,320,312,481,113,67,701,229,7399,0,61,2002,547,988,2155,112,117,733,149,55,233,247
ACSSF,2010e1,co,000,0122,0000069,64296,740,6300,5503,3393,7889,5079,2377,3600,8347,9816,4784,3669,2799,17932,0,1087,1671,571,660,448,1065,1622,2884,5668,718,394,1144,10917,0,88,43,148,273,64,0,175,2234,2106,3045,1962,779,18946,130,199,807,2196,5606,1268,845,1638,2425,1646,898,412,876,8096,610,4628,243,134,345,393,430,165,336,175,123,514,0,8405,0,298,2739,344,1005,2906,37,0,468,221,0,387,0
ACSSF,2010e1,co,000,0122,0000070,67731,1323,8387,7604,3141,8002,4954,1016,5305,7633,8722,5901,3194,2549,17471,467,1215,1955,350,723,434,477,2053,2682,5100,609,673,733,11847,0,0,69,73,275,0,0,151,1641,2091,5026,1142,1379,18070,274,460,886,1671,5416,1565,303,2817,2334,1243,182,482,437,10476,582,6456,625,131,546,312,236,162,841,68,0,517,0,9867,0,256,4069,916,1042,2643,0,122,135,220,84,380,0
ACSSF,2010e1,co,000,0122,0000071,92106,1432,6058,5655,3769,10996,7113,4427,8657,10612,16521,7045,4898,4923,37193,822,1307,2074,1181,1755,896,2705,4547,6500,11106,1138,690,2472,12551,49,0,0,0,593,47,69,77,1669,2884,4268,1765,1130,23934,262,253,662,1364,7375,2092,1137,3884,2098,2187,1089,376,1155,8184,225,4421,247,375,367,704,282,53,303,66,0,1020,121,10244,74,77,2672,849,906,3374,234,96,42,278,550,1047,45
ACSSF,2010e1,co,000,0122,0000072,53711,558,5363,3036,1245,8026,3536,1655,4336,5831,9969,5742,2052,2362,13849,268,372,521,176,670,495,715,1750,2301,4949,686,269,677,8998,0,0,0,0,0,257,0,197,925,2476,3723,942,478,15970,290,220,326,486,5773,760,632,2227,1818,1730,652,427,629,7483,0,4512,281,0,580,391,308,162,173,251,322,181,322,7411,0,259,1908,583,1003,1633,0,0,614,563,359,233,256
ACSSF,2010e1,co,000,0122,0000073,50310,179,6799,1925,1296,5491,2158,883,2911,6065,9930,7192,3325,2156,10679,0,286,258,291,291,138,452,1003,2318,3984,681,175,802,14327,0,50,0,0,651,59,0,173,1473,4094,5195,2005,627,11199,179,158,233,217,3396,897,293,1160,1720,1292,841,259,554,8208,0,5754,102,218,303,197,105,116,213,319,199,509,173,5897,0,551,1332,570,850,867,33,459,341,241,276,377,0
ACSSF,2010e1,co,000,0122,0000074,60496,459,2574,3168,2003,7448,1992,2199,7806,10395,12796,5171,2795,1690,30941,459,1594,1976,565,587,570,1365,3861,7674,9691,831,784,984,7625,0,0,62,50,211,49,0,0,739,1666,3502,1061,285,17485,0,331,497,1316,6005,542,787,3839,1551,1046,774,570,227,2066,0,649,0,72,433,161,0,33,354,0,0,170,194,2379,0,0,633,0,212,670,47,73,77,393,64,210,0
ACSSF,2010e1,co,000,0122,0000075,70653,639,5003,5445,1877,5980,3688,2624,3638,13159,13778,8310,3066,3446,27409,240,650,1759,286,834,355,1672,1532,6681,9284,1679,501,1936,13339,41,0,0,0,109,172,92,151,3071,2843,4773,1290,797,15800,81,247,846,892,3566,1321,631,1955,2858,1384,1277,232,510,5923,233,3950,221,269,339,109,101,0,193,45,46,276,141,8182,44,156,2619,430,1132,1731,128,0,356,222,535,767,62
ACSSF,2010e1,co,000,0122,0000076,49725,681,4980,2609,2095,3672,1391,1662,3574,8490,10554,5567,3124,1326,22134,488,984,531,844,706,250,877,1929,5109,7379,1660,649,728,8017,0,0,0,0,53,0,189,0,1177,1724,3426,1389,59,11509,47,260,1004,738,2741,516,545,1645,1661,1199,431,483,239,4132,146,3516,177,0,0,56,0,0,0,49,0,0,188,3933,0,220,897,513,172,569,51,0,543,203,50,603,112
ACSSF,2010e1,co,000,0122,0000077,,,,,,,,,,,,,,,,,,,,,,,,,,,,,,,,,,,,,,,,,,,,,,,,,,,,,,,,,,,,,,,,,,,,,,,,,,,,,,,,,,,,
ACSSF,2010e1,co,000,0122,0000078,82154,701,3907,3533,1622,8907,3180,4063,7175,12538,17527,11063,4839,3099,35967,530,946,1593,313,1272,779,2730,2581,7821,12919,2591,649,1243,15328,0,0,0,0,620,190,0,442,1682,2223,7421,1928,822,21678,125,58,831,1193,6242,594,1333,3980,2423,1888,797,1253,961,4877,0,2831,189,64,318,321,0,172,221,132,102,527,0,4304,46,72,920,52,455,1296,0,0,391,365,152,482,73
ACSSF,2010e1,co,000,0122,0000079,50550,121,5779,4067,2108,5982,2031,1140,3961,6730,7409,5784,3163,2275,10674,0,815,560,56,594,167,533,902,1948,3395,303,368,1033,12242,0,251,48,0,364,0,86,48,3257,2319,4256,964,649,14157,0,332,628,1536,3990,657,476,2860,877,876,911,605,409,6719,121,4064,64,114,127,378,45,98,266,276,215,767,184,6758,0,317,2767,402,907,829,0,53,382,543,99,459,0
ACSSF,2010e1,co,000,0122,0000080,56194,798,5636,5210,2398,7262,2868,1903,4008,7207,9214,4669,2388,2633,20169,556,644,1851,576,277,511,828,1720,3824,6386,1686,293,1017,7406,0,92,0,0,208,0,33,133,1409,1621,2062,1000,848,17728,51,377,1366,1724,6153,712,600,1938,1917,1144,881,318,547,6099,191,4230,106,56,174,259,314,76,57,0,0,415,221,4792,0,293,1887,42,450,1386,128,141,0,63,40,362,0
ACSSF,2010e1,co,000,0122,0000081,49606,695,4344,2695,1288,5937,2276,1904,3558,7968,10085,5060,2383,1413,17739,555,254,759,56,528,533,1377,1098,4995,5767,769,444,604,9370,0,75,0,0,400,0,41,115,1066,2763,3422,1059,429,12852,0,396,403,853,4033,591,416,2218,1390,1343,547,317,345,5086,140,3305,311,0,139,397,70,74,287,66,54,243,0,4559,0,314,1222,379,837,755,0,53,230,146,268,320,35
ACSSF,2010e1,co,000,0122,0000082,69480,500,4879,6052,1990,8075,3112,2342,4853,9937,13011,6219,3564,4946,28712,226,1467,1781,419,1013,850,1565,2466,5639,8846,1212,779,2449,11404,0,0,290,0,205,0,148,55,1532,2002,3833,1617,1722,18584,44,783,1439,887,5630,1011,629,2046,2082,1726,971,767,569,4103,52,2521,153,0,424,157,0,161,169,161,77,228,0,6677,178,108,2389,684,803,1094,0,125,515,276,126,173,206
ACSSF,2010e1,co,000,0122,0000083,52037,378,3176,3619,1250,6002,1413,2137,3680,8070,10962,6248,2341,2761,22269,228,846,1818,227,737,117,1034,1531,5090,7591,1097,560,1393,9057,0,0,0,0,189,252,0,51,1288,1700,4109,702,766,13633,53,208,724,715,3973,555,1005,1946,1388,1256,926,329,555,3843,97,2074,404,52,200,142,98,44,103,97,39,493,0,3235,0,48,673,256,903,347,0,108,201,318,77,257,47
ACSSF,2010e1,co,000,0122,0000084,72906,553,4991,5037,2197,7770,2457,5022,8503,12075,14257,4021,3460,2563,41646,553,2579,3538,644,904,644,3213,5063,8841,11528,1200,1461,1478,5251,0,0,0,0,125,0,0,57,633,1135,1739,688,874,18797,0,392,714,1383,5827,375,1339,3338,2291,1215,950,799,174,3672,0,2020,243,0,426,217,187,45,47,59,132,296,0,3540,0,0,542,170,488,1221,283,0,263,320,0,216,37
ACSSF,2010e1,co,000,0122,0000085,95122,1068,6209,7277,1837,11056,3469,5284,12159,14172,16106,6899,4667,4919,50543,472,2957,4785,355,1707,1057,3950,7516,9458,12413,1960,1597,2316,10744,191,70,136,0,360,0,0,75,1358,1636,3753,1302,1863,25412,143,950,1456,1190,7621,875,872,4517,3356,1615,1127,1006,684,3902,133,2232,75,63,95,509,462,0,0,130,0,147,56,4521,129,0,825,229,1273,1028,0,51,0,312,59,615,0
ACSSF,2010e1,co,000,0122,0000086,60998,425,4158,4587,1140,6097,2782,1070,3793,9187,15265,4835,3289,4370,29648,215,1239,2781,260,781,508,744,1977,7432,9426,1029,1173,2083,8854,77,0,0,0,387,90,0,75,444,2652,3441,743,945,12556,0,332,634,606,3777,629,164,1741,1301,1952,299,664,457,4370,133,2501,163,113,215,273,68,0,0,158,0,261,485,5570,0,86,1009,161,937,1282,94,0,10,1077,66,448,400
ACSSF,2010e1,co,000,0122,0000087,49270,257,2969,3916,646,5335,1438,1203,3721,7253,9508,7396,3196,2432,22056,0,780,1684,65,933,611,745,2253,4955,6687,1039,982,1322,9022,0,0,153,0,132,0,0,0,1279,1436,4860,916,246,10059,0,428,818,413,3138,296,458,1159,728,1208,548,291,574,3370,257,1710,52,91,197,222,0,65,190,0,144,442,0,4763,0,51,1209,77,935,309,0,244,101,177,805,565,290
ACSSF,2010e1,co,000,0122,0000088,45391,283,4164,2145,723,5971,1581,1281,2649,5398,10597,6034,2866,1699,14903,105,541,940,55,646,127,577,910,2362,6302,1045,610,683,9788,0,34,0,0,246,61,0,118,1463,2545,3938,1050,333,11550,50,211,68,179,4202,655,563,1508,1131,1319,656,472,536,4924,58,3154,251,46,98,58,141,0,345,113,191,367,102,4226,70,224,886,443,779,680,0,113,97,318,204,367,45
ACSSF,2010e1,co,000,0122,0000089,76846,100,4606,6305,972,9318,3385,2722,4113,10625,16999,7102,4385,6214,32732,0,913,2489,123,1208,687,1607,1615,6938,10782,1209,1663,3498,12164,0,0,0,0,150,0,73,49,1403,3978,4387,741,1383,20153,0,451,1142,557,6523,1033,810,2392,1729,2239,1070,1209,998,4360,100,2773,138,0,408,191,232,0,135,0,0,216,167,7437,0,469,2536,292,1029,1474,0,57,420,0,436,556,168
ACSSF,2010e1,co,000,0122,0000090,43217,155,3055,3281,687,5829,1834,892,2472,4798,8292,5438,2929,3555,9318,57,57,345,115,437,134,381,699,1750,3057,527,442,1317,10679,0,0,92,0,50,127,0,54,887,3668,3652,1112,1037,10375,0,0,537,510,3255,463,318,1370,1035,867,891,208,921,5841,98,2949,215,0,303,274,0,303,535,132,0,752,280,7004,0,49,2092,62,1784,836,193,46,591,568,368,415,0
ACSSF,2010e1,co,000,0122,0000091,43915,1812,3884,1900,554,4274,1911,672,1873,4831,8970,6386,2652,4196,15821,468,571,958,0,152,552,401,774,2784,6227,1301,499,1134,9458,0,134,55,0,160,71,0,0,1086,1512,3742,1333,1365,9836,56,181,523,363,3033,123,0,998,905,1223,1161,250,1020,5838,1021,2927,140,87,233,269,130,42,30,0,120,520,319,2962,267,71,224,104,696,896,141,59,26,8,62,50,358
ACSSF,2010e1,co,000,0122,0000092,,,,,,,,,,,,,,,,,,,,,,,,,,,,,,,,,,,,,,,,,,,,,,,,,,,,,,,,,,,,,,,,,,,,,,,,,,,,,,,,,,,,
ACSSF,2010e1,co,000,0122,0000093,95774,698,12377,4849,2533,11786,5898,2427,6767,8969,17250,12547,5192,4481,21341,408,601,906,417,835,531,1063,2832,2681,7887,1013,487,1680,21500,0,50,0,0,789,106,0,365,2311,5567,8664,2807,841,23749,290,378,394,866,7671,1369,877,3081,2692,2698,1714,581,1138,15719,0,10736,383,157,969,257,454,208,442,530,521,496,566,13465,0,612,3166,1093,1522,3635,33,281,843,568,635,821,256
ACSSF,2010e1,co,000,0122,0000094,115604,1014,3822,11383,2846,10870,2646,3402,6829,21576,29197,12386,6363,3270,68365,440,1367,7508,1111,1374,1406,2781,3199,17575,22818,4646,1820,2320,16230,283,0,45,152,240,78,0,41,1582,3541,6510,3113,645,22767,87,147,1893,1436,8191,409,605,3475,2063,2695,1007,454,305,3915,204,2308,56,104,331,0,16,114,109,65,0,608,0,4327,0,0,1881,43,734,753,0,0,247,78,223,368,0
ACSSF,2010e1,co,000,0122,0000095,37904,1213,3579,4680,1550,3667,3390,910,3848,4011,4791,2329,1972,1964,13116,357,831,1905,413,391,417,612,1785,1949,2630,488,617,721,4899,0,0,0,0,0,0,0,0,466,1023,1755,678,977,11022,274,214,410,954,2669,1235,150,1949,1536,920,86,359,266,4461,582,2470,290,75,276,312,148,114,60,68,0,66,0,4406,0,64,2075,108,331,1426,0,0,0,150,0,252,0
ACSSF,2010e1,co,000,0122,0000096,144281,1107,6841,7735,4883,18811,8861,7374,14415,21921,27526,12617,6975,5215,61681,661,2040,3183,1475,2399,1687,4666,6861,14296,18244,2600,1120,2449,20758,16,0,0,50,494,257,69,201,2493,5197,8111,2351,1519,41084,305,253,1250,2098,13917,2756,2144,6936,4548,3207,1292,1226,1152,8780,125,4350,327,330,525,1086,214,70,382,164,0,1157,50,11978,0,198,2975,930,1476,3075,281,347,202,714,614,1121,45
ACSSF,2010e1,co,000,0122,0000097,107400,514,8659,6760,1858,13451,3525,3572,6708,12889,24550,12751,6766,5397,38791,105,1126,2313,178,1905,821,1697,3014,6454,14898,2110,1780,2390,20881,0,34,44,0,378,61,73,221,3127,5621,8192,1871,1259,26023,50,525,909,872,8756,1113,1588,3238,1995,3423,1200,1149,1205,10698,289,6750,303,95,624,290,185,65,646,113,255,910,173,11007,70,224,3191,713,1788,1240,29,170,667,495,994,1056,370
ACSSF,2010e1,co,000,0122,0000098,301802,2992,20879,18646,8827,27807,10990,11353,23986,51414,60833,36967,15328,11780,127534,1859,4261,6045,1907,3949,1587,6902,10133,30106,43325,7841,3182,6437,54393,41,251,121,0,1249,362,367,589,9816,9760,23503,6202,2132,72676,297,1092,3871,5128,19178,3390,3371,12876,8758,5696,4241,2387,2391,22280,705,14510,718,447,845,785,277,335,680,560,363,1482,573,24919,90,765,7891,1345,2586,4866,436,53,2054,1492,1019,2075,247
ACSSF,2010e1,co,000,0122,0000099,148817,1621,9581,11037,3410,17473,5609,9568,18094,22839,26526,9812,6824,6423,81162,1025,4559,7651,942,2458,1647,6589,11099,15871,20627,2805,2623,3266,14303,191,70,136,0,413,0,0,75,1819,2628,4931,1759,2281,39775,143,1307,2063,2091,12531,1174,2048,6824,4839,2558,1885,1529,783,6373,133,3645,142,63,457,655,648,45,47,130,132,220,56,7204,129,0,1045,314,1614,2133,283,51,263,583,59,693,37
ACSSF,2010e1,co,000,0122,0000100,,,,,,,,,,,,,,,,,,,,,,,,,,,,,,,,,,,,,,,,,,,,,,,,,,,,,,,,,,,,,,,,,,,,,,,,,,,,,,,,,,,,
ACSSF,2010e1,co,000,0122,0000101,94781,1507,4119,8313,2656,11459,2340,1563,5385,10897,25779,10358,5361,5044,44873,926,1086,4730,581,1659,854,707,2397,7131,18878,1483,1638,2803,17389,0,115,89,0,381,59,61,110,1783,3571,7172,2772,1276,21454,0,143,1291,1802,7788,389,720,2581,1443,3076,1074,405,742,4909,420,2683,60,67,564,156,75,163,125,48,124,279,145,6156,161,92,2143,206,1067,882,0,134,415,206,505,267,78
ACSSF,2010e1,co,000,0122,0000102,62023,4102,3647,3530,1498,8034,2720,1543,3590,4322,16643,6345,2485,3564,20762,1031,745,1238,72,408,226,668,1291,1911,9928,943,388,1913,12278,0,75,107,112,183,0,0,126,792,4565,4220,1030,1068,16167,229,424,518,736,6121,645,603,1611,1353,1946,1074,447,460,6527,2400,2181,0,174,390,164,212,329,55,204,0,418,0,6289,442,222,1667,404,932,1685,60,233,211,0,108,202,123
ACSSF,2010e1,co,000,0122,0000103,55671,1948,3853,6949,1553,8009,2377,770,3776,4640,11802,5382,1933,2679,15761,254,834,853,198,239,407,143,1307,2369,7281,396,434,1046,10580,0,0,76,0,891,0,0,128,911,2618,4125,789,1042,13921,0,305,850,870,5366,181,548,2341,869,1441,601,150,399,6839,1694,2221,1214,0,252,344,79,0,262,101,0,560,112,8570,0,493,3956,485,1261,1445,0,0,229,361,260,0,80
ACSSF,2010e1,co,000,0122,0000104,,,,,,,,,,,,,,,,,,,,,,,,,,,,,,,,,,,,,,,,,,,,,,,,,,,,,,,,,,,,,,,,,,,,,,,,,,,,,,,,,,,,
ACSSF,2010e1,co,000,0122,0000105,274269,3429,21854,22076,8580,30167,11173,9177,21235,41581,52850,23621,13499,15027,119026,2343,5464,8896,1758,2694,2255,5667,9400,26813,37399,5716,3278,7343,39215,44,167,383,0,1057,105,222,438,4840,8468,13260,5193,5038,72306,334,2090,4256,5468,21733,3164,2482,10485,8247,5735,3743,2341,2228,21616,530,13328,1119,108,1241,1108,550,311,726,649,251,1572,123,22106,178,805,7422,1246,3442,4541,256,601,955,599,651,1115,295
ACSSF,2010e1,co,000,0122,0000106,46834,478,2237,2412,1325,5622,1051,1553,5601,7207,9849,5158,1806,2535,21978,377,1197,1262,203,601,0,806,2598,5123,7283,810,454,1264,7486,0,0,62,0,137,247,0,51,663,1453,3496,743,634,12755,53,440,301,984,3703,364,747,2875,1049,824,799,173,443,2050,48,600,158,0,288,50,0,77,219,59,39,318,194,2565,0,0,629,138,893,390,0,0,153,230,14,118,0
ACSSF,2010e1,co,000,0122,0000107,73882,621,5341,11468,2013,9058,2745,2188,3544,10561,14728,6516,2826,2273,29272,250,1026,5335,482,914,453,1422,1444,6828,8682,765,564,1107,12339,0,0,58,0,202,0,0,137,1607,3174,5035,1559,567,18203,60,174,2258,1125,6051,702,606,1896,1609,2556,450,272,444,5626,159,4012,444,0,326,80,0,0,72,0,0,378,155,8442,152,129,3373,406,1565,1510,160,67,445,316,266,53,0
ACSSF,2010e1,co,000,0122,0000108,51730,1050,4945,6882,1234,5120,2076,1221,3740,5607,12904,3144,2163,1644,22263,228,1339,2497,218,519,616,764,1496,3490,8920,799,612,765,6297,258,0,0,0,82,0,0,118,478,2155,1819,643,744,12451,95,290,1078,661,4223,472,295,2004,1573,1132,362,131,135,5843,469,3182,641,0,121,0,162,0,0,476,164,628,0,4876,0,134,2666,355,175,988,0,122,66,221,0,149,0
ACSSF,2010e1,co,000,0122,0000109,44387,318,3482,3572,1120,7899,1607,612,1694,4424,10996,4847,1384,2432,11755,48,250,705,0,530,46,118,753,685,6190,1416,160,854,9114,0,0,0,0,497,0,43,81,1251,2956,2413,677,1196,13181,0,192,561,863,5545,333,426,623,2185,1330,741,0,382,4562,0,2792,357,60,170,336,0,132,248,106,0,361,0,5775,270,248,1949,197,1157,892,25,105,55,414,277,186,0
ACSSF,2010e1,co,000,0122,0000110,102034,1141,7858,8099,4407,11278,7251,4055,6584,14562,16895,9739,4667,5498,35867,323,1408,2884,1227,1192,1155,1672,3304,6476,10426,2211,901,2688,15374,0,0,265,148,273,157,119,60,2631,2932,5844,1425,1520,28796,112,553,1512,2291,8041,1765,1385,2671,4269,2995,1506,660,1036,11166,706,5599,376,139,399,669,842,427,589,175,123,1001,121,10831,0,298,3062,602,1373,3505,37,122,597,367,55,680,133
ACSSF,2010e1,co,000,0122,0000111,33341,104,4292,3267,1422,4528,2180,582,1103,3462,5279,3736,1646,1740,7513,50,479,576,71,241,116,402,372,1158,3295,372,43,338,6905,0,0,0,73,260,0,0,0,951,1449,2993,1015,164,8392,0,317,657,701,3130,821,48,578,507,488,326,0,819,5622,54,3435,297,38,424,77,73,98,452,47,0,268,359,4909,0,61,1737,539,473,1166,59,55,394,0,45,320,60
