ACSSF,2010e1,co,000,0166,0000001,46179,30885,2577,1977,98.9,96.3,96.1,96.6,,,,,,,,,98.1,1.9,1.1,0.0,0.2,0.1,0.0,0.3,0.2,98.9,1.1,1.0,0.0,0.0,0.0,0.0,0.0,0.0,0.0,5.9,4.7
ACSSF,2010e1,co,000,0166,0000002,,,,,,,,,,,,,,,,,,,,,,,,,,,,,,,,,,,,,
ACSSF,2010e1,co,000,0166,0000003,,,,,,,,,,,,,,,,,,,,,,,,,,,,,,,,,,,,,
ACSSF,2010e1,co,000,0166,0000004,,,,,,,,,,,,,,,,,,,,,,,,,,,,,,,,,,,,,
ACSSF,2010e1,co,000,0166,0000005,,,,,,,,,,,,,,,,,,,,,,,,,,,,,,,,,,,,,
ACSSF,2010e1,co,000,0166,0000006,,,,,,,,,,,,,,,,,,,,,,,,,,,,,,,,,,,,,
ACSSF,2010e1,co,000,0166,0000007,,,,,,,,,,,,,,,,,,,,,,,,,,,,,,,,,,,,,
ACSSF,2010e1,co,000,0166,0000008,,,,,,,,,,,,,,,,,,,,,,,,,,,,,,,,,,,,,
ACSSF,2010e1,co,000,0166,0000009,,,,,,,,,,,,,,,,,,,,,,,,,,,,,,,,,,,,,
ACSSF,2010e1,co,000,0166,0000010,,,,,,,,,,,,,,,,,,,,,,,,,,,,,,,,,,,,,
ACSSF,2010e1,co,000,0166,0000011,,,,,,,,,,,,,,,,,,,,,,,,,,,,,,,,,,,,,
ACSSF,2010e1,co,000,0166,0000012,,,,,,,,,,,,,,,,,,,,,,,,,,,,,,,,,,,,,
ACSSF,2010e1,co,000,0166,0000013,3032,2045,,,,,,,,,,,,,,,98.6,1.4,0.8,0.0,0.0,0.1,0.0,0.2,0.2,,,,,,,,,,,,
ACSSF,2010e1,co,000,0166,0000014,4656,3288,,,,,,,,,,,,,,,97.5,2.5,1.8,0.0,0.3,0.2,0.0,0.2,0.0,,,,,,,,,,,,
ACSSF,2010e1,co,000,0166,0000015,2465,1828,,,,,,,,,,,,,,,98.6,1.4,1.3,0.0,0.0,0.0,0.0,0.1,0.0,,,,,,,,,,,,
ACSSF,2010e1,co,000,0166,0000016,5341,3675,,,,,,,,,,,,,,,97.5,2.5,1.6,0.1,0.2,0.1,0.0,0.3,0.3,,,,,,,,,,,,
ACSSF,2010e1,co,000,0166,0000017,1786,1352,,,,,,,,,,,,,,,97.7,2.3,1.8,0.0,0.0,0.2,0.0,0.2,0.0,,,,,,,,,,,,
ACSSF,2010e1,co,000,0166,0000018,4712,3274,,,,,,,,,,,,,,,98.6,1.4,0.7,0.0,0.1,0.2,0.0,0.4,0.1,,,,,,,,,,,,
ACSSF,2010e1,co,000,0166,0000019,4360,3375,,,,,,,,,,,,,,,98.1,1.9,0.8,0.0,0.5,0.1,0.0,0.3,0.3,,,,,,,,,,,,
ACSSF,2010e1,co,000,0166,0000020,2345,1691,,,,,,,,,,,,,,,99.0,1.0,0.5,0.0,0.0,0.2,0.0,0.3,0.0,,,,,,,,,,,,
ACSSF,2010e1,co,000,0166,0000021,1161,795,,,,,,,,,,,,,,,97.0,3.0,1.2,0.0,0.0,0.0,0.0,1.3,0.6,,,,,,,,,,,,
ACSSF,2010e1,co,000,0166,0000022,1392,947,,,,,,,,,,,,,,,99.5,0.5,0.2,0.0,0.0,0.0,0.0,0.3,0.0,,,,,,,,,,,,
ACSSF,2010e1,co,000,0166,0000023,2079,1335,,,,,,,,,,,,,,,97.8,2.2,0.5,0.0,0.9,0.2,0.0,0.5,0.3,,,,,,,,,,,,
ACSSF,2010e1,co,000,0166,0000024,,,,,,,,,,,,,,,,,,,,,,,,,,,,,,,,,,,,,
ACSSF,2010e1,co,000,0166,0000025,,,,,,,,,,,,,,,,,,,,,,,,,,,,,,,,,,,,,
ACSSF,2010e1,co,000,0166,0000026,,,,,,,,,,,,,,,,,,,,,,,,,,,,,,,,,,,,,
ACSSF,2010e1,co,000,0166,0000027,,,,,,,,,,,,,,,,,,,,,,,,,,,,,,,,,,,,,
ACSSF,2010e1,co,000,0166,0000028,,,,,,,,,,,,,,,,,,,,,,,,,,,,,,,,,,,,,
ACSSF,2010e1,co,000,0166,0000029,,,,,,,,,,,,,,,,,,,,,,,,,,,,,,,,,,,,,
ACSSF,2010e1,co,000,0166,0000030,,,,,,,,,,,,,,,,,,,,,,,,,,,,,,,,,,,,,
ACSSF,2010e1,co,000,0166,0000031,,,,,,,,,,,,,,,,,,,,,,,,,,,,,,,,,,,,,
ACSSF,2010e1,co,000,0166,0000032,,,,,,,,,,,,,,,,,,,,,,,,,,,,,,,,,,,,,
ACSSF,2010e1,co,000,0166,0000033,,,,,,,,,,,,,,,,,,,,,,,,,,,,,,,,,,,,,
ACSSF,2010e1,co,000,0166,0000034,,,,,,,,,,,,,,,,,,,,,,,,,,,,,,,,,,,,,
ACSSF,2010e1,co,000,0166,0000035,,,,,,,,,,,,,,,,,,,,,,,,,,,,,,,,,,,,,
ACSSF,2010e1,co,000,0166,0000036,,,,,,,,,,,,,,,,,,,,,,,,,,,,,,,,,,,,,
ACSSF,2010e1,co,000,0166,0000037,,,,,,,,,,,,,,,,,,,,,,,,,,,,,,,,,,,,,
ACSSF,2010e1,co,000,0166,0000038,,,,,,,,,,,,,,,,,,,,,,,,,,,,,,,,,,,,,
ACSSF,2010e1,co,000,0166,0000039,,,,,,,,,,,,,,,,,,,,,,,,,,,,,,,,,,,,,
ACSSF,2010e1,co,000,0166,0000040,,,,,,,,,,,,,,,,,,,,,,,,,,,,,,,,,,,,,
ACSSF,2010e1,co,000,0166,0000041,,,,,,,,,,,,,,,,,,,,,,,,,,,,,,,,,,,,,
ACSSF,2010e1,co,000,0166,0000042,,,,,,,,,,,,,,,,,,,,,,,,,,,,,,,,,,,,,
ACSSF,2010e1,co,000,0166,0000043,,,,,,,,,,,,,,,,,,,,,,,,,,,,,,,,,,,,,
ACSSF,2010e1,co,000,0166,0000044,,,,,,,,,,,,,,,,,,,,,,,,,,,,,,,,,,,,,
ACSSF,2010e1,co,000,0166,0000045,,,,,,,,,,,,,,,,,,,,,,,,,,,,,,,,,,,,,
ACSSF,2010e1,co,000,0166,0000046,,,,,,,,,,,,,,,,,,,,,,,,,,,,,,,,,,,,,
ACSSF,2010e1,co,000,0166,0000047,,,,,,,,,,,,,,,,,,,,,,,,,,,,,,,,,,,,,
ACSSF,2010e1,co,000,0166,0000048,,,,,,,,,,,,,,,,,,,,,,,,,,,,,,,,,,,,,
ACSSF,2010e1,co,000,0166,0000049,,,,,,,,,,,,,,,,,,,,,,,,,,,,,,,,,,,,,
ACSSF,2010e1,co,000,0166,0000050,,,,,,,,,,,,,,,,,,,,,,,,,,,,,,,,,,,,,
ACSSF,2010e1,co,000,0166,0000051,,,,,,,,,,,,,,,,,,,,,,,,,,,,,,,,,,,,,
ACSSF,2010e1,co,000,0166,0000052,,,,,,,,,,,,,,,,,,,,,,,,,,,,,,,,,,,,,
ACSSF,2010e1,co,000,0166,0000053,,,,,,,,,,,,,,,,,,,,,,,,,,,,,,,,,,,,,
ACSSF,2010e1,co,000,0166,0000054,,,,,,,,,,,,,,,,,,,,,,,,,,,,,,,,,,,,,
ACSSF,2010e1,co,000,0166,0000055,,,,,,,,,,,,,,,,,,,,,,,,,,,,,,,,,,,,,
ACSSF,2010e1,co,000,0166,0000056,,,,,,,,,,,,,,,,,,,,,,,,,,,,,,,,,,,,,
ACSSF,2010e1,co,000,0166,0000057,,,,,,,,,,,,,,,,,,,,,,,,,,,,,,,,,,,,,
ACSSF,2010e1,co,000,0166,0000058,,,,,,,,,,,,,,,,,,,,,,,,,,,,,,,,,,,,,
ACSSF,2010e1,co,000,0166,0000059,,,,,,,,,,,,,,,,,,,,,,,,,,,,,,,,,,,,,
ACSSF,2010e1,co,000,0166,0000060,,,,,,,,,,,,,,,,,,,,,,,,,,,,,,,,,,,,,
ACSSF,2010e1,co,000,0166,0000061,,,,,,,,,,,,,,,,,,,,,,,,,,,,,,,,,,,,,
ACSSF,2010e1,co,000,0166,0000062,,,,,,,,,,,,,,,,,,,,,,,,,,,,,,,,,,,,,
ACSSF,2010e1,co,000,0166,0000063,,,,,,,,,,,,,,,,,,,,,,,,,,,,,,,,,,,,,
ACSSF,2010e1,co,000,0166,0000064,,,,,,,,,,,,,,,,,,,,,,,,,,,,,,,,,,,,,
ACSSF,2010e1,co,000,0166,0000065,,,,,,,,,,,,,,,,,,,,,,,,,,,,,,,,,,,,,
ACSSF,2010e1,co,000,0166,0000066,,,,,,,,,,,,,,,,,,,,,,,,,,,,,,,,,,,,,
ACSSF,2010e1,co,000,0166,0000067,,,,,,,,,,,,,,,,,,,,,,,,,,,,,,,,,,,,,
ACSSF,2010e1,co,000,0166,0000068,,,,,,,,,,,,,,,,,,,,,,,,,,,,,,,,,,,,,
ACSSF,2010e1,co,000,0166,0000069,,,,,,,,,,,,,,,,,,,,,,,,,,,,,,,,,,,,,
ACSSF,2010e1,co,000,0166,0000070,,,,,,,,,,,,,,,,,,,,,,,,,,,,,,,,,,,,,
ACSSF,2010e1,co,000,0166,0000071,,,,,,,,,,,,,,,,,,,,,,,,,,,,,,,,,,,,,
ACSSF,2010e1,co,000,0166,0000072,,,,,,,,,,,,,,,,,,,,,,,,,,,,,,,,,,,,,
ACSSF,2010e1,co,000,0166,0000073,,,,,,,,,,,,,,,,,,,,,,,,,,,,,,,,,,,,,
ACSSF,2010e1,co,000,0166,0000074,,,,,,,,,,,,,,,,,,,,,,,,,,,,,,,,,,,,,
ACSSF,2010e1,co,000,0166,0000075,,,,,,,,,,,,,,,,,,,,,,,,,,,,,,,,,,,,,
ACSSF,2010e1,co,000,0166,0000076,,,,,,,,,,,,,,,,,,,,,,,,,,,,,,,,,,,,,
ACSSF,2010e1,co,000,0166,0000077,,,,,,,,,,,,,,,,,,,,,,,,,,,,,,,,,,,,,
ACSSF,2010e1,co,000,0166,0000078,,,,,,,,,,,,,,,,,,,,,,,,,,,,,,,,,,,,,
ACSSF,2010e1,co,000,0166,0000079,,,,,,,,,,,,,,,,,,,,,,,,,,,,,,,,,,,,,
ACSSF,2010e1,co,000,0166,0000080,,,,,,,,,,,,,,,,,,,,,,,,,,,,,,,,,,,,,
ACSSF,2010e1,co,000,0166,0000081,,,,,,,,,,,,,,,,,,,,,,,,,,,,,,,,,,,,,
ACSSF,2010e1,co,000,0166,0000082,,,,,,,,,,,,,,,,,,,,,,,,,,,,,,,,,,,,,
ACSSF,2010e1,co,000,0166,0000083,,,,,,,,,,,,,,,,,,,,,,,,,,,,,,,,,,,,,
ACSSF,2010e1,co,000,0166,0000084,,,,,,,,,,,,,,,,,,,,,,,,,,,,,,,,,,,,,
ACSSF,2010e1,co,000,0166,0000085,,,,,,,,,,,,,,,,,,,,,,,,,,,,,,,,,,,,,
ACSSF,2010e1,co,000,0166,0000086,,,,,,,,,,,,,,,,,,,,,,,,,,,,,,,,,,,,,
ACSSF,2010e1,co,000,0166,0000087,,,,,,,,,,,,,,,,,,,,,,,,,,,,,,,,,,,,,
ACSSF,2010e1,co,000,0166,0000088,,,,,,,,,,,,,,,,,,,,,,,,,,,,,,,,,,,,,
ACSSF,2010e1,co,000,0166,0000089,,,,,,,,,,,,,,,,,,,,,,,,,,,,,,,,,,,,,
ACSSF,2010e1,co,000,0166,0000090,,,,,,,,,,,,,,,,,,,,,,,,,,,,,,,,,,,,,
ACSSF,2010e1,co,000,0166,0000091,,,,,,,,,,,,,,,,,,,,,,,,,,,,,,,,,,,,,
ACSSF,2010e1,co,000,0166,0000092,,,,,,,,,,,,,,,,,,,,,,,,,,,,,,,,,,,,,
ACSSF,2010e1,co,000,0166,0000093,,,,,,,,,,,,,,,,,,,,,,,,,,,,,,,,,,,,,
ACSSF,2010e1,co,000,0166,0000094,,,,,,,,,,,,,,,,,,,,,,,,,,,,,,,,,,,,,
ACSSF,2010e1,co,000,0166,0000095,,,,,,,,,,,,,,,,,,,,,,,,,,,,,,,,,,,,,
ACSSF,2010e1,co,000,0166,0000096,,,,,,,,,,,,,,,,,,,,,,,,,,,,,,,,,,,,,
ACSSF,2010e1,co,000,0166,0000097,,,,,,,,,,,,,,,,,,,,,,,,,,,,,,,,,,,,,
ACSSF,2010e1,co,000,0166,0000098,,,,,,,,,,,,,,,,,,,,,,,,,,,,,,,,,,,,,
ACSSF,2010e1,co,000,0166,0000099,,,,,,,,,,,,,,,,,,,,,,,,,,,,,,,,,,,,,
ACSSF,2010e1,co,000,0166,0000100,,,,,,,,,,,,,,,,,,,,,,,,,,,,,,,,,,,,,
ACSSF,2010e1,co,000,0166,0000101,,,,,,,,,,,,,,,,,,,,,,,,,,,,,,,,,,,,,
ACSSF,2010e1,co,000,0166,0000102,,,,,,,,,,,,,,,,,,,,,,,,,,,,,,,,,,,,,
ACSSF,2010e1,co,000,0166,0000103,,,,,,,,,,,,,,,,,,,,,,,,,,,,,,,,,,,,,
ACSSF,2010e1,co,000,0166,0000104,,,,,,,,,,,,,,,,,,,,,,,,,,,,,,,,,,,,,
ACSSF,2010e1,co,000,0166,0000105,,,,,,,,,,,,,,,,,,,,,,,,,,,,,,,,,,,,,
ACSSF,2010e1,co,000,0166,0000106,,,,,,,,,,,,,,,,,,,,,,,,,,,,,,,,,,,,,
ACSSF,2010e1,co,000,0166,0000107,,,,,,,,,,,,,,,,,,,,,,,,,,,,,,,,,,,,,
ACSSF,2010e1,co,000,0166,0000108,,,,,,,,,,,,,,,,,,,,,,,,,,,,,,,,,,,,,
ACSSF,2010e1,co,000,0166,0000109,,,,,,,,,,,,,,,,,,,,,,,,,,,,,,,,,,,,,
ACSSF,2010e1,co,000,0166,0000110,,,,,,,,,,,,,,,,,,,,,,,,,,,,,,,,,,,,,
ACSSF,2010e1,co,000,0166,0000111,,,,,,,,,,,,,,,,,,,,,,,,,,,,,,,,,,,,,
