ACSSF,2010e1,co,000,0017,0000001,5049071,1129,131,116,243886,13569,728,1313,951,2911,2079,739,808,1491,2549,3488,250,1952,12139,1488,3932,1430,20843,1991,953,14678,0,1550,4367,147,22121,4192,27623,50597,6289,338462,1321,98354,7365,82720,18737,758683,217,14766,56,13198,394,5541,366343,1183,183598,474,5678,95,223,99,153,11764,70684,1474,77073,5541,3699,35929,11227,46212,82818,1816,2470,5554,4579,0,31936,0,7939,1239,0,384,944,481,0,4039,760,2575,57,0,11800,1718,79344,13544,968,7438,23298,5631,40,0,115,47,58,48,591,4262,39,0,431,0,4661,1634144,550746,5049071,243886,13569,20843,22121,27623,50597,338462,98354,82720,18737,758683,14766,13198,366343,183598,5678,70684,77073,5541,35929,46212,82818,5554,31936,79344,13544,7438,23298,5631,1754145,550746
ACSSF,2010e1,co,000,0017,0000002,3923892,1129,131,55,180846,11777,369,1313,951,2581,1898,0,679,1491,2495,2846,250,1665,9737,1121,2543,1163,16534,1104,553,9662,0,1332,3268,147,16520,3100,19733,37753,5506,250204,935,77927,5426,60302,14089,550493,217,11734,56,9762,231,5006,276194,1057,143233,414,4073,95,223,99,79,9904,54596,1213,62525,3755,2997,29727,7516,33197,60723,1696,1935,4330,3529,0,29603,0,7528,1239,0,384,944,481,0,4039,690,2575,57,0,10705,961,60753,10192,955,5927,16364,4588,40,0,60,47,58,48,455,3691,39,0,150,0,3412,1362289,411842,3923892,180846,11777,16534,16520,19733,37753,250204,77927,60302,14089,550493,11734,9762,276194,143233,4073,54596,62525,3755,29727,33197,60723,4330,29603,60753,10192,5927,16364,4588,1454596,411842
ACSSF,2010e1,co,000,0017,0000003,,,,,,,,,,,,,,,,,,,,,,,,,,,,,,,,,,,,,,,,,,,,,,,,,,,,,,,,,,,,,,,,,,,,,,,,,,,,,,,,,,,,,,,,,,,,,,,,,,,,,,,,,,,,,,1125179,63040,1792,4309,5601,7890,12844,88258,20427,22418,4648,208190,3032,3436,90149,40365,1605,16088,14548,1786,6202,13015,22095,1224,2333,18591,3352,1511,6934,1043,299549,138904
ACSSF,2010e1,co,000,0017,0000004,4642008,1129,131,61,224014,13127,728,1313,951,2723,2079,739,608,1491,2495,3488,250,1470,11032,866,3541,1378,20365,1830,661,14035,0,1537,4248,147,21211,4025,25117,45843,6032,309615,1321,91847,7121,75566,17501,688884,199,14223,56,12114,394,5541,332490,1057,172229,412,5455,95,223,50,79,11034,64651,1311,72961,5025,3598,34079,9632,40904,75433,1802,2398,5395,4545,0,31856,0,7939,1239,0,384,944,481,0,3978,741,2575,57,0,11800,1718,73319,12630,968,7244,21543,5631,40,0,115,47,58,48,591,4262,39,0,431,0,4477,1516694,492868,4642008,224014,13127,20365,21211,25117,45843,309615,91847,75566,17501,688884,14223,12114,332490,172229,5455,64651,72961,5025,34079,40904,75433,5395,31856,73319,12630,7244,21543,5631,1628868,492868
ACSSF,2010e1,co,000,0017,0000005,4365335,1129,131,61,214571,12797,728,1258,915,2527,2079,739,565,1491,2495,3291,250,1321,10221,866,3457,1378,19834,1830,661,13557,0,1478,3962,147,19520,3526,22976,42241,5957,292598,1297,89950,6868,71597,16199,638563,199,13530,56,11577,364,5274,309872,1057,163850,357,5281,95,223,50,79,10529,60582,1125,69365,4937,3448,33012,8921,36676,70889,1802,2277,4746,4347,0,29211,0,7118,1239,0,384,944,481,0,2310,741,2575,57,0,11644,1718,68308,12047,968,7159,20210,5286,40,0,115,47,58,48,591,3917,39,0,431,0,4392,1435367,455633,4365335,214571,12797,19834,19520,22976,42241,292598,89950,71597,16199,638563,13530,11577,309872,163850,5281,60582,69365,4937,33012,36676,70889,4746,29211,68308,12047,7159,20210,5286,1542318,455633
ACSSF,2010e1,co,000,0017,0000006,1974647,890,0,0,78387,7976,474,1055,749,1172,1797,739,498,685,807,1922,250,380,3888,213,1455,478,9402,379,395,5197,0,317,1563,0,7293,1619,9339,16900,2839,120261,896,39811,2250,27732,7290,249772,199,5317,56,4740,180,2228,129885,580,67876,238,2185,95,151,0,0,5260,24413,449,27566,2451,1687,14039,2433,14841,27685,937,469,2052,2184,0,19983,0,6437,543,0,0,633,399,0,1419,286,2186,0,0,7150,930,28451,4811,312,3627,8032,3533,40,0,60,47,58,0,299,2887,39,0,103,0,2203,766716,197689,1974647,78387,7976,9402,7293,9339,16900,120261,39811,27732,7290,249772,5317,4740,129885,67876,2185,24413,27566,2451,14039,14841,27685,2052,19983,28451,4811,3627,8032,3533,811308,197689
ACSSF,2010e1,co,000,0017,0000007,2390688,239,131,61,136184,4821,254,203,166,1355,282,0,67,806,1688,1369,0,941,6333,653,2002,900,10432,1451,266,8360,0,1161,2399,147,12227,1907,13637,25341,3118,172337,401,50139,4618,43865,8909,388791,0,8213,0,6837,184,3046,179987,477,95974,119,3096,0,72,50,79,5269,36169,676,41799,2486,1761,18973,6488,21835,43204,865,1808,2694,2163,0,9228,0,681,696,0,384,311,82,0,891,455,389,57,0,4494,788,39857,7236,656,3532,12178,1753,0,0,55,0,0,48,292,1030,0,0,328,0,2189,668651,257944,2390688,136184,4821,10432,12227,13637,25341,172337,50139,43865,8909,388791,8213,6837,179987,95974,3096,36169,41799,2486,18973,21835,43204,2694,9228,39857,7236,3532,12178,1753,731010,257944
ACSSF,2010e1,co,000,0017,0000008,,,,,,,,,,,,,,,,,,,,,,,,,,,,,,,,,,,,,,,,,,,,,,,,,,,,,,,,,,,,,,,,,,,,,,,,,,,,,,,,,,,,,,,,,,,,,,,,,,,,,,,,,,,,,,276673,9443,330,531,1691,2141,3602,17017,1897,3969,1302,50321,693,537,22618,8379,174,4069,3596,88,1067,4228,4544,649,2645,5011,583,85,1333,345,86550,37235
ACSSF,2010e1,co,000,0017,0000009,,,,,,,,,,,,,,,,,,,,,,,,,,,,,,,,,,,,,,,,,,,,,,,,,,,,,,,,,,,,,,,,,,,,,,,,,,,,,,,,,,,,,,,,,,,,,,,,,,,,,,,,,,,,,,92982,3320,36,0,87,1053,858,4406,965,1516,866,17643,143,91,5497,2847,77,867,1409,0,69,614,1778,360,2545,1899,137,0,374,0,31537,11988
ACSSF,2010e1,co,000,0017,0000010,,,,,,,,,,,,,,,,,,,,,,,,,,,,,,,,,,,,,,,,,,,,,,,,,,,,,,,,,,,,,,,,,,,,,,,,,,,,,,,,,,,,,,,,,,,,,,,,,,,,,,,,,,,,,,183691,6123,294,531,1604,1088,2744,12611,932,2453,436,32678,550,446,17121,5532,97,3202,2187,88,998,3614,2766,289,100,3112,446,85,959,345,55013,25247
ACSSF,2010e1,co,000,0017,0000011,,,,,,,,,,,,,,,,,,,,,,,,,,,,,,,,,,,,,,,,,,,,,,,,,,,,,,,,,,,,,,,,,,,,,,,,,,,,,,,,,,,,,,,,,,,,,,,,,,,,,,,,,,,,,,407063,19872,442,478,910,2506,4754,28847,6507,7154,1236,69799,543,1084,33853,11369,223,6033,4112,516,1850,5308,7385,159,80,6025,914,194,1755,0,125277,57878
ACSSF,2010e1,co,000,0017,0000012,,,,,,,,,,,,,,,,,,,,,,,,,,,,,,,,,,,,,,,,,,,,,,,,,,,,,,,,,,,,,,,,,,,,,,,,,,,,,,,,,,,,,,,,,,,,,,,,,,,,,,,,,,,,,,683736,29315,772,1009,2601,4647,8356,45864,8404,11123,2538,120120,1236,1621,56471,19748,397,10102,7708,604,2917,9536,11929,808,2725,11036,1497,279,3088,345,211827,95113
ACSSF,2010e1,co,000,0017,0000013,,,,,,,,,,,,,,,,,,,,,,,,,,,,,,,,,,,,,,,,,,,,,,,,,,,,,,,,,,,,,,,,,,,,,,,,,,,,,,,,,,,,,,,,,,,,,,,,,,,,,,,,,,,,,,443715,31491,348,1003,1474,851,2185,17865,4895,4787,1274,51311,450,637,19711,14406,103,3533,5190,232,2084,2978,4589,290,2855,4853,746,145,1042,200,222225,39962
ACSSF,2010e1,co,000,0017,0000014,,,,,,,,,,,,,,,,,,,,,,,,,,,,,,,,,,,,,,,,,,,,,,,,,,,,,,,,,,,,,,,,,,,,,,,,,,,,,,,,,,,,,,,,,,,,,,,,,,,,,,,,,,,,,,575022,34104,3181,2264,2173,3522,4467,35772,9952,9019,2803,65385,1657,1364,39177,18468,795,7684,10047,600,5891,4690,10015,518,10686,8827,1656,1696,1315,1502,226797,48995
ACSSF,2010e1,co,000,0017,0000015,,,,,,,,,,,,,,,,,,,,,,,,,,,,,,,,,,,,,,,,,,,,,,,,,,,,,,,,,,,,,,,,,,,,,,,,,,,,,,,,,,,,,,,,,,,,,,,,,,,,,,,,,,,,,,295166,10231,498,3219,1753,2129,3658,24806,11087,5399,926,45334,885,1953,25082,12336,561,5064,5885,247,3465,2676,7441,461,513,6305,842,557,1381,123,80435,29914
ACSSF,2010e1,co,000,0017,0000016,,,,,,,,,,,,,,,,,,,,,,,,,,,,,,,,,,,,,,,,,,,,,,,,,,,,,,,,,,,,,,,,,,,,,,,,,,,,,,,,,,,,,,,,,,,,,,,,,,,,,,,,,,,,,,604414,18309,2356,3741,1722,1731,3899,30772,14384,7455,1306,55740,2137,1062,37457,20501,630,6648,8163,1008,6543,3339,6389,283,9899,6402,1209,1045,2101,463,287542,60178
ACSSF,2010e1,co,000,0017,0000017,,,,,,,,,,,,,,,,,,,,,,,,,,,,,,,,,,,,,,,,,,,,,,,,,,,,,,,,,,,,,,,,,,,,,,,,,,,,,,,,,,,,,,,,,,,,,,,,,,,,,,,,,,,,,,287003,13967,973,1764,1315,2651,4121,27465,5588,8230,986,48386,2696,1067,24536,15489,265,4560,5235,683,2210,2777,6732,820,332,3800,1271,514,1786,74,69681,27029
ACSSF,2010e1,co,000,0017,0000018,,,,,,,,,,,,,,,,,,,,,,,,,,,,,,,,,,,,,,,,,,,,,,,,,,,,,,,,,,,,,,,,,,,,,,,,,,,,,,,,,,,,,,,,,,,,,,,,,,,,,,,,,,,,,,626928,36466,2029,3028,3397,1814,7240,46340,12340,12214,3302,92386,1234,2333,47599,20857,610,11261,10830,694,2188,5696,11037,1181,2437,9150,1185,883,4780,1680,201668,69069
ACSSF,2010e1,co,000,0017,0000019,,,,,,,,,,,,,,,,,,,,,,,,,,,,,,,,,,,,,,,,,,,,,,,,,,,,,,,,,,,,,,,,,,,,,,,,,,,,,,,,,,,,,,,,,,,,,,,,,,,,,,,,,,,,,,535533,25981,1836,1579,3278,2991,5687,39337,10401,9228,1551,98451,2199,1556,43649,24766,832,9182,12233,462,5623,5820,8881,500,881,9398,1777,976,2959,80,151381,52058
ACSSF,2010e1,co,000,0017,0000020,,,,,,,,,,,,,,,,,,,,,,,,,,,,,,,,,,,,,,,,,,,,,,,,,,,,,,,,,,,,,,,,,,,,,,,,,,,,,,,,,,,,,,,,,,,,,,,,,,,,,,,,,,,,,,300637,9445,951,1457,1815,3489,4757,24808,10923,4412,2115,62802,946,915,26196,10363,432,5284,3988,689,1840,2203,5364,207,694,7986,1693,615,897,332,66443,36576
ACSSF,2010e1,co,000,0017,0000021,,,,,,,,,,,,,,,,,,,,,,,,,,,,,,,,,,,,,,,,,,,,,,,,,,,,,,,,,,,,,,,,,,,,,,,,,,,,,,,,,,,,,,,,,,,,,,,,,,,,,,,,,,,,,,146313,8822,452,574,342,1556,1275,10924,1785,2504,756,27831,217,148,10909,5290,0,1269,1375,207,387,1556,2139,0,208,2623,469,312,560,0,34683,27140
ACSSF,2010e1,co,000,0017,0000022,,,,,,,,,,,,,,,,,,,,,,,,,,,,,,,,,,,,,,,,,,,,,,,,,,,,,,,,,,,,,,,,,,,,,,,,,,,,,,,,,,,,,,,,,,,,,,,,,,,,,,,,,,,,,,159477,7810,0,238,126,513,796,10337,936,2025,403,18063,354,112,7203,8675,349,1281,1536,0,634,747,1001,307,0,1402,0,105,701,777,75361,17685
ACSSF,2010e1,co,000,0017,0000023,,,,,,,,,,,,,,,,,,,,,,,,,,,,,,,,,,,,,,,,,,,,,,,,,,,,,,,,,,,,,,,,,,,,,,,,,,,,,,,,,,,,,,,,,,,,,,,,,,,,,,,,,,,,,,254270,10769,130,817,892,776,1935,12537,3914,3659,464,50304,462,228,14914,4790,395,2290,2411,0,1764,2038,4256,101,580,4870,840,182,1982,55,97147,28768
ACSSF,2010e1,co,000,0017,0000024,,,,,,,,,,,,,,,,,,,,,,,,,,,,,,,,,,,,,,,,,,,,,,,,,,,,,,,,,,,,,,,,,,,,,,,,,,,,,,,,,,,,,,,,,,,,,,,,,,,,,,,,,,,,,,107604,3901,172,141,521,535,857,6509,3131,1448,448,21439,1195,497,8393,7175,55,1197,2177,0,2122,941,1229,52,262,1759,173,533,483,0,30850,9409
ACSSF,2010e1,co,000,0017,0000025,,,,,,,,,,,,,,,,,,,,,,,,,,,,,,,,,,,,,,,,,,,,,,,,,,,,,,,,,,,,,,,,,,,,,,,,,,,,,,,,,,,,,,,,,,,,,,,,,,,,,,,,,,,,,,326719,15091,1860,571,729,947,1711,13833,2189,4351,1162,26545,633,416,18910,7964,197,2693,2945,338,1722,2001,4959,255,7024,2942,490,729,465,1037,179032,22978
ACSSF,2010e1,co,000,0017,0000026,,,,,,,,,,,,,,,,,,,,,,,,,,,,,,,,,,,,,,,,,,,,,,,,,,,,,,,,,,,,,,,,,,,,,,,,,,,,,,,,,,,,,,,,,,,,,,,,,,,,,,,,,,,,,,97585,1996,281,1358,628,843,1658,9239,2524,2139,268,13151,760,1050,8288,5741,99,1934,2432,0,1755,1438,2823,162,0,2715,325,217,528,0,26113,7120
ACSSF,2010e1,co,000,0017,0000027,,,,,,,,,,,,,,,,,,,,,,,,,,,,,,,,,,,,,,,,,,,,,,,,,,,,,,,,,,,,,,,,,,,,,,,,,,,,,,,,,,,,,,,,,,,,,,,,,,,,,,,,,,,,,,100909,6715,262,971,453,424,1231,10870,2466,1184,211,14247,342,521,8324,4625,112,2386,2747,262,1290,1249,2499,150,44,1895,816,242,224,47,21242,12858
ACSSF,2010e1,co,000,0017,0000028,,,,,,,,,,,,,,,,,,,,,,,,,,,,,,,,,,,,,,,,,,,,,,,,,,,,,,,,,,,,,,,,,,,,,,,,,,,,,,,,,,,,,,,,,,,,,,,,,,,,,,,,,,,,,,419586,21534,1962,2362,2009,1045,4156,29277,9149,7067,2414,61496,664,1424,28056,15570,523,7743,6811,460,1788,3884,6655,979,1798,6514,682,631,2676,924,143168,46165
ACSSF,2010e1,co,000,0017,0000029,,,,,,,,,,,,,,,,,,,,,,,,,,,,,,,,,,,,,,,,,,,,,,,,,,,,,,,,,,,,,,,,,,,,,,,,,,,,,,,,,,,,,,,,,,,,,,,,,,,,,,,,,,,,,,604414,18309,2356,3741,1722,1731,3899,30772,14384,7455,1306,55740,2137,1062,37457,20501,630,6648,8163,1008,6543,3339,6389,283,9899,6402,1209,1045,2101,463,287542,60178
ACSSF,2010e1,co,000,0017,0000030,,,,,,,,,,,,,,,,,,,,,,,,,,,,,,,,,,,,,,,,,,,,,,,,,,,,,,,,,,,,,,,,,,,,,,,,,,,,,,,,,,,,,,,,,,,,,,,,,,,,,,,,,,,,,,144453,4116,951,339,1003,1607,2874,11480,5771,1991,904,27454,558,364,13087,5284,225,2031,2058,173,740,1434,2576,151,259,4263,1076,549,473,332,33491,16839
ACSSF,2010e1,co,000,0017,0000031,,,,,,,,,,,,,,,,,,,,,,,,,,,,,,,,,,,,,,,,,,,,,,,,,,,,,,,,,,,,,,,,,,,,,,,,,,,,,,,,,,,,,,,,,,,,,,,,,,,,,,,,,,,,,,93389,2999,71,270,245,309,87,3316,196,1164,50,19953,0,101,5438,1481,158,903,967,0,581,689,711,88,580,2094,240,68,715,0,40063,9852
ACSSF,2010e1,co,000,0017,0000032,,,,,,,,,,,,,,,,,,,,,,,,,,,,,,,,,,,,,,,,,,,,,,,,,,,,,,,,,,,,,,,,,,,,,,,,,,,,,,,,,,,,,,,,,,,,,,,,,,,,,,,,,,,,,,95503,3608,699,1013,396,794,1004,9752,2671,2283,137,15143,797,340,7062,5785,47,1690,1810,286,781,473,1621,520,332,987,298,87,399,0,26476,8212
ACSSF,2010e1,co,000,0017,0000033,,,,,,,,,,,,,,,,,,,,,,,,,,,,,,,,,,,,,,,,,,,,,,,,,,,,,,,,,,,,,,,,,,,,,,,,,,,,,,,,,,,,,,,,,,,,,,,,,,,,,,,,,,,,,,143230,6234,1381,388,1069,761,1784,9336,2309,2051,133,22623,91,227,9506,4697,391,1680,2286,145,547,2048,2180,113,338,2632,291,98,626,0,52279,14986
ACSSF,2010e1,co,000,0017,0000034,,,,,,,,,,,,,,,,,,,,,,,,,,,,,,,,,,,,,,,,,,,,,,,,,,,,,,,,,,,,,,,,,,,,,,,,,,,,,,,,,,,,,,,,,,,,,,,,,,,,,,,,,,,,,,86429,2637,0,134,344,430,645,5678,5334,1526,405,12092,81,50,5685,2109,170,1436,1310,0,279,560,1139,79,427,1883,55,84,331,75,30083,11368
ACSSF,2010e1,co,000,0017,0000035,,,,,,,,,,,,,,,,,,,,,,,,,,,,,,,,,,,,,,,,,,,,,,,,,,,,,,,,,,,,,,,,,,,,,,,,,,,,,,,,,,,,,,,,,,,,,,,,,,,,,,,,,,,,,,67100,2758,0,239,225,887,768,5296,2073,594,686,17015,158,55,4141,1717,128,700,941,356,393,220,1129,56,286,1410,290,66,127,0,15991,8395
ACSSF,2010e1,co,000,0017,0000036,,,,,,,,,,,,,,,,,,,,,,,,,,,,,,,,,,,,,,,,,,,,,,,,,,,,,,,,,,,,,,,,,,,,,,,,,,,,,,,,,,,,,,,,,,,,,,,,,,,,,,,,,,,,,,,,,,,,,,,,,,,,,,,,,,,,,,,,,,,,,
ACSSF,2010e1,co,000,0017,0000037,,,,,,,,,,,,,,,,,,,,,,,,,,,,,,,,,,,,,,,,,,,,,,,,,,,,,,,,,,,,,,,,,,,,,,,,,,,,,,,,,,,,,,,,,,,,,,,,,,,,,,,,,,,,,,119324,15700,305,296,487,167,778,4689,809,994,275,14697,259,379,6361,3541,0,1396,830,232,579,979,2748,134,336,2164,139,0,535,136,50713,8666
ACSSF,2010e1,co,000,0017,0000038,,,,,,,,,,,,,,,,,,,,,,,,,,,,,,,,,,,,,,,,,,,,,,,,,,,,,,,,,,,,,,,,,,,,,,,,,,,,,,,,,,,,,,,,,,,,,,,,,,,,,,,,,,,,,,106518,3866,0,268,254,797,1003,6921,2005,2737,392,15523,154,192,5735,4880,0,907,1308,153,2338,664,1077,79,377,1929,194,0,204,64,41045,11452
ACSSF,2010e1,co,000,0017,0000039,,,,,,,,,,,,,,,,,,,,,,,,,,,,,,,,,,,,,,,,,,,,,,,,,,,,,,,,,,,,,,,,,,,,,,,,,,,,,,,,,,,,,,,,,,,,,,,,,,,,,,,,,,,,,,97585,1996,281,1358,628,843,1658,9239,2524,2139,268,13151,760,1050,8288,5741,99,1934,2432,0,1755,1438,2823,162,0,2715,325,217,528,0,26113,7120
ACSSF,2010e1,co,000,0017,0000040,,,,,,,,,,,,,,,,,,,,,,,,,,,,,,,,,,,,,,,,,,,,,,,,,,,,,,,,,,,,,,,,,,,,,,,,,,,,,,,,,,,,,,,,,,,,,,,,,,,,,,,,,,,,,,419586,21534,1962,2362,2009,1045,4156,29277,9149,7067,2414,61496,664,1424,28056,15570,523,7743,6811,460,1788,3884,6655,979,1798,6514,682,631,2676,924,143168,46165
ACSSF,2010e1,co,000,0017,0000041,,,,,,,,,,,,,,,,,,,,,,,,,,,,,,,,,,,,,,,,,,,,,,,,,,,,,,,,,,,,,,,,,,,,,,,,,,,,,,,,,,,,,,,,,,,,,,,,,,,,,,,,,,,,,,326719,15091,1860,571,729,947,1711,13833,2189,4351,1162,26545,633,416,18910,7964,197,2693,2945,338,1722,2001,4959,255,7024,2942,490,729,465,1037,179032,22978
ACSSF,2010e1,co,000,0017,0000042,,,,,,,,,,,,,,,,,,,,,,,,,,,,,,,,,,,,,,,,,,,,,,,,,,,,,,,,,,,,,,,,,,,,,,,,,,,,,,,,,,,,,,,,,,,,,,,,,,,,,,,,,,,,,,604414,18309,2356,3741,1722,1731,3899,30772,14384,7455,1306,55740,2137,1062,37457,20501,630,6648,8163,1008,6543,3339,6389,283,9899,6402,1209,1045,2101,463,287542,60178
ACSSF,2010e1,co,000,0017,0000043,,,,,,,,,,,,,,,,,,,,,,,,,,,,,,,,,,,,,,,,,,,,,,,,,,,,,,,,,,,,,,,,,,,,,,,,,,,,,,,,,,,,,,,,,,,,,,,,,,,,,,,,,,,,,,144453,4116,951,339,1003,1607,2874,11480,5771,1991,904,27454,558,364,13087,5284,225,2031,2058,173,740,1434,2576,151,259,4263,1076,549,473,332,33491,16839
ACSSF,2010e1,co,000,0017,0000044,,,,,,,,,,,,,,,,,,,,,,,,,,,,,,,,,,,,,,,,,,,,,,,,,,,,,,,,,,,,,,,,,,,,,,,,,,,,,,,,,,,,,,,,,,,,,,,,,,,,,,,,,,,,,,67100,2758,0,239,225,887,768,5296,2073,594,686,17015,158,55,4141,1717,128,700,941,356,393,220,1129,56,286,1410,290,66,127,0,15991,8395
ACSSF,2010e1,co,000,0017,0000045,,,,,,,,,,,,,,,,,,,,,,,,,,,,,,,,,,,,,,,,,,,,,,,,,,,,,,,,,,,,,,,,,,,,,,,,,,,,,,,,,,,,,,,,,,,,,,,,,,,,,,,,,,,,,,93389,2999,71,270,245,309,87,3316,196,1164,50,19953,0,101,5438,1481,158,903,967,0,581,689,711,88,580,2094,240,68,715,0,40063,9852
ACSSF,2010e1,co,000,0017,0000046,,,,,,,,,,,,,,,,,,,,,,,,,,,,,,,,,,,,,,,,,,,,,,,,,,,,,,,,,,,,,,,,,,,,,,,,,,,,,,,,,,,,,,,,,,,,,,,,,,,,,,,,,,,,,,,,,,,,,,,,,,,,,,,,,,,,,,,,,,,,,
ACSSF,2010e1,co,000,0017,0000047,,,,,,,,,,,,,,,,,,,,,,,,,,,,,,,,,,,,,,,,,,,,,,,,,,,,,,,,,,,,,,,,,,,,,,,,,,,,,,,,,,,,,,,,,,,,,,,,,,,,,,,,,,,,,,666846,21412,3306,3900,2003,2979,4613,33909,16063,8110,2160,63886,2184,1321,42975,22834,820,7414,9425,1008,7128,3804,7424,346,11513,8390,1209,1045,2172,881,307123,65489
ACSSF,2010e1,co,000,0017,0000048,,,,,,,,,,,,,,,,,,,,,,,,,,,,,,,,,,,,,,,,,,,,,,,,,,,,,,,,,,,,,,,,,,,,,,,,,,,,,,,,,,,,,,,,,,,,,,,,,,,,,,,,,,,,,,733438,40363,1103,4189,3681,4127,8516,50198,15025,12701,2629,104400,1927,3317,57198,29546,717,10003,11644,619,7682,7591,14539,945,2114,13217,1788,754,2307,248,245127,75223
ACSSF,2010e1,co,000,0017,0000049,,,,,,,,,,,,,,,,,,,,,,,,,,,,,,,,,,,,,,,,,,,,,,,,,,,,,,,,,,,,,,,,,,,,,,,,,,,,,,,,,,,,,,,,,,,,,,,,,,,,,,,,,,,,,,706811,36377,665,1167,1362,4531,7844,48668,9762,11622,2407,109592,1334,1495,51111,27257,586,7898,7756,811,3255,7785,11218,920,544,11010,1620,596,2867,1122,236091,97538
ACSSF,2010e1,co,000,0017,0000050,,,,,,,,,,,,,,,,,,,,,,,,,,,,,,,,,,,,,,,,,,,,,,,,,,,,,,,,,,,,,,,,,,,,,,,,,,,,,,,,,,,,,,,,,,,,,,,,,,,,,,,,,,,,,,728198,26981,1285,2621,3930,5236,7556,48826,19071,10570,3010,148547,1333,1093,51031,18069,1034,10261,8000,743,3894,5702,11365,387,3990,15750,2553,779,3638,462,221826,88655
ACSSF,2010e1,co,000,0017,0000051,,,,,,,,,,,,,,,,,,,,,,,,,,,,,,,,,,,,,,,,,,,,,,,,,,,,,,,,,,,,,,,,,,,,,,,,,,,,,,,,,,,,,,,,,,,,,,,,,,,,,,,,,,,,,,729036,40743,2127,3146,3634,2993,8265,53089,12900,13439,3400,111362,1434,2602,57081,24197,610,13089,12539,715,2534,7409,12840,1181,2663,10811,1185,933,5599,1680,227839,86997
ACSSF,2010e1,co,000,0017,0000052,,,,,,,,,,,,,,,,,,,,,,,,,,,,,,,,,,,,,,,,,,,,,,,,,,,,,,,,,,,,,,,,,,,,,,,,,,,,,,,,,,,,,,,,,,,,,,,,,,,,,,,,,,,,,,806019,46050,2074,4110,4847,5223,9167,69085,16816,17648,3355,130763,4346,2437,67630,35171,1213,16015,18515,1257,7721,8394,16940,1538,2837,12157,3309,1808,4248,781,209804,80760
ACSSF,2010e1,co,000,0017,0000053,,,,,,,,,,,,,,,,,,,,,,,,,,,,,,,,,,,,,,,,,,,,,,,,,,,,,,,,,,,,,,,,,,,,,,,,,,,,,,,,,,,,,,,,,,,,,,,,,,,,,,,,,,,,,,678723,31960,3009,1710,2664,2534,4636,34687,8717,8630,1776,90133,2208,933,39317,26524,698,6004,9194,388,3715,5527,8492,237,8275,8009,1880,1523,2467,457,306335,56084
ACSSF,2010e1,co,000,0017,0000054,,,,,,,,,,,,,,,,,,,,,,,,,,,,,,,,,,,,,,,,,,,,,,,,,,,,,,,,,,,,,,,,,,,,,,,,,,,,,,,,,,,,,,,,,,,,,,,,,,,,,,,,,,,,,,118417,3931,56,363,403,1327,1807,8627,3718,1913,922,18624,235,94,8289,3836,108,2612,1425,149,739,1159,2550,159,210,2010,501,0,421,0,32426,19803
ACSSF,2010e1,co,000,0017,0000055,,,,,,,,,,,,,,,,,,,,,,,,,,,,,,,,,,,,,,,,,,,,,,,,,,,,,,,,,,,,,,,,,,,,,,,,,,,,,,,,,,,,,,,,,,,,,,,,,,,,,,,,,,,,,,154752,5400,0,1041,686,1619,1950,12655,5007,2524,1009,34399,388,551,13190,5048,207,3012,1896,516,1033,818,2357,56,286,3601,573,66,481,0,34040,20343
ACSSF,2010e1,co,000,0017,0000056,,,,,,,,,,,,,,,,,,,,,,,,,,,,,,,,,,,,,,,,,,,,,,,,,,,,,,,,,,,,,,,,,,,,,,,,,,,,,,,,,,,,,,,,,,,,,,,,,,,,,,,,,,,,,,141508,8822,452,574,342,1556,1275,10627,1785,2389,756,26930,175,148,10451,5099,0,1215,1307,134,387,1556,2008,0,208,2527,434,312,560,0,33655,25824
ACSSF,2010e1,co,000,0017,0000057,,,,,,,,,,,,,,,,,,,,,,,,,,,,,,,,,,,,,,,,,,,,,,,,,,,,,,,,,,,,,,,,,,,,,,,,,,,,,,,,,,,,,,,,,,,,,,,,,,,,,,,,,,,,,,134479,3910,951,339,892,1607,2807,10364,5675,1738,843,25645,558,364,12075,4827,225,2041,2005,173,672,1204,2526,151,259,4172,1076,549,416,332,30690,15393
ACSSF,2010e1,co,000,0017,0000058,,,,,,,,,,,,,,,,,,,,,,,,,,,,,,,,,,,,,,,,,,,,,,,,,,,,,,,,,,,,,,,,,,,,,,,,,,,,,,,,,,,,,,,,,,,,,,,,,,,,,,,,,,,,,,254417,10769,130,817,892,776,1935,12537,3914,3659,464,50358,462,228,14914,4790,395,2290,2411,0,1764,2038,4256,101,580,4870,840,182,1982,55,97187,28821
ACSSF,2010e1,co,000,0017,0000059,,,,,,,,,,,,,,,,,,,,,,,,,,,,,,,,,,,,,,,,,,,,,,,,,,,,,,,,,,,,,,,,,,,,,,,,,,,,,,,,,,,,,,,,,,,,,,,,,,,,,,,,,,,,,,137436,5566,204,211,1203,556,1328,9501,1145,2826,403,32423,217,27,8273,2452,191,1643,852,53,307,1522,1978,0,2289,1907,206,12,636,0,40832,18673
ACSSF,2010e1,co,000,0017,0000060,,,,,,,,,,,,,,,,,,,,,,,,,,,,,,,,,,,,,,,,,,,,,,,,,,,,,,,,,,,,,,,,,,,,,,,,,,,,,,,,,,,,,,,,,,,,,,,,,,,,,,,,,,,,,,98358,3899,129,0,107,911,562,6572,828,1971,171,14463,140,426,7711,3558,16,690,491,289,240,920,1085,0,0,706,180,75,236,0,42022,9960
ACSSF,2010e1,co,000,0017,0000061,,,,,,,,,,,,,,,,,,,,,,,,,,,,,,,,,,,,,,,,,,,,,,,,,,,,,,,,,,,,,,,,,,,,,,,,,,,,,,,,,,,,,,,,,,,,,,,,,,,,,,,,,,,,,,152660,7467,0,238,126,403,796,9250,853,1871,403,16706,354,112,6897,8169,349,1116,1536,0,584,747,889,307,0,1361,0,62,701,777,73533,17053
ACSSF,2010e1,co,000,0017,0000062,,,,,,,,,,,,,,,,,,,,,,,,,,,,,,,,,,,,,,,,,,,,,,,,,,,,,,,,,,,,,,,,,,,,,,,,,,,,,,,,,,,,,,,,,,,,,,,,,,,,,,,,,,,,,,170703,11164,0,13,268,482,2923,13329,2073,3033,310,28450,430,322,14868,5703,68,1589,2743,88,778,2886,4113,454,275,3381,491,43,876,345,49864,19341
ACSSF,2010e1,co,000,0017,0000063,,,,,,,,,,,,,,,,,,,,,,,,,,,,,,,,,,,,,,,,,,,,,,,,,,,,,,,,,,,,,,,,,,,,,,,,,,,,,,,,,,,,,,,,,,,,,,,,,,,,,,,,,,,,,,135759,3375,285,381,1031,909,1255,8664,1161,1824,1038,21866,276,455,15769,4320,184,3159,1406,151,827,2708,2612,195,0,2937,380,192,435,0,36154,21810
ACSSF,2010e1,co,000,0017,0000064,,,,,,,,,,,,,,,,,,,,,,,,,,,,,,,,,,,,,,,,,,,,,,,,,,,,,,,,,,,,,,,,,,,,,,,,,,,,,,,,,,,,,,,,,,,,,,,,,,,,,,,,,,,,,,115649,6348,1000,1138,1114,554,1230,10415,2529,2118,356,22541,222,487,11066,5680,375,3474,2960,55,1051,1579,2449,242,190,1932,1034,266,456,0,20778,12010
ACSSF,2010e1,co,000,0017,0000065,,,,,,,,,,,,,,,,,,,,,,,,,,,,,,,,,,,,,,,,,,,,,,,,,,,,,,,,,,,,,,,,,,,,,,,,,,,,,,,,,,,,,,,,,,,,,,,,,,,,,,,,,,,,,,132834,5159,217,717,486,713,1061,10087,6232,2045,473,22013,125,96,10638,3094,225,1923,1950,196,451,803,2602,79,427,2627,162,153,665,123,41122,16170
ACSSF,2010e1,co,000,0017,0000066,,,,,,,,,,,,,,,,,,,,,,,,,,,,,,,,,,,,,,,,,,,,,,,,,,,,,,,,,,,,,,,,,,,,,,,,,,,,,,,,,,,,,,,,,,,,,,,,,,,,,,,,,,,,,,109533,2588,281,1479,700,897,1967,10260,2768,2736,268,15135,760,1116,9657,5919,99,2248,2716,51,1941,1454,3707,162,0,2828,348,217,664,0,28547,8020
ACSSF,2010e1,co,000,0017,0000067,,,,,,,,,,,,,,,,,,,,,,,,,,,,,,,,,,,,,,,,,,,,,,,,,,,,,,,,,,,,,,,,,,,,,,,,,,,,,,,,,,,,,,,,,,,,,,,,,,,,,,,,,,,,,,123506,6814,90,432,791,1052,2139,11398,4888,2949,375,18170,121,846,9571,7561,178,1385,2844,194,1351,1291,2680,128,126,1964,413,132,106,0,31785,11732
ACSSF,2010e1,co,000,0017,0000068,,,,,,,,,,,,,,,,,,,,,,,,,,,,,,,,,,,,,,,,,,,,,,,,,,,,,,,,,,,,,,,,,,,,,,,,,,,,,,,,,,,,,,,,,,,,,,,,,,,,,,,,,,,,,,118373,6556,0,268,553,579,978,5976,1548,1458,413,15707,154,191,6800,5522,0,1048,2643,0,2010,638,1024,156,517,1980,150,0,268,64,48270,12902
ACSSF,2010e1,co,000,0017,0000069,,,,,,,,,,,,,,,,,,,,,,,,,,,,,,,,,,,,,,,,,,,,,,,,,,,,,,,,,,,,,,,,,,,,,,,,,,,,,,,,,,,,,,,,,,,,,,,,,,,,,,,,,,,,,,132481,14613,305,363,324,213,694,4990,1433,1492,136,16276,259,105,6984,3489,0,1471,998,232,682,1567,2379,134,336,2204,66,0,468,0,59831,10437
ACSSF,2010e1,co,000,0017,0000070,,,,,,,,,,,,,,,,,,,,,,,,,,,,,,,,,,,,,,,,,,,,,,,,,,,,,,,,,,,,,,,,,,,,,,,,,,,,,,,,,,,,,,,,,,,,,,,,,,,,,,,,,,,,,,156570,10375,43,380,477,146,590,6186,1761,1532,547,17414,101,406,6767,5723,64,977,1175,0,308,734,441,0,1473,1126,412,0,354,136,83202,13720
ACSSF,2010e1,co,000,0017,0000071,,,,,,,,,,,,,,,,,,,,,,,,,,,,,,,,,,,,,,,,,,,,,,,,,,,,,,,,,,,,,,,,,,,,,,,,,,,,,,,,,,,,,,,,,,,,,,,,,,,,,,,,,,,,,,173454,7835,467,833,408,339,1010,10465,2182,3078,561,23152,655,625,12840,4942,175,1824,2795,53,1583,1491,3006,405,2644,2304,583,468,397,0,68256,18078
ACSSF,2010e1,co,000,0017,0000072,,,,,,,,,,,,,,,,,,,,,,,,,,,,,,,,,,,,,,,,,,,,,,,,,,,,,,,,,,,,,,,,,,,,,,,,,,,,,,,,,,,,,,,,,,,,,,,,,,,,,,,,,,,,,,116456,6788,1285,49,321,582,362,5607,957,1437,432,9757,0,40,5855,3445,0,1506,694,142,213,601,1113,0,1937,823,193,403,210,837,61863,9004
ACSSF,2010e1,co,000,0017,0000073,,,,,,,,,,,,,,,,,,,,,,,,,,,,,,,,,,,,,,,,,,,,,,,,,,,,,,,,,,,,,,,,,,,,,,,,,,,,,,,,,,,,,,,,,,,,,,,,,,,,,,,,,,,,,,112630,4987,263,232,224,228,730,2983,482,1131,322,5761,456,108,4651,2292,39,574,739,143,571,546,2214,0,3188,1201,114,147,48,200,72607,5449
ACSSF,2010e1,co,000,0017,0000074,,,,,,,,,,,,,,,,,,,,,,,,,,,,,,,,,,,,,,,,,,,,,,,,,,,,,,,,,,,,,,,,,,,,,,,,,,,,,,,,,,,,,,,,,,,,,,,,,,,,,,,,,,,,,,115401,9440,160,639,855,541,1385,11182,3368,2311,1250,15467,452,281,8947,5316,332,2716,3374,262,2857,1239,2395,0,288,1875,544,474,199,47,25656,11549
ACSSF,2010e1,co,000,0017,0000075,,,,,,,,,,,,,,,,,,,,,,,,,,,,,,,,,,,,,,,,,,,,,,,,,,,,,,,,,,,,,,,,,,,,,,,,,,,,,,,,,,,,,,,,,,,,,,,,,,,,,,,,,,,,,,159274,1968,228,1888,340,49,766,4496,3347,919,282,7931,782,143,7388,3270,55,1106,1331,148,543,901,1361,184,2656,819,105,50,187,367,98552,17112
ACSSF,2010e1,co,000,0017,0000076,,,,,,,,,,,,,,,,,,,,,,,,,,,,,,,,,,,,,,,,,,,,,,,,,,,,,,,,,,,,,,,,,,,,,,,,,,,,,,,,,,,,,,,,,,,,,,,,,,,,,,,,,,,,,,92528,1411,185,404,45,416,316,6061,2088,1296,199,10520,536,158,5238,4078,322,474,1372,324,518,576,1186,0,347,927,517,160,328,0,43102,9424
ACSSF,2010e1,co,000,0017,0000077,,,,,,,,,,,,,,,,,,,,,,,,,,,,,,,,,,,,,,,,,,,,,,,,,,,,,,,,,,,,,,,,,,,,,,,,,,,,,,,,,,,,,,,,,,,,,,,,,,,,,,,,,,,,,,108249,3543,239,579,950,485,1091,8471,4806,2084,363,15449,627,232,12128,5450,115,2449,2510,360,2369,951,1727,0,305,2365,344,230,273,0,25605,12149
ACSSF,2010e1,co,000,0017,0000078,,,,,,,,,,,,,,,,,,,,,,,,,,,,,,,,,,,,,,,,,,,,,,,,,,,,,,,,,,,,,,,,,,,,,,,,,,,,,,,,,,,,,,,,,,,,,,,,,,,,,,,,,,,,,,150291,10799,2533,788,268,880,1622,8455,3643,2356,367,16537,192,355,9208,4378,143,2119,2741,71,3219,630,1879,162,8758,1640,246,954,784,47,50961,13556
ACSSF,2010e1,co,000,0017,0000079,,,,,,,,,,,,,,,,,,,,,,,,,,,,,,,,,,,,,,,,,,,,,,,,,,,,,,,,,,,,,,,,,,,,,,,,,,,,,,,,,,,,,,,,,,,,,,,,,,,,,,,,,,,,,,120609,2755,121,131,119,225,332,4243,1564,1108,168,7275,0,380,4364,4223,138,500,953,105,442,335,523,0,735,838,58,0,600,49,78498,9827
ACSSF,2010e1,co,000,0017,0000080,,,,,,,,,,,,,,,,,,,,,,,,,,,,,,,,,,,,,,,,,,,,,,,,,,,,,,,,,,,,,,,,,,,,,,,,,,,,,,,,,,,,,,,,,,,,,,,,,,,,,,,,,,,,,,115021,4550,125,270,598,581,857,7589,3026,1628,281,21855,1195,450,9068,7297,55,1230,1982,0,2080,972,1209,52,262,1912,208,607,553,0,34016,10513
ACSSF,2010e1,co,000,0017,0000081,,,,,,,,,,,,,,,,,,,,,,,,,,,,,,,,,,,,,,,,,,,,,,,,,,,,,,,,,,,,,,,,,,,,,,,,,,,,,,,,,,,,,,,,,,,,,,,,,,,,,,,,,,,,,,98598,4014,144,540,102,354,982,5913,1587,1291,178,16046,457,276,5300,3026,494,1437,1800,42,302,1176,1937,0,184,1952,152,0,817,0,37260,10835
ACSSF,2010e1,co,000,0017,0000082,,,,,,,,,,,,,,,,,,,,,,,,,,,,,,,,,,,,,,,,,,,,,,,,,,,,,,,,,,,,,,,,,,,,,,,,,,,,,,,,,,,,,,,,,,,,,,,,,,,,,,,,,,,,,,136827,6809,395,134,1037,604,1965,8944,1666,2529,348,24525,208,104,11218,5583,46,2558,3864,103,488,1639,2392,225,154,2383,399,146,651,0,42978,12732
ACSSF,2010e1,co,000,0017,0000083,,,,,,,,,,,,,,,,,,,,,,,,,,,,,,,,,,,,,,,,,,,,,,,,,,,,,,,,,,,,,,,,,,,,,,,,,,,,,,,,,,,,,,,,,,,,,,,,,,,,,,,,,,,,,,104942,5136,114,617,929,1603,1101,8751,2569,1359,351,19106,94,104,9301,3508,145,1683,2738,109,534,1059,1669,201,256,2920,303,40,554,440,28194,9454
ACSSF,2010e1,co,000,0017,0000084,,,,,,,,,,,,,,,,,,,,,,,,,,,,,,,,,,,,,,,,,,,,,,,,,,,,,,,,,,,,,,,,,,,,,,,,,,,,,,,,,,,,,,,,,,,,,,,,,,,,,,,,,,,,,,134506,6680,964,916,702,1201,1729,12945,3272,2816,417,23266,964,465,12360,7350,107,2222,2121,385,666,526,2544,357,383,1929,416,212,771,58,32899,12863
ACSSF,2010e1,co,000,0017,0000085,,,,,,,,,,,,,,,,,,,,,,,,,,,,,,,,,,,,,,,,,,,,,,,,,,,,,,,,,,,,,,,,,,,,,,,,,,,,,,,,,,,,,,,,,,,,,,,,,,,,,,,,,,,,,,187951,9569,76,923,1120,2242,2787,17360,3175,6072,849,31972,1785,803,16578,9675,218,2784,4220,298,1750,2305,5025,463,0,2350,911,353,1327,74,43079,17808
ACSSF,2010e1,co,000,0017,0000086,,,,,,,,,,,,,,,,,,,,,,,,,,,,,,,,,,,,,,,,,,,,,,,,,,,,,,,,,,,,,,,,,,,,,,,,,,,,,,,,,,,,,,,,,,,,,,,,,,,,,,,,,,,,,,158118,12809,426,662,514,643,2458,13737,3340,2426,525,25141,413,873,13757,4480,124,2329,3860,234,660,1904,2617,53,539,2959,503,252,1849,60,41422,16549
ACSSF,2010e1,co,000,0017,0000087,,,,,,,,,,,,,,,,,,,,,,,,,,,,,,,,,,,,,,,,,,,,,,,,,,,,,,,,,,,,,,,,,,,,,,,,,,,,,,,,,,,,,,,,,,,,,,,,,,,,,,,,,,,,,,100931,3675,0,710,545,411,882,7953,2298,2550,537,14260,420,397,8182,3924,101,2618,3015,226,160,1481,1743,285,0,1243,148,254,1189,924,27580,13220
ACSSF,2010e1,co,000,0017,0000088,,,,,,,,,,,,,,,,,,,,,,,,,,,,,,,,,,,,,,,,,,,,,,,,,,,,,,,,,,,,,,,,,,,,,,,,,,,,,,,,,,,,,,,,,,,,,,,,,,,,,,,,,,,,,,95696,4637,304,383,531,237,1019,6972,1952,2715,505,16212,134,154,7964,3050,159,2101,859,0,226,1199,1859,94,339,2898,119,141,471,0,28602,9860
ACSSF,2010e1,co,000,0017,0000089,,,,,,,,,,,,,,,,,,,,,,,,,,,,,,,,,,,,,,,,,,,,,,,,,,,,,,,,,,,,,,,,,,,,,,,,,,,,,,,,,,,,,,,,,,,,,,,,,,,,,,,,,,,,,,159349,9243,1299,1230,1266,409,1738,10621,3939,3335,1263,25327,164,541,9902,7217,138,3296,2296,44,906,1006,3912,661,939,1898,415,236,937,507,47372,17292
ACSSF,2010e1,co,000,0017,0000090,,,,,,,,,,,,,,,,,,,,,,,,,,,,,,,,,,,,,,,,,,,,,,,,,,,,,,,,,,,,,,,,,,,,,,,,,,,,,,,,,,,,,,,,,,,,,,,,,,,,,,,,,,,,,,112834,6102,0,43,541,114,1143,7057,811,1188,472,11446,103,368,7794,2186,88,917,800,190,236,106,906,88,620,152,0,0,334,189,56692,12148
ACSSF,2010e1,co,000,0017,0000091,,,,,,,,,,,,,,,,,,,,,,,,,,,,,,,,,,,,,,,,,,,,,,,,,,,,,,,,,,,,,,,,,,,,,,,,,,,,,,,,,,,,,,,,,,,,,,,,,,,,,,,,,,,,,,107971,4380,98,118,311,1179,1025,7219,964,1013,180,20558,152,367,10380,4118,0,2348,1651,21,481,1945,1945,0,226,1823,0,50,1094,0,25013,19312
ACSSF,2010e1,co,000,0017,0000092,,,,,,,,,,,,,,,,,,,,,,,,,,,,,,,,,,,,,,,,,,,,,,,,,,,,,,,,,,,,,,,,,,,,,,,,,,,,,,,,,,,,,,,,,,,,,,,,,,,,,,,,,,,,,,101273,5786,919,1217,368,138,1171,7252,2783,2217,653,18593,673,878,5429,3646,0,1928,1843,65,917,1162,2066,218,57,1713,360,361,1351,0,24049,13460
ACSSF,2010e1,co,000,0017,0000093,,,,,,,,,,,,,,,,,,,,,,,,,,,,,,,,,,,,,,,,,,,,,,,,,,,,,,,,,,,,,,,,,,,,,,,,,,,,,,,,,,,,,,,,,,,,,,,,,,,,,,,,,,,,,,210342,7869,1200,200,378,665,505,7898,935,2626,593,14169,410,90,10207,5153,128,1219,1552,243,677,850,2955,210,4930,1552,291,106,210,956,128940,12625
ACSSF,2010e1,co,000,0017,0000094,,,,,,,,,,,,,,,,,,,,,,,,,,,,,,,,,,,,,,,,,,,,,,,,,,,,,,,,,,,,,,,,,,,,,,,,,,,,,,,,,,,,,,,,,,,,,,,,,,,,,,,,,,,,,,217746,8408,442,2493,1392,1454,3462,19705,6564,4036,475,34063,804,1949,20207,11437,415,3548,5437,165,3067,2520,6822,373,86,4477,742,473,948,48,52924,18810
ACSSF,2010e1,co,000,0017,0000095,,,,,,,,,,,,,,,,,,,,,,,,,,,,,,,,,,,,,,,,,,,,,,,,,,,,,,,,,,,,,,,,,,,,,,,,,,,,,,,,,,,,,,,,,,,,,,,,,,,,,,,,,,,,,,81111,6143,0,380,323,188,570,3447,776,1448,343,13795,101,347,3985,4812,0,564,492,0,213,495,246,0,338,268,0,50,289,136,32285,9077
ACSSF,2010e1,co,000,0017,0000096,,,,,,,,,,,,,,,,,,,,,,,,,,,,,,,,,,,,,,,,,,,,,,,,,,,,,,,,,,,,,,,,,,,,,,,,,,,,,,,,,,,,,,,,,,,,,,,,,,,,,,,,,,,,,,269758,19120,1925,1241,1209,1057,2390,16678,5050,4632,2033,31288,1037,986,18568,8094,497,4022,5433,95,4526,2290,4408,258,6029,3830,842,1590,516,128,96840,23146
ACSSF,2010e1,co,000,0017,0000097,,,,,,,,,,,,,,,,,,,,,,,,,,,,,,,,,,,,,,,,,,,,,,,,,,,,,,,,,,,,,,,,,,,,,,,,,,,,,,,,,,,,,,,,,,,,,,,,,,,,,,,,,,,,,,231195,10451,304,795,1749,883,2143,15392,4528,5800,1542,35824,290,543,17859,8465,398,5639,4074,227,720,2240,3424,694,1101,4456,385,321,1583,168,72760,26437
ACSSF,2010e1,co,000,0017,0000098,,,,,,,,,,,,,,,,,,,,,,,,,,,,,,,,,,,,,,,,,,,,,,,,,,,,,,,,,,,,,,,,,,,,,,,,,,,,,,,,,,,,,,,,,,,,,,,,,,,,,,,,,,,,,,604414,18309,2356,3741,1722,1731,3899,30772,14384,7455,1306,55740,2137,1062,37457,20501,630,6648,8163,1008,6543,3339,6389,283,9899,6402,1209,1045,2101,463,287542,60178
ACSSF,2010e1,co,000,0017,0000099,,,,,,,,,,,,,,,,,,,,,,,,,,,,,,,,,,,,,,,,,,,,,,,,,,,,,,,,,,,,,,,,,,,,,,,,,,,,,,,,,,,,,,,,,,,,,,,,,,,,,,,,,,,,,,289281,14181,973,1764,1315,2651,4173,27684,5989,8311,1041,48476,2696,1067,24678,15568,265,4560,5235,683,2210,2961,6732,820,332,3849,1271,514,1786,74,70295,27127
ACSSF,2010e1,co,000,0017,0000100,,,,,,,,,,,,,,,,,,,,,,,,,,,,,,,,,,,,,,,,,,,,,,,,,,,,,,,,,,,,,,,,,,,,,,,,,,,,,,,,,,,,,,,,,,,,,,,,,,,,,,,,,,,,,,75517,6955,739,148,356,255,1262,5995,2026,1105,558,10682,48,71,5705,2616,0,1123,1773,0,0,586,2693,61,308,442,149,0,664,507,22022,6668
ACSSF,2010e1,co,000,0017,0000101,,,,,,,,,,,,,,,,,,,,,,,,,,,,,,,,,,,,,,,,,,,,,,,,,,,,,,,,,,,,,,,,,,,,,,,,,,,,,,,,,,,,,,,,,,,,,,,,,,,,,,,,,,,,,,185559,4895,951,528,1367,2200,3753,14748,6777,3105,1210,34714,635,652,18085,7357,304,3468,2431,333,967,1490,3174,151,259,4864,1359,549,770,332,42839,21292
ACSSF,2010e1,co,000,0017,0000102,,,,,,,,,,,,,,,,,,,,,,,,,,,,,,,,,,,,,,,,,,,,,,,,,,,,,,,,,,,,,,,,,,,,,,,,,,,,,,,,,,,,,,,,,,,,,,,,,,,,,,,,,,,,,,141508,8822,452,574,342,1556,1275,10627,1785,2389,756,26930,175,148,10451,5099,0,1215,1307,134,387,1556,2008,0,208,2527,434,312,560,0,33655,25824
ACSSF,2010e1,co,000,0017,0000103,,,,,,,,,,,,,,,,,,,,,,,,,,,,,,,,,,,,,,,,,,,,,,,,,,,,,,,,,,,,,,,,,,,,,,,,,,,,,,,,,,,,,,,,,,,,,,,,,,,,,,,,,,,,,,122145,3936,71,270,456,387,413,4181,388,1472,50,24008,0,51,7421,2095,158,1121,1244,0,1118,744,1435,88,580,2451,283,68,726,0,54039,12891
ACSSF,2010e1,co,000,0017,0000104,,,,,,,,,,,,,,,,,,,,,,,,,,,,,,,,,,,,,,,,,,,,,,,,,,,,,,,,,,,,,,,,,,,,,,,,,,,,,,,,,,,,,,,,,,,,,,,,,,,,,,,,,,,,,,,,,,,,,,,,,,,,,,,,,,,,,,,,,,,,,
ACSSF,2010e1,co,000,0017,0000105,,,,,,,,,,,,,,,,,,,,,,,,,,,,,,,,,,,,,,,,,,,,,,,,,,,,,,,,,,,,,,,,,,,,,,,,,,,,,,,,,,,,,,,,,,,,,,,,,,,,,,,,,,,,,,538920,26117,1836,1579,3512,2991,5687,40193,10462,9517,1551,98881,2199,1556,43794,24766,832,9357,12233,462,5623,5820,8881,500,881,9686,1777,976,2959,80,151818,52394
ACSSF,2010e1,co,000,0017,0000106,,,,,,,,,,,,,,,,,,,,,,,,,,,,,,,,,,,,,,,,,,,,,,,,,,,,,,,,,,,,,,,,,,,,,,,,,,,,,,,,,,,,,,,,,,,,,,,,,,,,,,,,,,,,,,95360,5907,56,862,791,927,903,10534,3334,1775,130,13520,163,235,7580,4255,162,1811,2795,262,892,1309,2104,50,52,2003,568,0,589,0,20602,11189
ACSSF,2010e1,co,000,0017,0000107,,,,,,,,,,,,,,,,,,,,,,,,,,,,,,,,,,,,,,,,,,,,,,,,,,,,,,,,,,,,,,,,,,,,,,,,,,,,,,,,,,,,,,,,,,,,,,,,,,,,,,,,,,,,,,149382,4920,99,724,401,1002,1548,10606,8176,3177,687,23564,282,177,10335,3772,462,2297,1792,123,883,965,2257,125,427,3101,452,198,614,75,47400,18741
ACSSF,2010e1,co,000,0017,0000108,,,,,,,,,,,,,,,,,,,,,,,,,,,,,,,,,,,,,,,,,,,,,,,,,,,,,,,,,,,,,,,,,,,,,,,,,,,,,,,,,,,,,,,,,,,,,,,,,,,,,,,,,,,,,,105327,4415,0,986,281,1139,960,8378,3824,1203,686,26213,311,218,7185,2518,128,1585,1414,356,760,532,1826,56,286,2881,290,66,127,55,21758,14890
ACSSF,2010e1,co,000,0017,0000109,,,,,,,,,,,,,,,,,,,,,,,,,,,,,,,,,,,,,,,,,,,,,,,,,,,,,,,,,,,,,,,,,,,,,,,,,,,,,,,,,,,,,,,,,,,,,,,,,,,,,,,,,,,,,,,,,,,,,,,,,,,,,,,,,,,,,,,,,,,,,
ACSSF,2010e1,co,000,0017,0000110,,,,,,,,,,,,,,,,,,,,,,,,,,,,,,,,,,,,,,,,,,,,,,,,,,,,,,,,,,,,,,,,,,,,,,,,,,,,,,,,,,,,,,,,,,,,,,,,,,,,,,,,,,,,,,207093,18657,305,586,846,836,1478,10900,2818,2614,566,26362,470,286,11958,7486,64,2232,3520,232,1451,1954,3557,197,1887,3089,254,79,649,64,84449,17247
ACSSF,2010e1,co,000,0017,0000111,,,,,,,,,,,,,,,,,,,,,,,,,,,,,,,,,,,,,,,,,,,,,,,,,,,,,,,,,,,,,,,,,,,,,,,,,,,,,,,,,,,,,,,,,,,,,,,,,,,,,,,,,,,,,,71992,2820,0,82,109,162,415,2561,1594,261,232,6887,0,59,2459,2532,0,354,1011,0,278,363,451,0,65,712,452,0,39,0,38977,9117
