ACSSF,2010e1,co,000,0006,0000001,33759,35743,27553,24988,16283,30765,38183,2398183,169763,154124,2074296,1823126,109868,107730,1605528,241064,26109,20057,194898,70372,10250,7767,52355,59484,10193,7563,41728,49824,5613,4509,39702,154313,7730,6498,140085,2417222,949451,410569,598291,225911,214830,18170,1827849,721822,301297,463990,163781,166883,10076,242244,74758,43603,51831,42436,28715,901,70619,23728,20799,17572,3411,5000,109,71554,20601,18120,17075,5414,3482,6862,49824,23333,9503,8701,3618,4585,84,155132,85209,17247,39122,7251,6165,138,2398183,169763,154124,2074296,1823126,109868,107730,1605528,241064,26109,20057,194898,70372,10250,7767,52355,109308,15806,12072,81430,154313,7730,6498,140085,2417222,949451,410569,598291,225911,214830,18170,1827849,721822,301297,463990,163781,166883,10076,242244,74758,43603,51831,42436,28715,901,70619,23728,20799,17572,3411,5000,109,121378,43934,27623,25776,9032,8067,6946,155132,85209,17247,39122,7251,6165,138
ACSSF,2010e1,co,000,0006,0000002,,,,,,,,,,,,,,,,,,,,,,,,,,,,,,,,,,,,,,,,,,,,,,,,,,,,,,,,,,,,,,,,,,,,,,,,,,,,,,,,,,,,,,,,,,,,,,,,,,,,,,,,,,,,,,,,,,,,,,,,,,,,,,,,,,,,,,,,,,,,,,,,,,,,,,
ACSSF,2010e1,co,000,0006,0000003,,,,,,,,,,,,,,,,,,,,,,,,,,,,,,,,,,,,,,,,,,,,,,,,,,,,,,,,,,,,,,,,,,,,,,,,,,,,,,,,,,,,,,,,,,,,,,,,,,,,,,,,,,,,,,,,,,,,,,,,,,,,,,,,,,,,,,,,,,,,,,,,,,,,,,
ACSSF,2010e1,co,000,0006,0000004,,,,,,,,,,,,,,,,,,,,,,,,,,,,,,,,,,,,,,,,,,,,,,,,,,,,,,,,,,,,,,,,,,,,,,,,,,,,,,,,,,,,,,,,,,,,,,,,,,,,,,,,,,,,,,,,,,,,,,,,,,,,,,,,,,,,,,,,,,,,,,,,,,,,,,
ACSSF,2010e1,co,000,0006,0000005,,,,,,,,,,,,,,,,,,,,,,,,,,,,,,,,,,,,,,,,,,,,,,,,,,,,,,,,,,,,,,,,,,,,,,,,,,,,,,,,,,,,,,,,,,,,,,,,,,,,,,,,,,,,,,,,,,,,,,,,,,,,,,,,,,,,,,,,,,,,,,,,,,,,,,
ACSSF,2010e1,co,000,0006,0000006,,,,,,,,,,,,,,,,,,,,,,,,,,,,,,,,,,,,,,,,,,,,,,,,,,,,,,,,,,,,,,,,,,,,,,,,,,,,,,,,,,,,,,,,,,,,,,,,,,,,,,,,,,,,,,,,,,,,,,,,,,,,,,,,,,,,,,,,,,,,,,,,,,,,,,
ACSSF,2010e1,co,000,0006,0000007,,,,,,,,,,,,,,,,,,,,,,,,,,,,,,,,,,,,,,,,,,,,,,,,,,,,,,,,,,,,,,,,,,,,,,,,,,,,,,,,,,,,,,,,,,,,,,,,,,,,,,,,,,,,,,,,,,,,,,,,,,,,,,,,,,,,,,,,,,,,,,,,,,,,,,
ACSSF,2010e1,co,000,0006,0000008,,,,,,,,,,,,,,,,,,,,,,,,,,,,,,,,,,,,,,,,,,,,,,,,,,,,,,,,,,,,,,,,,,,,,,,,,,,,,,,,,,,,,,,,,,,,,,,,,,,,,,,,,,,,,,,,,,,,,,,,,,,,,,,,,,,,,,,,,,,,,,,,,,,,,,
ACSSF,2010e1,co,000,0006,0000009,,,,,,,,,,,,,,,,,,,,,,,,,,,,,,,,,,,,,,,,,,,,,,,,,,,,,,,,,,,,,,,,,,,,,,,,,,,,,,,,,,,,,,,,,,,,,,,,,,,,,,,,,,,,,,,,,,,,,,,,,,,,,,,,,,,,,,,,,,,,,,,,,,,,,,
ACSSF,2010e1,co,000,0006,0000010,,,,,,,,,,,,,,,,,,,,,,,,,,,,,,,,,,,,,,,,,,,,,,,,,,,,,,,,,,,,,,,,,,,,,,,,,,,,,,,,,,,,,,,,,,,,,,,,,,,,,,,,,,,,,,,,,,,,,,,,,,,,,,,,,,,,,,,,,,,,,,,,,,,,,,
ACSSF,2010e1,co,000,0006,0000011,,,,,,,,,,,,,,,,,,,,,,,,,,,,,,,,,,,,,,,,,,,,,,,,,,,,,,,,,,,,,,,,,,,,,,,,,,,,,,,,,,,,,,,,,,,,,,,,,,,,,,,,,,,,,,,,,,,,,,,,,,,,,,,,,,,,,,,,,,,,,,,,,,,,,,
ACSSF,2010e1,co,000,0006,0000012,,,,,,,,,,,,,,,,,,,,,,,,,,,,,,,,,,,,,,,,,,,,,,,,,,,,,,,,,,,,,,,,,,,,,,,,,,,,,,,,,,,,,,,,,,,,,,,,,,,,,,,,,,,,,,,,,,,,,,,,,,,,,,,,,,,,,,,,,,,,,,,,,,,,,,
ACSSF,2010e1,co,000,0006,0000013,35891,36974,30870,22750,14719,32436,48262,154041,10397,9996,133648,122717,6525,6685,109507,16576,2218,1735,12623,2863,510,215,2138,3152,833,721,1598,2393,63,125,2205,6340,248,515,5577,154107,49374,22674,41072,18316,22671,0,122783,40783,17623,33371,13314,17692,0,16576,3783,2703,3265,3276,3549,0,2863,837,410,683,569,364,0,3152,305,798,1644,343,62,0,2393,673,325,635,464,296,0,6340,2993,815,1474,350,708,0,154041,10397,9996,133648,122717,6525,6685,109507,16576,2218,1735,12623,2863,510,215,2138,5545,896,846,3803,6340,248,515,5577,154107,49374,22674,41072,18316,22671,0,122783,40783,17623,33371,13314,17692,0,16576,3783,2703,3265,3276,3549,0,2863,837,410,683,569,364,0,5545,978,1123,2279,807,358,0,6340,2993,815,1474,350,708,0
ACSSF,2010e1,co,000,0006,0000014,39235,40904,32991,17373,17212,42403,38512,269735,14864,13829,241042,221336,10085,10363,200888,21794,1909,1302,18583,6501,1357,698,4446,3410,418,519,2473,2456,125,275,2056,14238,970,672,12596,270315,116823,40456,75699,18619,17664,1054,221463,98456,32199,62140,13831,14146,691,21794,7936,3930,4344,3160,2424,0,6501,1355,1920,2433,271,522,0,3817,744,944,1432,228,152,317,2456,1220,18,412,611,195,0,14284,7112,1445,4938,518,225,46,269735,14864,13829,241042,221336,10085,10363,200888,21794,1909,1302,18583,6501,1357,698,4446,5866,543,794,4529,14238,970,672,12596,270315,116823,40456,75699,18619,17664,1054,221463,98456,32199,62140,13831,14146,691,21794,7936,3930,4344,3160,2424,0,6501,1355,1920,2433,271,522,0,6273,1964,962,1844,839,347,317,14284,7112,1445,4938,518,225,46
ACSSF,2010e1,co,000,0006,0000015,35806,39475,26434,19985,16386,30572,35961,175160,16362,10567,148231,122415,9157,6617,106641,16552,2702,1032,12818,5625,1087,644,3894,6641,1503,739,4399,7629,889,663,6077,16298,1024,872,14402,176674,88054,28683,36481,10391,12892,173,123119,58184,20494,25866,8585,9862,128,16552,6598,2938,4277,1224,1515,0,5751,2669,1714,764,161,443,0,7141,4109,1346,1292,65,329,0,7629,4922,1282,1225,0,200,0,16482,11572,909,3057,356,543,45,175160,16362,10567,148231,122415,9157,6617,106641,16552,2702,1032,12818,5625,1087,644,3894,14270,2392,1402,10476,16298,1024,872,14402,176674,88054,28683,36481,10391,12892,173,123119,58184,20494,25866,8585,9862,128,16552,6598,2938,4277,1224,1515,0,5751,2669,1714,764,161,443,0,14770,9031,2628,2517,65,529,0,16482,11572,909,3057,356,543,45
ACSSF,2010e1,co,000,0006,0000016,38766,40575,30329,35827,26348,34613,42261,451961,33559,30150,388252,328569,20037,19978,288554,46481,6001,4240,36240,36713,4391,2705,29617,10498,1009,1374,8115,11192,1148,1086,8958,18508,973,767,16768,453194,189865,69543,110967,39275,43178,366,328753,139665,45733,80866,28225,33947,317,46604,15188,7345,11782,7803,4486,0,36774,16085,8614,8097,1527,2402,49,11242,4176,3095,3415,318,238,0,11192,5406,2938,1315,452,1081,0,18629,9345,1818,5492,950,1024,0,451961,33559,30150,388252,328569,20037,19978,288554,46481,6001,4240,36240,36713,4391,2705,29617,21690,2157,2460,17073,18508,973,767,16768,453194,189865,69543,110967,39275,43178,366,328753,139665,45733,80866,28225,33947,317,46604,15188,7345,11782,7803,4486,0,36774,16085,8614,8097,1527,2402,49,22434,9582,6033,4730,770,1319,0,18629,9345,1818,5492,950,1024,0
ACSSF,2010e1,co,000,0006,0000017,35136,35902,24093,12322,21545,46694,45396,101775,4110,4329,93336,75573,2381,2878,70314,9907,1095,282,8530,1662,116,616,930,384,0,123,261,1032,31,45,956,13217,487,385,12345,,,,,,,,,,,,,,,,,,,,,,,,,,,,,,,,,,,,,,,,,,,,,,,,,,101775,4110,4329,93336,75573,2381,2878,70314,9907,1095,282,8530,1662,116,616,930,1416,31,168,1217,13217,487,385,12345,101775,45120,15036,30201,6315,5103,0,75573,32929,11563,22435,4912,3734,0,9907,3306,2039,2511,1186,865,0,1662,123,554,827,0,158,0,1416,687,122,531,45,31,0,13217,8075,758,3897,172,315,0
ACSSF,2010e1,co,000,0006,0000018,30971,32438,24631,10887,11863,30100,41718,283493,17904,19366,246223,227006,12964,14359,199683,26220,2596,2716,20908,2200,563,674,963,6680,1155,832,4693,4235,245,545,3445,17152,381,240,16531,293521,109653,50312,64786,25070,27904,15796,228261,87112,38462,53613,19512,21308,8254,27168,8206,5046,5134,3740,4189,853,2260,65,1253,448,0,434,60,14445,2291,2772,1377,842,618,6545,4235,1754,1098,276,225,798,84,17152,10225,1681,3938,751,557,0,283493,17904,19366,246223,227006,12964,14359,199683,26220,2596,2716,20908,2200,563,674,963,10915,1400,1377,8138,17152,381,240,16531,293521,109653,50312,64786,25070,27904,15796,228261,87112,38462,53613,19512,21308,8254,27168,8206,5046,5134,3740,4189,853,2260,65,1253,448,0,434,60,18680,4045,3870,1653,1067,1416,6629,17152,10225,1681,3938,751,557,0
ACSSF,2010e1,co,000,0006,0000019,35810,38295,23004,20612,11189,30129,40234,220477,10258,11945,198274,170983,7216,8181,155586,21089,1484,2161,17444,3067,471,277,2319,2604,366,165,2073,4624,258,667,3699,18110,463,494,17153,220935,90296,36280,60541,17842,15764,212,171044,71110,28509,45577,13175,12461,212,21089,6673,4035,5634,2888,1859,0,3067,452,1129,1208,223,55,0,3001,411,816,1156,306,312,0,4624,1980,556,1225,462,401,0,18110,9670,1235,5741,788,676,0,220477,10258,11945,198274,170983,7216,8181,155586,21089,1484,2161,17444,3067,471,277,2319,7228,624,832,5772,18110,463,494,17153,220935,90296,36280,60541,17842,15764,212,171044,71110,28509,45577,13175,12461,212,21089,6673,4035,5634,2888,1859,0,3067,452,1129,1208,223,55,0,7625,2391,1372,2381,768,713,0,18110,9670,1235,5741,788,676,0
ACSSF,2010e1,co,000,0006,0000020,31032,31905,23766,11144,7691,21258,39208,139517,12704,8567,118246,111722,8921,5418,97383,11222,762,1645,8815,918,410,151,357,3066,985,638,1443,5137,1194,287,3656,7452,432,428,6592,140999,60806,22978,35260,10469,11382,104,112698,48085,18135,29287,7896,9239,56,11222,3251,2614,2200,1814,1295,48,918,355,151,272,0,140,0,3515,985,900,1236,350,44,0,5137,3068,704,884,143,338,0,7509,5062,474,1381,266,326,0,139517,12704,8567,118246,111722,8921,5418,97383,11222,762,1645,8815,918,410,151,357,8203,2179,925,5099,7452,432,428,6592,140999,60806,22978,35260,10469,11382,104,112698,48085,18135,29287,7896,9239,56,11222,3251,2614,2200,1814,1295,48,918,355,151,272,0,140,0,8652,4053,1604,2120,493,382,0,7509,5062,474,1381,266,326,0
ACSSF,2010e1,co,000,0006,0000021,30460,30349,38949,.,8620,36479,28297,60501,5056,4096,51349,49361,4234,3421,41706,5891,327,365,5199,163,0,0,163,692,214,174,304,1021,46,0,975,3373,235,136,3002,,,,,,,,,,,,,,,,,,,,,,,,,,,,,,,,,,,,,,,,,,,,,,,,,,60501,5056,4096,51349,49361,4234,3421,41706,5891,327,365,5199,163,0,0,163,1713,260,174,1279,3373,235,136,3002,61193,20394,12359,16188,6367,5885,0,49438,16061,9319,13780,5246,5032,0,5891,2434,1017,1429,664,347,0,163,163,0,0,0,0,0,2328,541,507,557,421,302,0,3373,1195,1516,422,36,204,0
ACSSF,2010e1,co,000,0006,0000022,27116,27635,30311,14548,11019,21615,21022,64552,6868,4829,52855,52841,5731,4296,42814,7131,209,216,6706,556,118,0,438,1304,393,80,831,692,160,181,351,2028,257,56,1715,,,,,,,,,,,,,,,,,,,,,,,,,,,,,,,,,,,,,,,,,,,,,,,,,,64552,6868,4829,52855,52841,5731,4296,42814,7131,209,216,6706,556,118,0,438,1996,553,261,1182,2028,257,56,1715,64628,18596,12469,17759,7580,8177,47,52866,15708,9706,15091,5536,6825,0,7131,1742,1151,1544,1812,882,0,556,134,118,179,60,65,0,2047,335,987,459,172,94,0,2028,677,507,486,0,311,47
ACSSF,2010e1,co,000,0006,0000023,30769,32153,21907,29333,16672,25600,26549,95975,9067,7213,79695,74286,6164,5151,62971,12113,1953,1189,8971,670,0,181,489,2078,382,451,1245,1095,232,0,863,5733,336,241,5156,96727,30623,15954,22293,13358,14437,62,74692,24381,12440,18259,8987,10563,62,12113,2370,1282,1648,3738,3075,0,670,304,0,156,210,0,0,2259,804,652,499,128,176,0,1095,407,138,347,0,203,0,5898,2357,1442,1384,295,420,0,95975,9067,7213,79695,74286,6164,5151,62971,12113,1953,1189,8971,670,0,181,489,3173,614,451,2108,5733,336,241,5156,96727,30623,15954,22293,13358,14437,62,74692,24381,12440,18259,8987,10563,62,12113,2370,1282,1648,3738,3075,0,670,304,0,156,210,0,0,3354,1211,790,846,128,379,0,5898,2357,1442,1384,295,420,0
ACSSF,2010e1,co,000,0006,0000024,31703,34176,16029,15035,4675,16730,30652,,,,,,,,,,,,,,,,,,,,,,,,,,,,,,,,,,,,,,,,,,,,,,,,,,,,,,,,,,,,,,,,,,,,,,,,,,,,,,,,,,,,,,,,,,,,,,,,,,,,,,,,,,,,,,,,,,,,,,,,,,,,,,,,,,,,,,,,,,,,,,,
ACSSF,2010e1,co,000,0006,0000025,32494,36435,30085,15386,15017,41147,26000,114096,9106,7964,97026,91511,5862,5192,80457,10163,959,1254,7950,3905,891,333,2681,2143,419,565,1159,1656,55,131,1470,4718,920,489,3309,114549,45876,21370,29788,7758,8926,831,91511,38641,16029,23727,5986,6660,468,10163,3463,1874,2142,1177,1507,0,3905,710,1249,1472,52,422,0,2550,451,874,727,70,111,317,1656,738,137,380,274,127,0,4764,1873,1207,1340,199,99,46,114096,9106,7964,97026,91511,5862,5192,80457,10163,959,1254,7950,3905,891,333,2681,3799,474,696,2629,4718,920,489,3309,114549,45876,21370,29788,7758,8926,831,91511,38641,16029,23727,5986,6660,468,10163,3463,1874,2142,1177,1507,0,3905,710,1249,1472,52,422,0,4206,1189,1011,1107,344,238,317,4764,1873,1207,1340,199,99,46
ACSSF,2010e1,co,000,0006,0000026,36386,41556,31886,22293,16698,30553,30202,94009,9909,6174,77926,61932,5304,3245,53383,9652,1512,526,7614,5022,760,644,3618,4844,1185,557,3102,6315,660,663,4992,6244,488,539,5217,94955,51847,14593,18165,5382,4795,173,62196,32275,9731,12397,4191,3474,128,9652,4607,1530,1973,738,804,0,5086,2538,1390,764,161,233,0,5278,3417,722,971,0,168,0,6315,4295,946,958,0,116,0,6428,4715,274,1102,292,0,45,94009,9909,6174,77926,61932,5304,3245,53383,9652,1512,526,7614,5022,760,644,3618,11159,1845,1220,8094,6244,488,539,5217,94955,51847,14593,18165,5382,4795,173,62196,32275,9731,12397,4191,3474,128,9652,4607,1530,1973,738,804,0,5086,2538,1390,764,161,233,0,11593,7712,1668,1929,0,284,0,6428,4715,274,1102,292,0,45
ACSSF,2010e1,co,000,0006,0000027,43170,44540,38518,30590,31319,147724,32359,,,,,,,,,,,,,,,,,,,,,,,,,,,,,,,,,,,,,,,,,,,,,,,,,,,,,,,,,,,,,,,,,,,,,,,,,,,,,,,,,,,,,,,,,,,,,,,,,,,,,,,,,,,,,,,,,,,,,,,,,,,,,,,,,,,,,,,,,,,,,,,
ACSSF,2010e1,co,000,0006,0000028,30640,31738,22437,10733,15499,21966,35952,216764,14464,16148,186152,174965,10223,11494,153248,21105,2205,2502,16398,2122,563,596,963,5072,890,771,3411,3290,245,545,2500,10210,338,240,9632,217223,85133,39492,52783,16079,21592,2144,175006,69918,30432,44006,12500,16189,1961,21105,6521,3875,4378,2526,3805,0,2122,65,1175,448,0,434,0,5490,1474,2075,1144,354,260,183,3290,1584,703,180,225,598,0,10210,5571,1232,2627,474,306,0,216764,14464,16148,186152,174965,10223,11494,153248,21105,2205,2502,16398,2122,563,596,963,8362,1135,1316,5911,10210,338,240,9632,217223,85133,39492,52783,16079,21592,2144,175006,69918,30432,44006,12500,16189,1961,21105,6521,3875,4378,2526,3805,0,2122,65,1175,448,0,434,0,8780,3058,2778,1324,579,858,183,10210,5571,1232,2627,474,306,0
ACSSF,2010e1,co,000,0006,0000029,38766,40575,30329,35827,26348,34613,42261,451961,33559,30150,388252,328569,20037,19978,288554,46481,6001,4240,36240,36713,4391,2705,29617,10498,1009,1374,8115,11192,1148,1086,8958,18508,973,767,16768,453194,189865,69543,110967,39275,43178,366,328753,139665,45733,80866,28225,33947,317,46604,15188,7345,11782,7803,4486,0,36774,16085,8614,8097,1527,2402,49,11242,4176,3095,3415,318,238,0,11192,5406,2938,1315,452,1081,0,18629,9345,1818,5492,950,1024,0,451961,33559,30150,388252,328569,20037,19978,288554,46481,6001,4240,36240,36713,4391,2705,29617,21690,2157,2460,17073,18508,973,767,16768,453194,189865,69543,110967,39275,43178,366,328753,139665,45733,80866,28225,33947,317,46604,15188,7345,11782,7803,4486,0,36774,16085,8614,8097,1527,2402,49,22434,9582,6033,4730,770,1319,0,18629,9345,1818,5492,950,1024,0
ACSSF,2010e1,co,000,0006,0000030,30139,31141,22188,10704,12892,21020,36989,83656,9285,5828,68543,66308,6762,3568,55978,7168,587,1266,5315,493,204,151,138,1881,420,500,961,4153,1097,166,2890,3653,215,177,3261,84803,39828,14472,20161,4299,5939,104,66993,31132,10850,16675,3286,4994,56,7168,2206,2340,1175,759,640,48,493,246,151,53,0,43,0,2286,832,493,892,69,0,0,4153,2576,407,828,143,199,0,3710,2836,231,538,42,63,0,83656,9285,5828,68543,66308,6762,3568,55978,7168,587,1266,5315,493,204,151,138,6034,1517,666,3851,3653,215,177,3261,84803,39828,14472,20161,4299,5939,104,66993,31132,10850,16675,3286,4994,56,7168,2206,2340,1175,759,640,48,493,246,151,53,0,43,0,6439,3408,900,1720,212,199,0,3710,2836,231,538,42,63,0
ACSSF,2010e1,co,000,0006,0000031,26715,30266,20861,29232,15488,25765,22132,46611,6704,3157,36750,36836,4489,2585,29762,5749,1553,318,3878,375,0,42,333,1221,328,101,792,995,232,0,763,1435,102,111,1222,,,,,,,,,,,,,,,,,,,,,,,,,,,,,,,,,,,,,,,,,,,,,,,,,,46611,6704,3157,36750,36836,4489,2585,29762,5749,1553,318,3878,375,0,42,333,2216,560,101,1555,1435,102,111,1222,47300,15459,9045,12132,4879,5785,0,37179,12452,7357,9880,3442,4048,0,5749,1611,835,863,1061,1379,0,375,165,0,0,210,0,0,2397,727,659,732,74,205,0,1600,504,194,657,92,153,0
ACSSF,2010e1,co,000,0006,0000032,31899,32174,23490,8287,9557,45479,38679,,,,,,,,,,,,,,,,,,,,,,,,,,,,,,,,,,,,,,,,,,,,,,,,,,,,,,,,,,,,,,,,,,,,,,,,,,,,,,,,,,,,,,,,,,,,,,,,,,,,,,,,,,,,,,,,,,,,,,,,,,,,,,,,,,,,,,,,,,,,,,,
ACSSF,2010e1,co,000,0006,0000033,36455,40366,26051,21821,17706,24157,29359,74577,4106,3897,66574,60838,2958,2826,55054,7888,610,836,6442,1216,176,0,1040,899,43,64,792,923,109,126,688,2813,210,45,2558,74710,32130,13063,19208,5714,4595,0,60838,27438,10053,15233,4533,3581,0,7888,2588,1951,2087,661,601,0,1216,165,423,403,170,55,0,1032,43,227,315,200,247,0,923,419,184,126,150,44,0,2813,1477,225,1044,0,67,0,74577,4106,3897,66574,60838,2958,2826,55054,7888,610,836,6442,1216,176,0,1040,1822,152,190,1480,2813,210,45,2558,74710,32130,13063,19208,5714,4595,0,60838,27438,10053,15233,4533,3581,0,7888,2588,1951,2087,661,601,0,1216,165,423,403,170,55,0,1955,462,411,441,350,291,0,2813,1477,225,1044,0,67,0
ACSSF,2010e1,co,000,0006,0000034,32285,34803,21108,50609,17676,30530,40102,,,,,,,,,,,,,,,,,,,,,,,,,,,,,,,,,,,,,,,,,,,,,,,,,,,,,,,,,,,,,,,,,,,,,,,,,,,,,,36415,3143,2353,30919,29177,2120,2040,25017,3010,767,141,2102,236,0,0,236,1650,195,97,1358,2342,61,75,2206,36542,15113,6997,8012,2348,4072,0,29304,12390,5118,6124,2148,3524,0,3010,816,908,749,200,337,0,236,80,0,156,0,0,0,1650,571,685,310,0,84,0,2342,1256,286,673,0,127,0
ACSSF,2010e1,co,000,0006,0000035,33220,35346,23239,35628,6838,26677,40208,,,,,,,,,,,,,,,,,,,,,,,,,,,,,,,,,,,,,,,,,,,,,,,,,,,,,,,,,,,,,,,,,,,,,,,,,,,,,,,,,,,,,,,,,,,,,,,,,,,,,,,,,,,,,,,,,,,,,,,,,,,,,,,,,,,,,,,,,,,,,,,
ACSSF,2010e1,co,000,0006,0000036,25716,26336,27890,14548,11356,20846,6500,50196,6012,4348,39836,41804,4959,3871,32974,5020,155,216,4649,556,118,0,438,1125,363,80,682,515,160,181,174,1176,257,0,919,,,,,,,,,,,,,,,,,,,,,,,,,,,,,,,,,,,,,,,,,,,,,,,,,,50196,6012,4348,39836,41804,4959,3871,32974,5020,155,216,4649,556,118,0,438,1640,523,261,856,1176,257,0,919,,,,,,,,,,,,,,,,,,,,,,,,,,,,,,,,,,,,,,,,,,
ACSSF,2010e1,co,000,0006,0000037,29384,27323,36208,4038,25667,7409,48819,,,,,,,,,,,,,,,,,,,,,,,,,,,,,,,,,,,,,,,,,,,,,,,,,,,,,,,,,,,,,,,,,,,,,,,,,,,,,,,,,,,,,,,,,,,,,,,,,,,,,,,,,,,,,,,,,,,,,,,,,,,,,,,,,,,,,,,,,,,,,,,
ACSSF,2010e1,co,000,0006,0000038,33705,35410,35344,10762,4425,19704,22875,37407,1793,2319,33295,30948,953,1803,28192,2709,211,245,2253,1064,345,175,544,395,87,0,308,432,149,0,283,1859,48,96,1715,,,,,,,,,,,,,,,,,,,,,,,,,,,,,,,,,,,,,,,,,,,,,,,,,,37407,1793,2319,33295,30948,953,1803,28192,2709,211,245,2253,1064,345,175,544,827,236,0,591,1859,48,96,1715,37407,16031,6178,10989,2286,1711,212,30948,13826,5348,9178,1368,1016,212,2709,665,491,837,349,367,0,1064,278,153,404,229,0,0,827,265,92,179,215,76,0,1859,997,94,391,125,252,0
ACSSF,2010e1,co,000,0006,0000039,36386,41556,31886,22293,16698,30553,30202,94009,9909,6174,77926,61932,5304,3245,53383,9652,1512,526,7614,5022,760,644,3618,4844,1185,557,3102,6315,660,663,4992,6244,488,539,5217,94955,51847,14593,18165,5382,4795,173,62196,32275,9731,12397,4191,3474,128,9652,4607,1530,1973,738,804,0,5086,2538,1390,764,161,233,0,5278,3417,722,971,0,168,0,6315,4295,946,958,0,116,0,6428,4715,274,1102,292,0,45,94009,9909,6174,77926,61932,5304,3245,53383,9652,1512,526,7614,5022,760,644,3618,11159,1845,1220,8094,6244,488,539,5217,94955,51847,14593,18165,5382,4795,173,62196,32275,9731,12397,4191,3474,128,9652,4607,1530,1973,738,804,0,5086,2538,1390,764,161,233,0,11593,7712,1668,1929,0,284,0,6428,4715,274,1102,292,0,45
ACSSF,2010e1,co,000,0006,0000040,30640,31738,22437,10733,15499,21966,35952,216764,14464,16148,186152,174965,10223,11494,153248,21105,2205,2502,16398,2122,563,596,963,5072,890,771,3411,3290,245,545,2500,10210,338,240,9632,217223,85133,39492,52783,16079,21592,2144,175006,69918,30432,44006,12500,16189,1961,21105,6521,3875,4378,2526,3805,0,2122,65,1175,448,0,434,0,5490,1474,2075,1144,354,260,183,3290,1584,703,180,225,598,0,10210,5571,1232,2627,474,306,0,216764,14464,16148,186152,174965,10223,11494,153248,21105,2205,2502,16398,2122,563,596,963,8362,1135,1316,5911,10210,338,240,9632,217223,85133,39492,52783,16079,21592,2144,175006,69918,30432,44006,12500,16189,1961,21105,6521,3875,4378,2526,3805,0,2122,65,1175,448,0,434,0,8780,3058,2778,1324,579,858,183,10210,5571,1232,2627,474,306,0
ACSSF,2010e1,co,000,0006,0000041,32494,36435,30085,15386,15017,41147,26000,114096,9106,7964,97026,91511,5862,5192,80457,10163,959,1254,7950,3905,891,333,2681,2143,419,565,1159,1656,55,131,1470,4718,920,489,3309,114549,45876,21370,29788,7758,8926,831,91511,38641,16029,23727,5986,6660,468,10163,3463,1874,2142,1177,1507,0,3905,710,1249,1472,52,422,0,2550,451,874,727,70,111,317,1656,738,137,380,274,127,0,4764,1873,1207,1340,199,99,46,114096,9106,7964,97026,91511,5862,5192,80457,10163,959,1254,7950,3905,891,333,2681,3799,474,696,2629,4718,920,489,3309,114549,45876,21370,29788,7758,8926,831,91511,38641,16029,23727,5986,6660,468,10163,3463,1874,2142,1177,1507,0,3905,710,1249,1472,52,422,0,4206,1189,1011,1107,344,238,317,4764,1873,1207,1340,199,99,46
ACSSF,2010e1,co,000,0006,0000042,38766,40575,30329,35827,26348,34613,42261,451961,33559,30150,388252,328569,20037,19978,288554,46481,6001,4240,36240,36713,4391,2705,29617,10498,1009,1374,8115,11192,1148,1086,8958,18508,973,767,16768,453194,189865,69543,110967,39275,43178,366,328753,139665,45733,80866,28225,33947,317,46604,15188,7345,11782,7803,4486,0,36774,16085,8614,8097,1527,2402,49,11242,4176,3095,3415,318,238,0,11192,5406,2938,1315,452,1081,0,18629,9345,1818,5492,950,1024,0,451961,33559,30150,388252,328569,20037,19978,288554,46481,6001,4240,36240,36713,4391,2705,29617,21690,2157,2460,17073,18508,973,767,16768,453194,189865,69543,110967,39275,43178,366,328753,139665,45733,80866,28225,33947,317,46604,15188,7345,11782,7803,4486,0,36774,16085,8614,8097,1527,2402,49,22434,9582,6033,4730,770,1319,0,18629,9345,1818,5492,950,1024,0
ACSSF,2010e1,co,000,0006,0000043,30139,31141,22188,10704,12892,21020,36989,83656,9285,5828,68543,66308,6762,3568,55978,7168,587,1266,5315,493,204,151,138,1881,420,500,961,4153,1097,166,2890,3653,215,177,3261,84803,39828,14472,20161,4299,5939,104,66993,31132,10850,16675,3286,4994,56,7168,2206,2340,1175,759,640,48,493,246,151,53,0,43,0,2286,832,493,892,69,0,0,4153,2576,407,828,143,199,0,3710,2836,231,538,42,63,0,83656,9285,5828,68543,66308,6762,3568,55978,7168,587,1266,5315,493,204,151,138,6034,1517,666,3851,3653,215,177,3261,84803,39828,14472,20161,4299,5939,104,66993,31132,10850,16675,3286,4994,56,7168,2206,2340,1175,759,640,48,493,246,151,53,0,43,0,6439,3408,900,1720,212,199,0,3710,2836,231,538,42,63,0
ACSSF,2010e1,co,000,0006,0000044,33220,35346,23239,35628,6838,26677,40208,,,,,,,,,,,,,,,,,,,,,,,,,,,,,,,,,,,,,,,,,,,,,,,,,,,,,,,,,,,,,,,,,,,,,,,,,,,,,,,,,,,,,,,,,,,,,,,,,,,,,,,,,,,,,,,,,,,,,,,,,,,,,,,,,,,,,,,,,,,,,,,
ACSSF,2010e1,co,000,0006,0000045,26715,30266,20861,29232,15488,25765,22132,46611,6704,3157,36750,36836,4489,2585,29762,5749,1553,318,3878,375,0,42,333,1221,328,101,792,995,232,0,763,1435,102,111,1222,,,,,,,,,,,,,,,,,,,,,,,,,,,,,,,,,,,,,,,,,,,,,,,,,,46611,6704,3157,36750,36836,4489,2585,29762,5749,1553,318,3878,375,0,42,333,2216,560,101,1555,1435,102,111,1222,47300,15459,9045,12132,4879,5785,0,37179,12452,7357,9880,3442,4048,0,5749,1611,835,863,1061,1379,0,375,165,0,0,210,0,0,2397,727,659,732,74,205,0,1600,504,194,657,92,153,0
ACSSF,2010e1,co,000,0006,0000046,25716,26336,27890,14548,11356,20846,6500,50196,6012,4348,39836,41804,4959,3871,32974,5020,155,216,4649,556,118,0,438,1125,363,80,682,515,160,181,174,1176,257,0,919,,,,,,,,,,,,,,,,,,,,,,,,,,,,,,,,,,,,,,,,,,,,,,,,,,50196,6012,4348,39836,41804,4959,3871,32974,5020,155,216,4649,556,118,0,438,1640,523,261,856,1176,257,0,919,,,,,,,,,,,,,,,,,,,,,,,,,,,,,,,,,,,,,,,,,,
ACSSF,2010e1,co,000,0006,0000047,,,,,,,,,,,,,,,,,,,,,,,,,,,,,,,,,,,,,,,,,,,,,,,,,,,,,,,,,,,,,,,,,,,,,,,,,,,,,,,,,,,,,,,,,,,,,,,,,,,,,,,,,,,,,,,,,,,,,,,,,,,,,,,,,,,,,,,,,,,,,,,,,,,,,,
ACSSF,2010e1,co,000,0006,0000048,,,,,,,,,,,,,,,,,,,,,,,,,,,,,,,,,,,,,,,,,,,,,,,,,,,,,,,,,,,,,,,,,,,,,,,,,,,,,,,,,,,,,,,,,,,,,,,,,,,,,,,,,,,,,,,,,,,,,,,,,,,,,,,,,,,,,,,,,,,,,,,,,,,,,,
ACSSF,2010e1,co,000,0006,0000049,,,,,,,,,,,,,,,,,,,,,,,,,,,,,,,,,,,,,,,,,,,,,,,,,,,,,,,,,,,,,,,,,,,,,,,,,,,,,,,,,,,,,,,,,,,,,,,,,,,,,,,,,,,,,,,,,,,,,,,,,,,,,,,,,,,,,,,,,,,,,,,,,,,,,,
ACSSF,2010e1,co,000,0006,0000050,,,,,,,,,,,,,,,,,,,,,,,,,,,,,,,,,,,,,,,,,,,,,,,,,,,,,,,,,,,,,,,,,,,,,,,,,,,,,,,,,,,,,,,,,,,,,,,,,,,,,,,,,,,,,,,,,,,,,,,,,,,,,,,,,,,,,,,,,,,,,,,,,,,,,,
ACSSF,2010e1,co,000,0006,0000051,,,,,,,,,,,,,,,,,,,,,,,,,,,,,,,,,,,,,,,,,,,,,,,,,,,,,,,,,,,,,,,,,,,,,,,,,,,,,,,,,,,,,,,,,,,,,,,,,,,,,,,,,,,,,,,,,,,,,,,,,,,,,,,,,,,,,,,,,,,,,,,,,,,,,,
ACSSF,2010e1,co,000,0006,0000052,,,,,,,,,,,,,,,,,,,,,,,,,,,,,,,,,,,,,,,,,,,,,,,,,,,,,,,,,,,,,,,,,,,,,,,,,,,,,,,,,,,,,,,,,,,,,,,,,,,,,,,,,,,,,,,,,,,,,,,,,,,,,,,,,,,,,,,,,,,,,,,,,,,,,,
ACSSF,2010e1,co,000,0006,0000053,,,,,,,,,,,,,,,,,,,,,,,,,,,,,,,,,,,,,,,,,,,,,,,,,,,,,,,,,,,,,,,,,,,,,,,,,,,,,,,,,,,,,,,,,,,,,,,,,,,,,,,,,,,,,,,,,,,,,,,,,,,,,,,,,,,,,,,,,,,,,,,,,,,,,,
ACSSF,2010e1,co,000,0006,0000054,,,,,,,,,,,,,,,,,,,,,,,,,,,,,,,,,,,,,,,,,,,,,,,,,,,,,,,,,,,,,,,,,,,,,,,,,,,,,,,,,,,,,,,,,,,,,,,,,,,,,,,,,,,,,,,,,,,,,,,,,,,,,,,,,,,,,,,,,,,,,,,,,,,,,,
ACSSF,2010e1,co,000,0006,0000055,,,,,,,,,,,,,,,,,,,,,,,,,,,,,,,,,,,,,,,,,,,,,,,,,,,,,,,,,,,,,,,,,,,,,,,,,,,,,,,,,,,,,,,,,,,,,,,,,,,,,,,,,,,,,,,,,,,,,,,,,,,,,,,,,,,,,,,,,,,,,,,,,,,,,,
ACSSF,2010e1,co,000,0006,0000056,,,,,,,,,,,,,,,,,,,,,,,,,,,,,,,,,,,,,,,,,,,,,,,,,,,,,,,,,,,,,,,,,,,,,,,,,,,,,,,,,,,,,,,,,,,,,,,,,,,,,,,,,,,,,,,,,,,,,,,,,,,,,,,,,,,,,,,,,,,,,,,,,,,,,,
ACSSF,2010e1,co,000,0006,0000057,,,,,,,,,,,,,,,,,,,,,,,,,,,,,,,,,,,,,,,,,,,,,,,,,,,,,,,,,,,,,,,,,,,,,,,,,,,,,,,,,,,,,,,,,,,,,,,,,,,,,,,,,,,,,,,,,,,,,,,,,,,,,,,,,,,,,,,,,,,,,,,,,,,,,,
ACSSF,2010e1,co,000,0006,0000058,,,,,,,,,,,,,,,,,,,,,,,,,,,,,,,,,,,,,,,,,,,,,,,,,,,,,,,,,,,,,,,,,,,,,,,,,,,,,,,,,,,,,,,,,,,,,,,,,,,,,,,,,,,,,,,,,,,,,,,,,,,,,,,,,,,,,,,,,,,,,,,,,,,,,,
ACSSF,2010e1,co,000,0006,0000059,,,,,,,,,,,,,,,,,,,,,,,,,,,,,,,,,,,,,,,,,,,,,,,,,,,,,,,,,,,,,,,,,,,,,,,,,,,,,,,,,,,,,,,,,,,,,,,,,,,,,,,,,,,,,,,,,,,,,,,,,,,,,,,,,,,,,,,,,,,,,,,,,,,,,,
ACSSF,2010e1,co,000,0006,0000060,,,,,,,,,,,,,,,,,,,,,,,,,,,,,,,,,,,,,,,,,,,,,,,,,,,,,,,,,,,,,,,,,,,,,,,,,,,,,,,,,,,,,,,,,,,,,,,,,,,,,,,,,,,,,,,,,,,,,,,,,,,,,,,,,,,,,,,,,,,,,,,,,,,,,,
ACSSF,2010e1,co,000,0006,0000061,,,,,,,,,,,,,,,,,,,,,,,,,,,,,,,,,,,,,,,,,,,,,,,,,,,,,,,,,,,,,,,,,,,,,,,,,,,,,,,,,,,,,,,,,,,,,,,,,,,,,,,,,,,,,,,,,,,,,,,,,,,,,,,,,,,,,,,,,,,,,,,,,,,,,,
ACSSF,2010e1,co,000,0006,0000062,,,,,,,,,,,,,,,,,,,,,,,,,,,,,,,,,,,,,,,,,,,,,,,,,,,,,,,,,,,,,,,,,,,,,,,,,,,,,,,,,,,,,,,,,,,,,,,,,,,,,,,,,,,,,,,,,,,,,,,,,,,,,,,,,,,,,,,,,,,,,,,,,,,,,,
ACSSF,2010e1,co,000,0006,0000063,,,,,,,,,,,,,,,,,,,,,,,,,,,,,,,,,,,,,,,,,,,,,,,,,,,,,,,,,,,,,,,,,,,,,,,,,,,,,,,,,,,,,,,,,,,,,,,,,,,,,,,,,,,,,,,,,,,,,,,,,,,,,,,,,,,,,,,,,,,,,,,,,,,,,,
ACSSF,2010e1,co,000,0006,0000064,,,,,,,,,,,,,,,,,,,,,,,,,,,,,,,,,,,,,,,,,,,,,,,,,,,,,,,,,,,,,,,,,,,,,,,,,,,,,,,,,,,,,,,,,,,,,,,,,,,,,,,,,,,,,,,,,,,,,,,,,,,,,,,,,,,,,,,,,,,,,,,,,,,,,,
ACSSF,2010e1,co,000,0006,0000065,,,,,,,,,,,,,,,,,,,,,,,,,,,,,,,,,,,,,,,,,,,,,,,,,,,,,,,,,,,,,,,,,,,,,,,,,,,,,,,,,,,,,,,,,,,,,,,,,,,,,,,,,,,,,,,,,,,,,,,,,,,,,,,,,,,,,,,,,,,,,,,,,,,,,,
ACSSF,2010e1,co,000,0006,0000066,,,,,,,,,,,,,,,,,,,,,,,,,,,,,,,,,,,,,,,,,,,,,,,,,,,,,,,,,,,,,,,,,,,,,,,,,,,,,,,,,,,,,,,,,,,,,,,,,,,,,,,,,,,,,,,,,,,,,,,,,,,,,,,,,,,,,,,,,,,,,,,,,,,,,,
ACSSF,2010e1,co,000,0006,0000067,,,,,,,,,,,,,,,,,,,,,,,,,,,,,,,,,,,,,,,,,,,,,,,,,,,,,,,,,,,,,,,,,,,,,,,,,,,,,,,,,,,,,,,,,,,,,,,,,,,,,,,,,,,,,,,,,,,,,,,,,,,,,,,,,,,,,,,,,,,,,,,,,,,,,,
ACSSF,2010e1,co,000,0006,0000068,,,,,,,,,,,,,,,,,,,,,,,,,,,,,,,,,,,,,,,,,,,,,,,,,,,,,,,,,,,,,,,,,,,,,,,,,,,,,,,,,,,,,,,,,,,,,,,,,,,,,,,,,,,,,,,,,,,,,,,,,,,,,,,,,,,,,,,,,,,,,,,,,,,,,,
ACSSF,2010e1,co,000,0006,0000069,,,,,,,,,,,,,,,,,,,,,,,,,,,,,,,,,,,,,,,,,,,,,,,,,,,,,,,,,,,,,,,,,,,,,,,,,,,,,,,,,,,,,,,,,,,,,,,,,,,,,,,,,,,,,,,,,,,,,,,,,,,,,,,,,,,,,,,,,,,,,,,,,,,,,,
ACSSF,2010e1,co,000,0006,0000070,,,,,,,,,,,,,,,,,,,,,,,,,,,,,,,,,,,,,,,,,,,,,,,,,,,,,,,,,,,,,,,,,,,,,,,,,,,,,,,,,,,,,,,,,,,,,,,,,,,,,,,,,,,,,,,,,,,,,,,,,,,,,,,,,,,,,,,,,,,,,,,,,,,,,,
ACSSF,2010e1,co,000,0006,0000071,,,,,,,,,,,,,,,,,,,,,,,,,,,,,,,,,,,,,,,,,,,,,,,,,,,,,,,,,,,,,,,,,,,,,,,,,,,,,,,,,,,,,,,,,,,,,,,,,,,,,,,,,,,,,,,,,,,,,,,,,,,,,,,,,,,,,,,,,,,,,,,,,,,,,,
ACSSF,2010e1,co,000,0006,0000072,,,,,,,,,,,,,,,,,,,,,,,,,,,,,,,,,,,,,,,,,,,,,,,,,,,,,,,,,,,,,,,,,,,,,,,,,,,,,,,,,,,,,,,,,,,,,,,,,,,,,,,,,,,,,,,,,,,,,,,,,,,,,,,,,,,,,,,,,,,,,,,,,,,,,,
ACSSF,2010e1,co,000,0006,0000073,,,,,,,,,,,,,,,,,,,,,,,,,,,,,,,,,,,,,,,,,,,,,,,,,,,,,,,,,,,,,,,,,,,,,,,,,,,,,,,,,,,,,,,,,,,,,,,,,,,,,,,,,,,,,,,,,,,,,,,,,,,,,,,,,,,,,,,,,,,,,,,,,,,,,,
ACSSF,2010e1,co,000,0006,0000074,,,,,,,,,,,,,,,,,,,,,,,,,,,,,,,,,,,,,,,,,,,,,,,,,,,,,,,,,,,,,,,,,,,,,,,,,,,,,,,,,,,,,,,,,,,,,,,,,,,,,,,,,,,,,,,,,,,,,,,,,,,,,,,,,,,,,,,,,,,,,,,,,,,,,,
ACSSF,2010e1,co,000,0006,0000075,,,,,,,,,,,,,,,,,,,,,,,,,,,,,,,,,,,,,,,,,,,,,,,,,,,,,,,,,,,,,,,,,,,,,,,,,,,,,,,,,,,,,,,,,,,,,,,,,,,,,,,,,,,,,,,,,,,,,,,,,,,,,,,,,,,,,,,,,,,,,,,,,,,,,,
ACSSF,2010e1,co,000,0006,0000076,,,,,,,,,,,,,,,,,,,,,,,,,,,,,,,,,,,,,,,,,,,,,,,,,,,,,,,,,,,,,,,,,,,,,,,,,,,,,,,,,,,,,,,,,,,,,,,,,,,,,,,,,,,,,,,,,,,,,,,,,,,,,,,,,,,,,,,,,,,,,,,,,,,,,,
ACSSF,2010e1,co,000,0006,0000077,,,,,,,,,,,,,,,,,,,,,,,,,,,,,,,,,,,,,,,,,,,,,,,,,,,,,,,,,,,,,,,,,,,,,,,,,,,,,,,,,,,,,,,,,,,,,,,,,,,,,,,,,,,,,,,,,,,,,,,,,,,,,,,,,,,,,,,,,,,,,,,,,,,,,,
ACSSF,2010e1,co,000,0006,0000078,,,,,,,,,,,,,,,,,,,,,,,,,,,,,,,,,,,,,,,,,,,,,,,,,,,,,,,,,,,,,,,,,,,,,,,,,,,,,,,,,,,,,,,,,,,,,,,,,,,,,,,,,,,,,,,,,,,,,,,,,,,,,,,,,,,,,,,,,,,,,,,,,,,,,,
ACSSF,2010e1,co,000,0006,0000079,,,,,,,,,,,,,,,,,,,,,,,,,,,,,,,,,,,,,,,,,,,,,,,,,,,,,,,,,,,,,,,,,,,,,,,,,,,,,,,,,,,,,,,,,,,,,,,,,,,,,,,,,,,,,,,,,,,,,,,,,,,,,,,,,,,,,,,,,,,,,,,,,,,,,,
ACSSF,2010e1,co,000,0006,0000080,,,,,,,,,,,,,,,,,,,,,,,,,,,,,,,,,,,,,,,,,,,,,,,,,,,,,,,,,,,,,,,,,,,,,,,,,,,,,,,,,,,,,,,,,,,,,,,,,,,,,,,,,,,,,,,,,,,,,,,,,,,,,,,,,,,,,,,,,,,,,,,,,,,,,,
ACSSF,2010e1,co,000,0006,0000081,,,,,,,,,,,,,,,,,,,,,,,,,,,,,,,,,,,,,,,,,,,,,,,,,,,,,,,,,,,,,,,,,,,,,,,,,,,,,,,,,,,,,,,,,,,,,,,,,,,,,,,,,,,,,,,,,,,,,,,,,,,,,,,,,,,,,,,,,,,,,,,,,,,,,,
ACSSF,2010e1,co,000,0006,0000082,,,,,,,,,,,,,,,,,,,,,,,,,,,,,,,,,,,,,,,,,,,,,,,,,,,,,,,,,,,,,,,,,,,,,,,,,,,,,,,,,,,,,,,,,,,,,,,,,,,,,,,,,,,,,,,,,,,,,,,,,,,,,,,,,,,,,,,,,,,,,,,,,,,,,,
ACSSF,2010e1,co,000,0006,0000083,,,,,,,,,,,,,,,,,,,,,,,,,,,,,,,,,,,,,,,,,,,,,,,,,,,,,,,,,,,,,,,,,,,,,,,,,,,,,,,,,,,,,,,,,,,,,,,,,,,,,,,,,,,,,,,,,,,,,,,,,,,,,,,,,,,,,,,,,,,,,,,,,,,,,,
ACSSF,2010e1,co,000,0006,0000084,,,,,,,,,,,,,,,,,,,,,,,,,,,,,,,,,,,,,,,,,,,,,,,,,,,,,,,,,,,,,,,,,,,,,,,,,,,,,,,,,,,,,,,,,,,,,,,,,,,,,,,,,,,,,,,,,,,,,,,,,,,,,,,,,,,,,,,,,,,,,,,,,,,,,,
ACSSF,2010e1,co,000,0006,0000085,,,,,,,,,,,,,,,,,,,,,,,,,,,,,,,,,,,,,,,,,,,,,,,,,,,,,,,,,,,,,,,,,,,,,,,,,,,,,,,,,,,,,,,,,,,,,,,,,,,,,,,,,,,,,,,,,,,,,,,,,,,,,,,,,,,,,,,,,,,,,,,,,,,,,,
ACSSF,2010e1,co,000,0006,0000086,,,,,,,,,,,,,,,,,,,,,,,,,,,,,,,,,,,,,,,,,,,,,,,,,,,,,,,,,,,,,,,,,,,,,,,,,,,,,,,,,,,,,,,,,,,,,,,,,,,,,,,,,,,,,,,,,,,,,,,,,,,,,,,,,,,,,,,,,,,,,,,,,,,,,,
ACSSF,2010e1,co,000,0006,0000087,,,,,,,,,,,,,,,,,,,,,,,,,,,,,,,,,,,,,,,,,,,,,,,,,,,,,,,,,,,,,,,,,,,,,,,,,,,,,,,,,,,,,,,,,,,,,,,,,,,,,,,,,,,,,,,,,,,,,,,,,,,,,,,,,,,,,,,,,,,,,,,,,,,,,,
ACSSF,2010e1,co,000,0006,0000088,,,,,,,,,,,,,,,,,,,,,,,,,,,,,,,,,,,,,,,,,,,,,,,,,,,,,,,,,,,,,,,,,,,,,,,,,,,,,,,,,,,,,,,,,,,,,,,,,,,,,,,,,,,,,,,,,,,,,,,,,,,,,,,,,,,,,,,,,,,,,,,,,,,,,,
ACSSF,2010e1,co,000,0006,0000089,,,,,,,,,,,,,,,,,,,,,,,,,,,,,,,,,,,,,,,,,,,,,,,,,,,,,,,,,,,,,,,,,,,,,,,,,,,,,,,,,,,,,,,,,,,,,,,,,,,,,,,,,,,,,,,,,,,,,,,,,,,,,,,,,,,,,,,,,,,,,,,,,,,,,,
ACSSF,2010e1,co,000,0006,0000090,,,,,,,,,,,,,,,,,,,,,,,,,,,,,,,,,,,,,,,,,,,,,,,,,,,,,,,,,,,,,,,,,,,,,,,,,,,,,,,,,,,,,,,,,,,,,,,,,,,,,,,,,,,,,,,,,,,,,,,,,,,,,,,,,,,,,,,,,,,,,,,,,,,,,,
ACSSF,2010e1,co,000,0006,0000091,,,,,,,,,,,,,,,,,,,,,,,,,,,,,,,,,,,,,,,,,,,,,,,,,,,,,,,,,,,,,,,,,,,,,,,,,,,,,,,,,,,,,,,,,,,,,,,,,,,,,,,,,,,,,,,,,,,,,,,,,,,,,,,,,,,,,,,,,,,,,,,,,,,,,,
ACSSF,2010e1,co,000,0006,0000092,,,,,,,,,,,,,,,,,,,,,,,,,,,,,,,,,,,,,,,,,,,,,,,,,,,,,,,,,,,,,,,,,,,,,,,,,,,,,,,,,,,,,,,,,,,,,,,,,,,,,,,,,,,,,,,,,,,,,,,,,,,,,,,,,,,,,,,,,,,,,,,,,,,,,,
ACSSF,2010e1,co,000,0006,0000093,,,,,,,,,,,,,,,,,,,,,,,,,,,,,,,,,,,,,,,,,,,,,,,,,,,,,,,,,,,,,,,,,,,,,,,,,,,,,,,,,,,,,,,,,,,,,,,,,,,,,,,,,,,,,,,,,,,,,,,,,,,,,,,,,,,,,,,,,,,,,,,,,,,,,,
ACSSF,2010e1,co,000,0006,0000094,,,,,,,,,,,,,,,,,,,,,,,,,,,,,,,,,,,,,,,,,,,,,,,,,,,,,,,,,,,,,,,,,,,,,,,,,,,,,,,,,,,,,,,,,,,,,,,,,,,,,,,,,,,,,,,,,,,,,,,,,,,,,,,,,,,,,,,,,,,,,,,,,,,,,,
ACSSF,2010e1,co,000,0006,0000095,,,,,,,,,,,,,,,,,,,,,,,,,,,,,,,,,,,,,,,,,,,,,,,,,,,,,,,,,,,,,,,,,,,,,,,,,,,,,,,,,,,,,,,,,,,,,,,,,,,,,,,,,,,,,,,,,,,,,,,,,,,,,,,,,,,,,,,,,,,,,,,,,,,,,,
ACSSF,2010e1,co,000,0006,0000096,,,,,,,,,,,,,,,,,,,,,,,,,,,,,,,,,,,,,,,,,,,,,,,,,,,,,,,,,,,,,,,,,,,,,,,,,,,,,,,,,,,,,,,,,,,,,,,,,,,,,,,,,,,,,,,,,,,,,,,,,,,,,,,,,,,,,,,,,,,,,,,,,,,,,,
ACSSF,2010e1,co,000,0006,0000097,,,,,,,,,,,,,,,,,,,,,,,,,,,,,,,,,,,,,,,,,,,,,,,,,,,,,,,,,,,,,,,,,,,,,,,,,,,,,,,,,,,,,,,,,,,,,,,,,,,,,,,,,,,,,,,,,,,,,,,,,,,,,,,,,,,,,,,,,,,,,,,,,,,,,,
ACSSF,2010e1,co,000,0006,0000098,,,,,,,,,,,,,,,,,,,,,,,,,,,,,,,,,,,,,,,,,,,,,,,,,,,,,,,,,,,,,,,,,,,,,,,,,,,,,,,,,,,,,,,,,,,,,,,,,,,,,,,,,,,,,,,,,,,,,,,,,,,,,,,,,,,,,,,,,,,,,,,,,,,,,,
ACSSF,2010e1,co,000,0006,0000099,,,,,,,,,,,,,,,,,,,,,,,,,,,,,,,,,,,,,,,,,,,,,,,,,,,,,,,,,,,,,,,,,,,,,,,,,,,,,,,,,,,,,,,,,,,,,,,,,,,,,,,,,,,,,,,,,,,,,,,,,,,,,,,,,,,,,,,,,,,,,,,,,,,,,,
ACSSF,2010e1,co,000,0006,0000100,,,,,,,,,,,,,,,,,,,,,,,,,,,,,,,,,,,,,,,,,,,,,,,,,,,,,,,,,,,,,,,,,,,,,,,,,,,,,,,,,,,,,,,,,,,,,,,,,,,,,,,,,,,,,,,,,,,,,,,,,,,,,,,,,,,,,,,,,,,,,,,,,,,,,,
ACSSF,2010e1,co,000,0006,0000101,,,,,,,,,,,,,,,,,,,,,,,,,,,,,,,,,,,,,,,,,,,,,,,,,,,,,,,,,,,,,,,,,,,,,,,,,,,,,,,,,,,,,,,,,,,,,,,,,,,,,,,,,,,,,,,,,,,,,,,,,,,,,,,,,,,,,,,,,,,,,,,,,,,,,,
ACSSF,2010e1,co,000,0006,0000102,,,,,,,,,,,,,,,,,,,,,,,,,,,,,,,,,,,,,,,,,,,,,,,,,,,,,,,,,,,,,,,,,,,,,,,,,,,,,,,,,,,,,,,,,,,,,,,,,,,,,,,,,,,,,,,,,,,,,,,,,,,,,,,,,,,,,,,,,,,,,,,,,,,,,,
ACSSF,2010e1,co,000,0006,0000103,,,,,,,,,,,,,,,,,,,,,,,,,,,,,,,,,,,,,,,,,,,,,,,,,,,,,,,,,,,,,,,,,,,,,,,,,,,,,,,,,,,,,,,,,,,,,,,,,,,,,,,,,,,,,,,,,,,,,,,,,,,,,,,,,,,,,,,,,,,,,,,,,,,,,,
ACSSF,2010e1,co,000,0006,0000104,,,,,,,,,,,,,,,,,,,,,,,,,,,,,,,,,,,,,,,,,,,,,,,,,,,,,,,,,,,,,,,,,,,,,,,,,,,,,,,,,,,,,,,,,,,,,,,,,,,,,,,,,,,,,,,,,,,,,,,,,,,,,,,,,,,,,,,,,,,,,,,,,,,,,,
ACSSF,2010e1,co,000,0006,0000105,,,,,,,,,,,,,,,,,,,,,,,,,,,,,,,,,,,,,,,,,,,,,,,,,,,,,,,,,,,,,,,,,,,,,,,,,,,,,,,,,,,,,,,,,,,,,,,,,,,,,,,,,,,,,,,,,,,,,,,,,,,,,,,,,,,,,,,,,,,,,,,,,,,,,,
ACSSF,2010e1,co,000,0006,0000106,,,,,,,,,,,,,,,,,,,,,,,,,,,,,,,,,,,,,,,,,,,,,,,,,,,,,,,,,,,,,,,,,,,,,,,,,,,,,,,,,,,,,,,,,,,,,,,,,,,,,,,,,,,,,,,,,,,,,,,,,,,,,,,,,,,,,,,,,,,,,,,,,,,,,,
ACSSF,2010e1,co,000,0006,0000107,,,,,,,,,,,,,,,,,,,,,,,,,,,,,,,,,,,,,,,,,,,,,,,,,,,,,,,,,,,,,,,,,,,,,,,,,,,,,,,,,,,,,,,,,,,,,,,,,,,,,,,,,,,,,,,,,,,,,,,,,,,,,,,,,,,,,,,,,,,,,,,,,,,,,,
ACSSF,2010e1,co,000,0006,0000108,,,,,,,,,,,,,,,,,,,,,,,,,,,,,,,,,,,,,,,,,,,,,,,,,,,,,,,,,,,,,,,,,,,,,,,,,,,,,,,,,,,,,,,,,,,,,,,,,,,,,,,,,,,,,,,,,,,,,,,,,,,,,,,,,,,,,,,,,,,,,,,,,,,,,,
ACSSF,2010e1,co,000,0006,0000109,,,,,,,,,,,,,,,,,,,,,,,,,,,,,,,,,,,,,,,,,,,,,,,,,,,,,,,,,,,,,,,,,,,,,,,,,,,,,,,,,,,,,,,,,,,,,,,,,,,,,,,,,,,,,,,,,,,,,,,,,,,,,,,,,,,,,,,,,,,,,,,,,,,,,,
ACSSF,2010e1,co,000,0006,0000110,,,,,,,,,,,,,,,,,,,,,,,,,,,,,,,,,,,,,,,,,,,,,,,,,,,,,,,,,,,,,,,,,,,,,,,,,,,,,,,,,,,,,,,,,,,,,,,,,,,,,,,,,,,,,,,,,,,,,,,,,,,,,,,,,,,,,,,,,,,,,,,,,,,,,,
ACSSF,2010e1,co,000,0006,0000111,,,,,,,,,,,,,,,,,,,,,,,,,,,,,,,,,,,,,,,,,,,,,,,,,,,,,,,,,,,,,,,,,,,,,,,,,,,,,,,,,,,,,,,,,,,,,,,,,,,,,,,,,,,,,,,,,,,,,,,,,,,,,,,,,,,,,,,,,,,,,,,,,,,,,,
