ACSSF,2010m1,co,000,0020,0000001,26345,941,279,134,10895,2676,658,793,1122,721,1256,1085,236,647,1097,1660,403,847,1397,406,1099,645,2553,1134,474,2786,279,658,630,279,1457,856,1809,2524,1316,6915,558,6603,1513,2755,1841,11891,151,2046,279,1258,153,2173,7732,657,4912,175,838,111,249,84,195,2438,3727,423,3989,757,1037,2830,1974,2527,3914,739,669,949,714,279,4187,279,2991,836,279,601,583,435,279,2095,545,2028,96,279,2456,1246,2955,1278,685,1464,2136,1519,69,279,89,79,96,83,478,1422,68,279,214,279,1666,18408,26345,10895,2676,2553,1457,1809,2524,6915,6603,2755,1841,11891,2046,1258,7732,4912,838,3727,3989,757,2830,2527,3914,949,4187,2955,1278,1464,2136,1519,19390
ACSSF,2010m1,co,000,0020,0000002,24034,941,279,90,9272,2546,316,793,1122,722,1236,279,231,647,1100,1594,403,843,1131,356,656,497,2113,292,201,1607,279,659,473,279,1285,642,1352,2352,1245,5858,546,6000,1310,2370,1669,9653,151,2080,279,1046,97,2093,6278,617,4612,142,669,111,249,84,127,2154,3330,383,3712,688,978,2737,1236,2003,3293,744,558,844,632,279,3941,279,3006,836,279,601,583,435,279,2095,535,2028,96,279,2400,605,2805,1197,685,1234,2076,1433,69,279,279,79,96,83,400,1393,68,279,84,279,995,17949,24034,9272,2546,2113,1285,1352,2352,5858,6000,2370,1669,9653,2080,1046,6278,4612,669,3330,3712,688,2737,2003,3293,844,3941,2805,1197,1234,2076,1433,18592
ACSSF,2010m1,co,000,0020,0000003,,,,,,,,,,,,,,,,,,,,,,,,,,,,,,,,,,,,,,,,,,,,,,,,,,,,,,,,,,,,,,,,,,,,,,,,,,,,,,,,,,,,,,,,,,,,,,,,,,,,,,,,,,,,,14552,6501,1202,1706,752,1258,1373,3948,3729,1385,1107,5751,669,684,4133,2420,451,1686,1457,469,1103,1467,1940,397,1208,1565,676,689,731,596,10405
ACSSF,2010m1,co,000,0020,0000004,25789,941,279,102,10592,2682,658,793,1122,721,1256,1085,147,647,1100,1660,403,650,1356,339,1038,621,2538,1126,237,2755,279,658,616,279,1393,845,1525,2475,1321,6353,558,6156,1517,2620,1758,11684,148,2027,279,1234,153,2173,7392,617,4856,175,829,111,249,84,127,2461,3622,412,3909,749,1043,2751,1858,2449,3824,744,655,951,712,279,4193,279,2991,836,279,601,583,435,279,2095,542,2028,96,279,2456,1246,2703,1236,685,1479,2113,1519,69,279,89,79,96,83,478,1422,68,279,214,279,1661,18743,25789,10592,2682,2538,1393,1525,2475,6353,6156,2620,1758,11684,2027,1234,7392,4856,829,3622,3909,749,2751,2449,3824,951,4193,2703,1236,1479,2113,1519,19827
ACSSF,2010m1,co,000,0020,0000005,25185,941,279,102,10338,2682,658,787,1149,721,1256,1085,147,647,1100,1637,403,594,1317,339,1031,621,2621,1126,237,2751,279,659,566,279,1403,715,1478,2565,1321,6523,558,6058,1515,2562,1666,11268,148,2002,279,1230,153,2169,7207,617,4889,143,804,111,249,84,127,2233,3586,406,3904,749,1027,2721,1944,2270,3648,744,657,912,696,279,4151,279,2764,836,279,601,583,435,279,1644,542,2028,96,279,2419,1246,2638,1224,685,1476,2116,1519,69,279,89,79,96,83,478,1422,68,279,214,279,1654,17548,25185,10338,2682,2621,1403,1478,2565,6523,6058,2562,1666,11268,2002,1230,7207,4889,804,3586,3904,749,2721,2270,3648,912,4151,2638,1224,1476,2116,1519,18681
ACSSF,2010m1,co,000,0020,0000006,14405,854,279,279,5839,2189,584,742,1123,323,1252,1085,147,417,455,1526,403,123,670,134,301,365,1633,179,150,1447,279,78,422,279,728,495,827,1531,728,4039,514,3856,1052,1717,1251,5900,148,805,279,634,97,1287,4771,404,2983,104,570,111,249,279,279,1549,1614,256,2209,538,600,1498,641,1539,1954,611,300,549,467,279,3816,279,2711,529,279,279,445,416,279,960,465,1984,279,279,1971,625,1607,774,227,682,1658,1420,69,279,279,79,96,279,397,1400,68,279,279,279,1491,13310,14405,5839,2189,1633,728,827,1531,4039,3856,1717,1251,5900,805,634,4771,2983,570,1614,2209,538,1498,1539,1954,549,3816,1607,774,682,1658,1420,13627
ACSSF,2010m1,co,000,0020,0000007,20150,391,279,102,8952,1577,340,253,272,602,156,279,279,627,928,603,279,583,1046,304,949,484,1657,1111,201,2471,279,655,468,279,1185,486,1221,2122,1078,5873,204,4771,1000,2227,1115,10009,279,1740,279,949,117,1689,5333,460,4052,98,657,279,279,84,127,1568,3141,310,3135,462,761,2215,1893,1577,2822,416,552,647,429,279,2491,279,501,627,279,601,371,137,279,1351,294,593,96,279,1156,1066,2029,1043,640,1262,1259,950,279,279,89,279,279,83,259,787,279,279,214,279,758,13788,20150,8952,1577,1657,1185,1221,2122,5873,4771,2227,1115,10009,1740,949,5333,4052,657,3141,3135,462,2215,1577,2822,647,2491,2029,1043,1262,1259,950,16162
ACSSF,2010m1,co,000,0020,0000008,,,,,,,,,,,,,,,,,,,,,,,,,,,,,,,,,,,,,,,,,,,,,,,,,,,,,,,,,,,,,,,,,,,,,,,,,,,,,,,,,,,,,,,,,,,,,,,,,,,,,,,,,,,,,5589,2183,86,350,238,698,743,1585,673,554,530,3102,462,190,1824,805,148,1142,895,279,483,732,1091,268,558,647,255,17,377,279,4765
ACSSF,2010m1,co,000,0020,0000009,,,,,,,,,,,,,,,,,,,,,,,,,,,,,,,,,,,,,,,,,,,,,,,,,,,,,,,,,,,,,,,,,,,,,,,,,,,,,,,,,,,,,,,,,,,,,,,,,,,,,,,,,,,,,5211,1340,64,279,38,598,252,697,612,314,530,2269,220,111,751,503,128,532,547,279,75,457,760,90,548,464,184,279,278,279,3768
ACSSF,2010m1,co,000,0020,0000010,,,,,,,,,,,,,,,,,,,,,,,,,,,,,,,,,,,,,,,,,,,,,,,,,,,,,,,,,,,,,,,,,,,,,,,,,,,,,,,,,,,,,,,,,,,,,,,,,,,,,,,,,,,,,5908,1539,90,350,244,354,685,1443,396,396,244,2256,407,158,1617,732,80,986,679,279,485,566,747,248,84,368,171,17,219,279,4592
ACSSF,2010m1,co,000,0020,0000011,,,,,,,,,,,,,,,,,,,,,,,,,,,,,,,,,,,,,,,,,,,,,,,,,,,,,,,,,,,,,,,,,,,,,,,,,,,,,,,,,,,,,,,,,,,,,,,,,,,,,,,,,,,,,7374,2900,234,140,376,988,612,1764,1972,813,372,3945,232,339,1815,1389,167,878,900,270,501,918,792,149,113,1337,249,115,417,279,5568
ACSSF,2010m1,co,000,0020,0000012,,,,,,,,,,,,,,,,,,,,,,,,,,,,,,,,,,,,,,,,,,,,,,,,,,,,,,,,,,,,,,,,,,,,,,,,,,,,,,,,,,,,,,,,,,,,,,,,,,,,,,,,,,,,,8587,3507,250,353,439,1216,1056,2490,2079,957,695,4189,527,387,2294,1647,245,1522,1339,270,735,1201,1315,296,565,1513,384,116,561,279,6789
ACSSF,2010m1,co,000,0020,0000013,,,,,,,,,,,,,,,,,,,,,,,,,,,,,,,,,,,,,,,,,,,,,,,,,,,,,,,,,,,,,,,,,,,,,,,,,,,,,,,,,,,,,,,,,,,,,,,,,,,,,,,,,,,,,7878,5329,359,449,284,233,509,1754,1525,705,469,2983,422,483,1674,2208,65,677,2237,307,610,529,1126,179,796,1216,111,174,430,263,6549
ACSSF,2010m1,co,000,0020,0000014,,,,,,,,,,,,,,,,,,,,,,,,,,,,,,,,,,,,,,,,,,,,,,,,,,,,,,,,,,,,,,,,,,,,,,,,,,,,,,,,,,,,,,,,,,,,,,,,,,,,,,,,,,,,,6801,4122,1296,905,565,622,898,2308,2531,1046,813,2764,554,553,3055,1501,363,1721,1146,199,1520,732,1524,451,3136,735,339,936,344,1130,6704
ACSSF,2010m1,co,000,0020,0000015,,,,,,,,,,,,,,,,,,,,,,,,,,,,,,,,,,,,,,,,,,,,,,,,,,,,,,,,,,,,,,,,,,,,,,,,,,,,,,,,,,,,,,,,,,,,,,,,,,,,,,,,,,,,,5699,1973,243,848,419,346,851,1866,2400,735,326,1922,431,329,1958,1267,244,670,891,169,602,763,1308,133,559,1286,280,357,314,151,3648
ACSSF,2010m1,co,000,0020,0000016,,,,,,,,,,,,,,,,,,,,,,,,,,,,,,,,,,,,,,,,,,,,,,,,,,,,,,,,,,,,,,,,,,,,,,,,,,,,,,,,,,,,,,,,,,,,,,,,,,,,,,,,,,,,,6519,2666,1074,1470,491,429,753,1909,3317,877,240,2223,587,250,2498,1801,362,1115,1071,356,1415,686,573,94,2786,681,444,256,254,203,5995
ACSSF,2010m1,co,000,0020,0000017,,,,,,,,,,,,,,,,,,,,,,,,,,,,,,,,,,,,,,,,,,,,,,,,,,,,,,,,,,,,,,,,,,,,,,,,,,,,,,,,,,,,,,,,,,,,,,,,,,,,,,,,,,,,,6150,2805,553,591,386,680,749,2152,1975,956,349,3004,671,216,1783,1639,139,903,890,252,632,550,1116,311,279,814,789,525,301,279,4982
ACSSF,2010m1,co,000,0020,0000018,,,,,,,,,,,,,,,,,,,,,,,,,,,,,,,,,,,,,,,,,,,,,,,,,,,,,,,,,,,,,,,,,,,,,,,,,,,,,,,,,,,,,,,,,,,,,,,,,,,,,,,,,,,,,9424,4608,1232,979,567,242,1283,3347,2022,1125,1097,4166,735,465,3004,1612,200,1310,1534,330,423,880,1146,437,942,1253,340,394,1628,1024,7673
ACSSF,2010m1,co,000,0020,0000019,,,,,,,,,,,,,,,,,,,,,,,,,,,,,,,,,,,,,,,,,,,,,,,,,,,,,,,,,,,,,,,,,,,,,,,,,,,,,,,,,,,,,,,,,,,,,,,,,,,,,,,,,,,,,8087,2973,958,557,709,637,818,2207,2243,1285,400,4139,1189,464,2668,2005,419,1858,1131,166,1855,864,1230,319,504,1201,394,510,442,120,5011
ACSSF,2010m1,co,000,0020,0000020,,,,,,,,,,,,,,,,,,,,,,,,,,,,,,,,,,,,,,,,,,,,,,,,,,,,,,,,,,,,,,,,,,,,,,,,,,,,,,,,,,,,,,,,,,,,,,,,,,,,,,,,,,,,,6390,1976,1154,368,371,561,722,1922,2108,416,542,3240,366,248,1944,1040,239,802,598,305,411,523,840,117,516,981,411,146,315,96,3603
ACSSF,2010m1,co,000,0020,0000021,,,,,,,,,,,,,,,,,,,,,,,,,,,,,,,,,,,,,,,,,,,,,,,,,,,,,,,,,,,,,,,,,,,,,,,,,,,,,,,,,,,,,,,,,,,,,,,,,,,,,,,,,,,,,4557,2014,742,332,94,235,572,1041,752,486,658,2192,99,175,1417,1500,279,449,343,203,290,486,623,279,259,395,204,305,242,279,2628
ACSSF,2010m1,co,000,0020,0000022,,,,,,,,,,,,,,,,,,,,,,,,,,,,,,,,,,,,,,,,,,,,,,,,,,,,,,,,,,,,,,,,,,,,,,,,,,,,,,,,,,,,,,,,,,,,,,,,,,,,,,,,,,,,,4521,2140,279,212,153,346,284,1715,590,498,466,2018,266,188,920,1139,212,656,546,279,311,222,284,142,279,329,279,103,122,1048,3560
ACSSF,2010m1,co,000,0020,0000023,,,,,,,,,,,,,,,,,,,,,,,,,,,,,,,,,,,,,,,,,,,,,,,,,,,,,,,,,,,,,,,,,,,,,,,,,,,,,,,,,,,,,,,,,,,,,,,,,,,,,,,,,,,,,5653,2195,148,517,220,218,612,1594,1605,480,332,2771,205,225,1534,905,196,356,382,279,325,370,854,279,545,893,459,115,1088,89,4351
ACSSF,2010m1,co,000,0020,0000024,,,,,,,,,,,,,,,,,,,,,,,,,,,,,,,,,,,,,,,,,,,,,,,,,,,,,,,,,,,,,,,,,,,,,,,,,,,,,,,,,,,,,,,,,,,,,,,,,,,,,,,,,,,,,3955,1253,120,136,358,430,436,978,1801,191,293,2084,1171,366,1008,1051,91,359,345,279,1084,450,288,85,322,691,216,510,279,279,3789
ACSSF,2010m1,co,000,0020,0000025,,,,,,,,,,,,,,,,,,,,,,,,,,,,,,,,,,,,,,,,,,,,,,,,,,,,,,,,,,,,,,,,,,,,,,,,,,,,,,,,,,,,,,,,,,,,,,,,,,,,,,,,,,,,,6067,2876,944,215,326,364,644,1246,897,737,477,2009,331,243,2730,1039,219,492,408,199,522,454,1302,358,2293,473,163,222,216,901,6931
ACSSF,2010m1,co,000,0020,0000026,,,,,,,,,,,,,,,,,,,,,,,,,,,,,,,,,,,,,,,,,,,,,,,,,,,,,,,,,,,,,,,,,,,,,,,,,,,,,,,,,,,,,,,,,,,,,,,,,,,,,,,,,,,,,3286,796,226,537,140,210,535,1569,868,509,3,1405,421,312,1180,917,71,374,719,279,427,632,708,279,279,660,263,195,246,279,2938
ACSSF,2010m1,co,000,0020,0000027,,,,,,,,,,,,,,,,,,,,,,,,,,,,,,,,,,,,,,,,,,,,,,,,,,,,,,,,,,,,,,,,,,,,,,,,,,,,,,,,,,,,,,,,,,,,,,,,,,,,,,,,,,,,,3780,1975,279,671,324,196,592,1212,1797,180,86,1572,298,236,1089,803,105,676,674,279,520,331,618,249,73,409,166,288,168,84,3116
ACSSF,2010m1,co,000,0020,0000028,,,,,,,,,,,,,,,,,,,,,,,,,,,,,,,,,,,,,,,,,,,,,,,,,,,,,,,,,,,,,,,,,,,,,,,,,,,,,,,,,,,,,,,,,,,,,,,,,,,,,,,,,,,,,8419,3271,1232,919,277,185,802,2010,1517,935,954,3485,226,379,2226,1370,200,987,1220,298,376,720,739,388,957,786,200,235,1550,863,6873
ACSSF,2010m1,co,000,0020,0000029,,,,,,,,,,,,,,,,,,,,,,,,,,,,,,,,,,,,,,,,,,,,,,,,,,,,,,,,,,,,,,,,,,,,,,,,,,,,,,,,,,,,,,,,,,,,,,,,,,,,,,,,,,,,,6519,2666,1074,1470,491,429,753,1909,3317,877,240,2223,587,250,2498,1801,362,1115,1071,356,1415,686,573,94,2786,681,444,256,254,203,5995
ACSSF,2010m1,co,000,0020,0000030,,,,,,,,,,,,,,,,,,,,,,,,,,,,,,,,,,,,,,,,,,,,,,,,,,,,,,,,,,,,,,,,,,,,,,,,,,,,,,,,,,,,,,,,,,,,,,,,,,,,,,,,,,,,,3655,1318,1154,181,303,279,490,1174,1568,181,493,2159,261,154,1541,880,129,590,468,279,156,456,566,67,196,719,380,96,246,96,2774
ACSSF,2010m1,co,000,0020,0000031,,,,,,,,,,,,,,,,,,,,,,,,,,,,,,,,,,,,,,,,,,,,,,,,,,,,,,,,,,,,,,,,,,,,,,,,,,,,,,,,,,,,,,,,,,,,,,,,,,,,,,,,,,,,,,,,,,,,,,,,,,,,,,,,,,,,,,,,,,,
ACSSF,2010m1,co,000,0020,0000032,,,,,,,,,,,,,,,,,,,,,,,,,,,,,,,,,,,,,,,,,,,,,,,,,,,,,,,,,,,,,,,,,,,,,,,,,,,,,,,,,,,,,,,,,,,,,,,,,,,,,,,,,,,,,4225,1212,450,419,177,248,302,1186,1486,516,279,1452,338,192,1098,668,81,608,390,182,178,124,388,110,279,157,204,101,163,279,3031
ACSSF,2010m1,co,000,0020,0000033,,,,,,,,,,,,,,,,,,,,,,,,,,,,,,,,,,,,,,,,,,,,,,,,,,,,,,,,,,,,,,,,,,,,,,,,,,,,,,,,,,,,,,,,,,,,,,,,,,,,,,,,,,,,,3831,1526,872,351,515,252,454,992,864,239,64,1567,107,80,860,948,272,452,673,69,195,407,689,279,219,559,97,279,360,279,3473
ACSSF,2010m1,co,000,0020,0000034,,,,,,,,,,,,,,,,,,,,,,,,,,,,,,,,,,,,,,,,,,,,,,,,,,,,,,,,,,,,,,,,,,,,,,,,,,,,,,,,,,,,,,,,,,,,,,,,,,,,,,,,,,,,,3461,1004,279,101,152,166,457,708,2029,275,186,993,71,81,659,245,164,402,312,279,97,237,215,133,537,787,90,140,172,132,2769
ACSSF,2010m1,co,000,0020,0000035,,,,,,,,,,,,,,,,,,,,,,,,,,,,,,,,,,,,,,,,,,,,,,,,,,,,,,,,,,,,,,,,,,,,,,,,,,,,,,,,,,,,,,,,,,,,,,,,,,,,,,,,,,,,,,,,,,,,,,,,,,,,,,,,,,,,,,,,,,,
ACSSF,2010m1,co,000,0020,0000036,,,,,,,,,,,,,,,,,,,,,,,,,,,,,,,,,,,,,,,,,,,,,,,,,,,,,,,,,,,,,,,,,,,,,,,,,,,,,,,,,,,,,,,,,,,,,,,,,,,,,,,,,,,,,,,,,,,,,,,,,,,,,,,,,,,,,,,,,,,
ACSSF,2010m1,co,000,0020,0000037,,,,,,,,,,,,,,,,,,,,,,,,,,,,,,,,,,,,,,,,,,,,,,,,,,,,,,,,,,,,,,,,,,,,,,,,,,,,,,,,,,,,,,,,,,,,,,,,,,,,,,,,,,,,,4385,4004,359,339,144,135,315,818,450,250,147,1527,414,478,780,732,279,508,256,307,279,309,1125,279,346,1065,111,279,172,238,4462
ACSSF,2010m1,co,000,0020,0000038,,,,,,,,,,,,,,,,,,,,,,,,,,,,,,,,,,,,,,,,,,,,,,,,,,,,,,,,,,,,,,,,,,,,,,,,,,,,,,,,,,,,,,,,,,,,,,,,,,,,,,,,,,,,,3930,1202,279,232,96,128,332,881,1029,1148,161,1466,138,107,995,823,279,223,399,82,1488,390,317,130,191,314,71,279,136,108,4683
ACSSF,2010m1,co,000,0020,0000039,,,,,,,,,,,,,,,,,,,,,,,,,,,,,,,,,,,,,,,,,,,,,,,,,,,,,,,,,,,,,,,,,,,,,,,,,,,,,,,,,,,,,,,,,,,,,,,,,,,,,,,,,,,,,3286,796,226,537,140,210,535,1569,868,509,3,1405,421,312,1180,917,71,374,719,279,427,632,708,279,279,660,263,195,246,279,2938
ACSSF,2010m1,co,000,0020,0000040,,,,,,,,,,,,,,,,,,,,,,,,,,,,,,,,,,,,,,,,,,,,,,,,,,,,,,,,,,,,,,,,,,,,,,,,,,,,,,,,,,,,,,,,,,,,,,,,,,,,,,,,,,,,,8419,3271,1232,919,277,185,802,2010,1517,935,954,3485,226,379,2226,1370,200,987,1220,298,376,720,739,388,957,786,200,235,1550,863,6873
ACSSF,2010m1,co,000,0020,0000041,,,,,,,,,,,,,,,,,,,,,,,,,,,,,,,,,,,,,,,,,,,,,,,,,,,,,,,,,,,,,,,,,,,,,,,,,,,,,,,,,,,,,,,,,,,,,,,,,,,,,,,,,,,,,6067,2876,944,215,326,364,644,1246,897,737,477,2009,331,243,2730,1039,219,492,408,199,522,454,1302,358,2293,473,163,222,216,901,6931
ACSSF,2010m1,co,000,0020,0000042,,,,,,,,,,,,,,,,,,,,,,,,,,,,,,,,,,,,,,,,,,,,,,,,,,,,,,,,,,,,,,,,,,,,,,,,,,,,,,,,,,,,,,,,,,,,,,,,,,,,,,,,,,,,,6519,2666,1074,1470,491,429,753,1909,3317,877,240,2223,587,250,2498,1801,362,1115,1071,356,1415,686,573,94,2786,681,444,256,254,203,5995
ACSSF,2010m1,co,000,0020,0000043,,,,,,,,,,,,,,,,,,,,,,,,,,,,,,,,,,,,,,,,,,,,,,,,,,,,,,,,,,,,,,,,,,,,,,,,,,,,,,,,,,,,,,,,,,,,,,,,,,,,,,,,,,,,,3655,1318,1154,181,303,279,490,1174,1568,181,493,2159,261,154,1541,880,129,590,468,279,156,456,566,67,196,719,380,96,246,96,2774
ACSSF,2010m1,co,000,0020,0000044,,,,,,,,,,,,,,,,,,,,,,,,,,,,,,,,,,,,,,,,,,,,,,,,,,,,,,,,,,,,,,,,,,,,,,,,,,,,,,,,,,,,,,,,,,,,,,,,,,,,,,,,,,,,,,,,,,,,,,,,,,,,,,,,,,,,,,,,,,,
ACSSF,2010m1,co,000,0020,0000045,,,,,,,,,,,,,,,,,,,,,,,,,,,,,,,,,,,,,,,,,,,,,,,,,,,,,,,,,,,,,,,,,,,,,,,,,,,,,,,,,,,,,,,,,,,,,,,,,,,,,,,,,,,,,,,,,,,,,,,,,,,,,,,,,,,,,,,,,,,
ACSSF,2010m1,co,000,0020,0000046,,,,,,,,,,,,,,,,,,,,,,,,,,,,,,,,,,,,,,,,,,,,,,,,,,,,,,,,,,,,,,,,,,,,,,,,,,,,,,,,,,,,,,,,,,,,,,,,,,,,,,,,,,,,,,,,,,,,,,,,,,,,,,,,,,,,,,,,,,,
ACSSF,2010m1,co,000,0020,0000047,,,,,,,,,,,,,,,,,,,,,,,,,,,,,,,,,,,,,,,,,,,,,,,,,,,,,,,,,,,,,,,,,,,,,,,,,,,,,,,,,,,,,,,,,,,,,,,,,,,,,,,,,,,,,7470,3017,1356,1472,598,478,794,2095,3550,909,681,2361,585,443,2794,1798,445,1189,1224,356,1498,715,701,140,3024,733,444,256,298,684,6187
ACSSF,2010m1,co,000,0020,0000048,,,,,,,,,,,,,,,,,,,,,,,,,,,,,,,,,,,,,,,,,,,,,,,,,,,,,,,,,,,,,,,,,,,,,,,,,,,,,,,,,,,,,,,,,,,,,,,,,,,,,,,,,,,,,9612,5013,439,986,588,499,1095,2585,2447,1563,656,3946,681,716,2927,2038,227,1230,2587,383,1750,1178,1988,308,493,1610,367,308,471,273,9379
ACSSF,2010m1,co,000,0020,0000049,,,,,,,,,,,,,,,,,,,,,,,,,,,,,,,,,,,,,,,,,,,,,,,,,,,,,,,,,,,,,,,,,,,,,,,,,,,,,,,,,,,,,,,,,,,,,,,,,,,,,,,,,,,,,10055,4436,708,395,415,1013,1063,2791,2246,1065,923,4708,506,453,2696,2195,286,1188,1156,333,808,1123,1360,229,381,1296,387,337,529,1048,6491
ACSSF,2010m1,co,000,0020,0000050,,,,,,,,,,,,,,,,,,,,,,,,,,,,,,,,,,,,,,,,,,,,,,,,,,,,,,,,,,,,,,,,,,,,,,,,,,,,,,,,,,,,,,,,,,,,,,,,,,,,,,,,,,,,,10237,3170,1158,654,469,598,1065,2596,2930,624,704,5096,379,270,2660,1347,343,1238,789,305,517,747,1204,173,972,1420,580,231,1187,158,7640
ACSSF,2010m1,co,000,0020,0000051,,,,,,,,,,,,,,,,,,,,,,,,,,,,,,,,,,,,,,,,,,,,,,,,,,,,,,,,,,,,,,,,,,,,,,,,,,,,,,,,,,,,,,,,,,,,,,,,,,,,,,,,,,,,,10272,4567,1235,964,569,640,1345,3483,2119,1230,1097,5056,739,512,3087,1681,200,1399,1732,332,430,1063,1177,437,944,1330,340,394,1639,1024,8539
ACSSF,2010m1,co,000,0020,0000052,,,,,,,,,,,,,,,,,,,,,,,,,,,,,,,,,,,,,,,,,,,,,,,,,,,,,,,,,,,,,,,,,,,,,,,,,,,,,,,,,,,,,,,,,,,,,,,,,,,,,,,,,,,,,11661,4461,739,1110,818,918,1218,3362,3216,1439,608,5428,869,492,3631,2268,507,2459,1496,282,1430,962,1573,611,1350,1123,858,833,492,844,9821
ACSSF,2010m1,co,000,0020,0000053,,,,,,,,,,,,,,,,,,,,,,,,,,,,,,,,,,,,,,,,,,,,,,,,,,,,,,,,,,,,,,,,,,,,,,,,,,,,,,,,,,,,,,,,,,,,,,,,,,,,,,,,,,,,,10803,4549,1241,566,721,656,724,2209,2205,825,611,3778,1189,220,2958,2305,395,811,1556,210,1237,778,1495,147,2749,1033,311,812,562,357,10725
ACSSF,2010m1,co,000,0020,0000054,,,,,,,,,,,,,,,,,,,,,,,,,,,,,,,,,,,,,,,,,,,,,,,,,,,,,,,,,,,,,,,,,,,,,,,,,,,,,,,,,,,,,,,,,,,,,,,,,,,,,,,,,,,,,3960,1087,279,113,197,890,571,1151,1632,530,302,2046,231,150,935,1008,148,526,372,116,372,471,578,149,162,646,77,279,202,279,2601
ACSSF,2010m1,co,000,0020,0000055,,,,,,,,,,,,,,,,,,,,,,,,,,,,,,,,,,,,,,,,,,,,,,,,,,,,,,,,,,,,,,,,,,,,,,,,,,,,,,,,,,,,,,,,,,,,,,,,,,,,,,,,,,,,,5015,1416,279,337,194,497,550,1257,1509,383,238,2343,256,189,1115,509,165,528,359,305,376,268,621,95,465,529,153,109,192,279,3679
ACSSF,2010m1,co,000,0020,0000056,,,,,,,,,,,,,,,,,,,,,,,,,,,,,,,,,,,,,,,,,,,,,,,,,,,,,,,,,,,,,,,,,,,,,,,,,,,,,,,,,,,,,,,,,,,,,,,,,,,,,,,,,,,,,4499,2014,742,332,94,235,572,1041,752,468,658,2261,99,175,1404,1495,279,452,315,166,290,486,623,279,259,395,204,305,242,279,2513
ACSSF,2010m1,co,000,0020,0000057,,,,,,,,,,,,,,,,,,,,,,,,,,,,,,,,,,,,,,,,,,,,,,,,,,,,,,,,,,,,,,,,,,,,,,,,,,,,,,,,,,,,,,,,,,,,,,,,,,,,,,,,,,,,,3486,1300,1154,181,292,279,478,944,1521,181,484,2082,261,154,1505,878,129,605,457,279,156,436,572,67,196,737,380,96,246,96,2388
ACSSF,2010m1,co,000,0020,0000058,,,,,,,,,,,,,,,,,,,,,,,,,,,,,,,,,,,,,,,,,,,,,,,,,,,,,,,,,,,,,,,,,,,,,,,,,,,,,,,,,,,,,,,,,,,,,,,,,,,,,,,,,,,,,5655,2195,148,517,220,218,612,1594,1605,480,332,2771,205,225,1534,905,196,356,382,279,325,370,854,279,545,893,459,115,1088,89,4349
ACSSF,2010m1,co,000,0020,0000059,,,,,,,,,,,,,,,,,,,,,,,,,,,,,,,,,,,,,,,,,,,,,,,,,,,,,,,,,,,,,,,,,,,,,,,,,,,,,,,,,,,,,,,,,,,,,,,,,,,,,,,,,,,,,3354,1237,206,80,204,216,187,1120,777,340,286,2138,182,36,691,381,123,771,349,279,116,468,329,279,506,498,117,279,174,279,3207
ACSSF,2010m1,co,000,0020,0000060,,,,,,,,,,,,,,,,,,,,,,,,,,,,,,,,,,,,,,,,,,,,,,,,,,,,,,,,,,,,,,,,,,,,,,,,,,,,,,,,,,,,,,,,,,,,,,,,,,,,,,,,,,,,,3640,1227,104,279,279,276,114,786,479,403,279,1582,279,217,701,623,26,239,327,239,203,226,186,279,279,222,92,76,95,279,2837
ACSSF,2010m1,co,000,0020,0000061,,,,,,,,,,,,,,,,,,,,,,,,,,,,,,,,,,,,,,,,,,,,,,,,,,,,,,,,,,,,,,,,,,,,,,,,,,,,,,,,,,,,,,,,,,,,,,,,,,,,,,,,,,,,,4391,2111,279,212,153,337,284,1592,556,489,466,1870,266,188,920,1128,212,656,546,279,305,222,284,142,279,315,279,103,122,1048,3507
ACSSF,2010m1,co,000,0020,0000062,,,,,,,,,,,,,,,,,,,,,,,,,,,,,,,,,,,,,,,,,,,,,,,,,,,,,,,,,,,,,,,,,,,,,,,,,,,,,,,,,,,,,,,,,,,,,,,,,,,,,,,,,,,,,4122,2039,279,279,125,253,646,1346,879,558,191,2166,336,182,1641,714,80,453,850,279,467,824,1074,104,335,563,312,79,362,279,2979
ACSSF,2010m1,co,000,0020,0000063,,,,,,,,,,,,,,,,,,,,,,,,,,,,,,,,,,,,,,,,,,,,,,,,,,,,,,,,,,,,,,,,,,,,,,,,,,,,,,,,,,,,,,,,,,,,,,,,,,,,,,,,,,,,,4279,1023,59,292,338,280,443,1092,511,465,507,1601,312,18,1446,712,192,925,382,138,278,639,560,242,279,1007,171,31,199,279,2843
ACSSF,2010m1,co,000,0020,0000064,,,,,,,,,,,,,,,,,,,,,,,,,,,,,,,,,,,,,,,,,,,,,,,,,,,,,,,,,,,,,,,,,,,,,,,,,,,,,,,,,,,,,,,,,,,,,,,,,,,,,,,,,,,,,4736,1671,826,608,397,221,341,1099,826,386,200,2191,227,152,1262,844,185,1649,432,91,216,374,492,117,312,574,260,205,279,279,2474
ACSSF,2010m1,co,000,0020,0000065,,,,,,,,,,,,,,,,,,,,,,,,,,,,,,,,,,,,,,,,,,,,,,,,,,,,,,,,,,,,,,,,,,,,,,,,,,,,,,,,,,,,,,,,,,,,,,,,,,,,,,,,,,,,,3852,1606,88,258,197,186,463,1045,2128,373,248,1260,103,112,964,403,164,447,422,169,183,287,1111,133,537,874,90,182,193,151,3181
ACSSF,2010m1,co,000,0020,0000066,,,,,,,,,,,,,,,,,,,,,,,,,,,,,,,,,,,,,,,,,,,,,,,,,,,,,,,,,,,,,,,,,,,,,,,,,,,,,,,,,,,,,,,,,,,,,,,,,,,,,,,,,,,,,3365,791,226,558,140,210,657,1591,872,550,3,1365,421,307,1269,906,71,391,738,279,448,636,782,279,279,645,263,195,264,279,2947
ACSSF,2010m1,co,000,0020,0000067,,,,,,,,,,,,,,,,,,,,,,,,,,,,,,,,,,,,,,,,,,,,,,,,,,,,,,,,,,,,,,,,,,,,,,,,,,,,,,,,,,,,,,,,,,,,,,,,,,,,,,,,,,,,,4677,1859,70,234,354,259,460,1030,1736,1140,282,1623,279,151,1291,855,120,463,729,104,1497,641,781,70,160,452,127,279,279,279,2990
ACSSF,2010m1,co,000,0020,0000068,,,,,,,,,,,,,,,,,,,,,,,,,,,,,,,,,,,,,,,,,,,,,,,,,,,,,,,,,,,,,,,,,,,,,,,,,,,,,,,,,,,,,,,,,,,,,,,,,,,,,,,,,,,,,5186,1896,279,232,163,128,292,849,922,463,180,1609,138,133,1251,1300,279,225,2060,279,357,243,269,179,395,460,279,279,172,108,5007
ACSSF,2010m1,co,000,0020,0000069,,,,,,,,,,,,,,,,,,,,,,,,,,,,,,,,,,,,,,,,,,,,,,,,,,,,,,,,,,,,,,,,,,,,,,,,,,,,,,,,,,,,,,,,,,,,,,,,,,,,,,,,,,,,,,,,,,,,,,,,,,,,,,,,,,,,,,,,,,,
ACSSF,2010m1,co,000,0020,0000070,,,,,,,,,,,,,,,,,,,,,,,,,,,,,,,,,,,,,,,,,,,,,,,,,,,,,,,,,,,,,,,,,,,,,,,,,,,,,,,,,,,,,,,,,,,,,,,,,,,,,,,,,,,,,6539,3451,279,228,122,121,288,1087,1047,457,407,1656,279,458,1076,1589,279,342,860,279,209,325,159,279,439,336,279,279,397,238,5399
ACSSF,2010m1,co,000,0020,0000071,,,,,,,,,,,,,,,,,,,,,,,,,,,,,,,,,,,,,,,,,,,,,,,,,,,,,,,,,,,,,,,,,,,,,,,,,,,,,,,,,,,,,,,,,,,,,,,,,,,,,,,,,,,,,6962,2207,329,655,214,91,597,1310,1129,541,377,1754,257,321,2507,697,187,426,366,279,675,356,708,433,1514,411,163,299,124,279,6280
ACSSF,2010m1,co,000,0020,0000072,,,,,,,,,,,,,,,,,,,,,,,,,,,,,,,,,,,,,,,,,,,,,,,,,,,,,,,,,,,,,,,,,,,,,,,,,,,,,,,,,,,,,,,,,,,,,,,,,,,,,,,,,,,,,6741,2185,840,80,224,359,72,868,630,385,300,1378,279,279,1346,575,279,410,220,118,124,226,371,279,1023,273,279,127,216,911,5747
ACSSF,2010m1,co,000,0020,0000073,,,,,,,,,,,,,,,,,,,,,,,,,,,,,,,,,,,,,,,,,,,,,,,,,,,,,,,,,,,,,,,,,,,,,,,,,,,,,,,,,,,,,,,,,,,,,,,,,,,,,,,,,,,,,6092,1857,149,171,271,126,228,539,302,188,154,1038,256,279,970,734,65,222,277,159,378,213,1233,279,1891,333,279,177,279,182,6143
ACSSF,2010m1,co,000,0020,0000074,,,,,,,,,,,,,,,,,,,,,,,,,,,,,,,,,,,,,,,,,,,,,,,,,,,,,,,,,,,,,,,,,,,,,,,,,,,,,,,,,,,,,,,,,,,,,,,,,,,,,,,,,,,,,4827,2768,125,248,469,194,592,1429,1668,803,591,1401,325,165,1027,975,383,1323,834,279,1000,378,546,279,253,487,166,559,141,84,3062
ACSSF,2010m1,co,000,0020,0000075,,,,,,,,,,,,,,,,,,,,,,,,,,,,,,,,,,,,,,,,,,,,,,,,,,,,,,,,,,,,,,,,,,,,,,,,,,,,,,,,,,,,,,,,,,,,,,,,,,,,,,,,,,,,,8342,851,196,1501,66,279,273,736,1985,132,137,942,591,82,682,575,91,322,310,175,92,436,164,279,1207,249,100,83,279,209,8092
ACSSF,2010m1,co,000,0020,0000076,,,,,,,,,,,,,,,,,,,,,,,,,,,,,,,,,,,,,,,,,,,,,,,,,,,,,,,,,,,,,,,,,,,,,,,,,,,,,,,,,,,,,,,,,,,,,,,,,,,,,,,,,,,,,5633,584,279,344,75,327,182,1182,963,356,279,1250,240,190,718,721,305,416,463,121,186,324,248,279,303,239,340,95,136,279,5147
ACSSF,2010m1,co,000,0020,0000077,,,,,,,,,,,,,,,,,,,,,,,,,,,,,,,,,,,,,,,,,,,,,,,,,,,,,,,,,,,,,,,,,,,,,,,,,,,,,,,,,,,,,,,,,,,,,,,,,,,,,,,,,,,,,4874,1429,291,308,464,176,410,981,1479,430,127,1350,201,83,1577,1107,107,571,399,236,803,269,323,279,250,538,256,217,117,279,4015
ACSSF,2010m1,co,000,0020,0000078,,,,,,,,,,,,,,,,,,,,,,,,,,,,,,,,,,,,,,,,,,,,,,,,,,,,,,,,,,,,,,,,,,,,,,,,,,,,,,,,,,,,,,,,,,,,,,,,,,,,,,,,,,,,,6665,2191,1346,504,149,285,526,966,1295,554,148,1586,159,363,1098,832,242,896,800,279,1221,266,407,140,2705,306,110,575,176,79,4634
ACSSF,2010m1,co,000,0020,0000079,,,,,,,,,,,,,,,,,,,,,,,,,,,,,,,,,,,,,,,,,,,,,,,,,,,,,,,,,,,,,,,,,,,,,,,,,,,,,,,,,,,,,,,,,,,,,,,,,,,,,,,,,,,,,,,,,,,,,,,,,,,,,,,,,,,,,,,,,,,
ACSSF,2010m1,co,000,0020,0000080,,,,,,,,,,,,,,,,,,,,,,,,,,,,,,,,,,,,,,,,,,,,,,,,,,,,,,,,,,,,,,,,,,,,,,,,,,,,,,,,,,,,,,,,,,,,,,,,,,,,,,,,,,,,,4925,1303,120,281,335,430,467,1100,1799,244,102,2031,1171,357,1016,1158,91,377,292,279,1079,430,313,85,322,700,216,510,279,279,4654
ACSSF,2010m1,co,000,0020,0000081,,,,,,,,,,,,,,,,,,,,,,,,,,,,,,,,,,,,,,,,,,,,,,,,,,,,,,,,,,,,,,,,,,,,,,,,,,,,,,,,,,,,,,,,,,,,,,,,,,,,,,,,,,,,,4849,1157,237,388,23,137,309,775,742,314,109,1368,203,114,706,770,366,344,459,69,206,377,671,279,194,424,92,279,204,279,4264
ACSSF,2010m1,co,000,0020,0000082,,,,,,,,,,,,,,,,,,,,,,,,,,,,,,,,,,,,,,,,,,,,,,,,,,,,,,,,,,,,,,,,,,,,,,,,,,,,,,,,,,,,,,,,,,,,,,,,,,,,,,,,,,,,,5519,1632,256,165,524,252,444,947,622,237,109,1835,154,121,1090,671,279,584,568,279,155,341,843,128,102,424,97,279,358,279,4369
ACSSF,2010m1,co,000,0020,0000083,,,,,,,,,,,,,,,,,,,,,,,,,,,,,,,,,,,,,,,,,,,,,,,,,,,,,,,,,,,,,,,,,,,,,,,,,,,,,,,,,,,,,,,,,,,,,,,,,,,,,,,,,,,,,3355,1284,131,300,354,368,281,1063,1059,380,113,2212,80,121,1002,590,112,500,653,91,130,355,350,262,211,313,263,279,242,668,2873
ACSSF,2010m1,co,000,0020,0000084,,,,,,,,,,,,,,,,,,,,,,,,,,,,,,,,,,,,,,,,,,,,,,,,,,,,,,,,,,,,,,,,,,,,,,,,,,,,,,,,,,,,,,,,,,,,,,,,,,,,,,,,,,,,,4885,1797,556,359,283,397,549,1367,1300,637,146,2361,440,275,1517,1208,81,694,425,182,266,154,489,110,84,509,265,160,185,94,3015
ACSSF,2010m1,co,000,0020,0000085,,,,,,,,,,,,,,,,,,,,,,,,,,,,,,,,,,,,,,,,,,,,,,,,,,,,,,,,,,,,,,,,,,,,,,,,,,,,,,,,,,,,,,,,,,,,,,,,,,,,,,,,,,,,,5313,2332,279,473,397,674,567,1761,1556,716,349,2321,587,179,1465,1359,115,624,890,181,633,526,1115,292,279,632,736,499,246,279,4370
ACSSF,2010m1,co,000,0020,0000086,,,,,,,,,,,,,,,,,,,,,,,,,,,,,,,,,,,,,,,,,,,,,,,,,,,,,,,,,,,,,,,,,,,,,,,,,,,,,,,,,,,,,,,,,,,,,,,,,,,,,,,,,,,,,6428,3478,570,433,279,160,977,2443,1329,247,476,2846,686,147,2006,815,107,570,460,150,130,625,660,88,364,913,233,267,271,279,4246
ACSSF,2010m1,co,000,0020,0000087,,,,,,,,,,,,,,,,,,,,,,,,,,,,,,,,,,,,,,,,,,,,,,,,,,,,,,,,,,,,,,,,,,,,,,,,,,,,,,,,,,,,,,,,,,,,,,,,,,,,,,,,,,,,,4787,1243,279,288,107,132,250,1222,711,749,215,1633,184,224,1632,690,57,602,1151,288,93,280,495,349,279,215,116,85,1483,863,3537
ACSSF,2010m1,co,000,0020,0000088,,,,,,,,,,,,,,,,,,,,,,,,,,,,,,,,,,,,,,,,,,,,,,,,,,,,,,,,,,,,,,,,,,,,,,,,,,,,,,,,,,,,,,,,,,,,,,,,,,,,,,,,,,,,,4970,1269,82,230,222,87,414,984,824,344,232,1840,124,103,1252,736,279,783,228,279,178,346,297,156,387,613,279,177,350,279,4064
ACSSF,2010m1,co,000,0020,0000089,,,,,,,,,,,,,,,,,,,,,,,,,,,,,,,,,,,,,,,,,,,,,,,,,,,,,,,,,,,,,,,,,,,,,,,,,,,,,,,,,,,,,,,,,,,,,,,,,,,,,,,,,,,,,5210,2546,1085,749,134,90,396,1537,1255,397,852,2080,137,201,1147,1123,116,435,693,73,325,392,448,135,666,399,162,137,548,525,4474
ACSSF,2010m1,co,000,0020,0000090,,,,,,,,,,,,,,,,,,,,,,,,,,,,,,,,,,,,,,,,,,,,,,,,,,,,,,,,,,,,,,,,,,,,,,,,,,,,,,,,,,,,,,,,,,,,,,,,,,,,,,,,,,,,,,,,,,,,,,,,,,,,,,,,,,,,,,,,,,,
ACSSF,2010m1,co,000,0020,0000091,,,,,,,,,,,,,,,,,,,,,,,,,,,,,,,,,,,,,,,,,,,,,,,,,,,,,,,,,,,,,,,,,,,,,,,,,,,,,,,,,,,,,,,,,,,,,,,,,,,,,,,,,,,,,3413,1582,90,149,116,550,368,794,875,148,144,2197,279,235,849,754,279,458,697,37,75,604,374,279,325,474,279,279,230,279,3132
ACSSF,2010m1,co,000,0020,0000092,,,,,,,,,,,,,,,,,,,,,,,,,,,,,,,,,,,,,,,,,,,,,,,,,,,,,,,,,,,,,,,,,,,,,,,,,,,,,,,,,,,,,,,,,,,,,,,,,,,,,,,,,,,,,4460,2372,570,796,218,279,501,1062,1124,473,550,1856,701,287,1004,749,279,617,265,107,337,308,452,349,96,516,209,120,358,279,3029
ACSSF,2010m1,co,000,0020,0000093,,,,,,,,,,,,,,,,,,,,,,,,,,,,,,,,,,,,,,,,,,,,,,,,,,,,,,,,,,,,,,,,,,,,,,,,,,,,,,,,,,,,,,,,,,,,,,,,,,,,,,,,,,,,,7067,2543,840,110,224,359,204,979,556,507,292,1793,244,279,2133,803,187,304,372,199,391,290,1214,350,2193,358,279,127,216,895,6423
ACSSF,2010m1,co,000,0020,0000094,,,,,,,,,,,,,,,,,,,,,,,,,,,,,,,,,,,,,,,,,,,,,,,,,,,,,,,,,,,,,,,,,,,,,,,,,,,,,,,,,,,,,,,,,,,,,,,,,,,,,,,,,,,,,5010,1717,260,804,387,267,802,1754,1649,793,200,2034,425,319,1959,1147,187,617,977,137,558,771,1386,279,141,770,285,307,264,83,4325
ACSSF,2010m1,co,000,0020,0000095,,,,,,,,,,,,,,,,,,,,,,,,,,,,,,,,,,,,,,,,,,,,,,,,,,,,,,,,,,,,,,,,,,,,,,,,,,,,,,,,,,,,,,,,,,,,,,,,,,,,,,,,,,,,,,,,,,,,,,,,,,,,,,,,,,,,,,,,,,,
ACSSF,2010m1,co,000,0020,0000096,,,,,,,,,,,,,,,,,,,,,,,,,,,,,,,,,,,,,,,,,,,,,,,,,,,,,,,,,,,,,,,,,,,,,,,,,,,,,,,,,,,,,,,,,,,,,,,,,,,,,,,,,,,,,8284,3639,966,767,498,233,863,1824,1538,895,758,1869,415,493,2163,1146,347,1093,726,279,1289,425,800,278,2257,563,163,927,169,159,6446
ACSSF,2010m1,co,000,0020,0000097,,,,,,,,,,,,,,,,,,,,,,,,,,,,,,,,,,,,,,,,,,,,,,,,,,,,,,,,,,,,,,,,,,,,,,,,,,,,,,,,,,,,,,,,,,,,,,,,,,,,,,,,,,,,,6819,2060,82,278,282,165,655,1345,1376,692,407,2919,172,242,1770,930,130,811,1246,281,195,454,498,178,596,710,82,221,1507,289,4736
ACSSF,2010m1,co,000,0020,0000098,,,,,,,,,,,,,,,,,,,,,,,,,,,,,,,,,,,,,,,,,,,,,,,,,,,,,,,,,,,,,,,,,,,,,,,,,,,,,,,,,,,,,,,,,,,,,,,,,,,,,,,,,,,,,6519,2666,1074,1470,491,429,753,1909,3317,877,240,2223,587,250,2498,1801,362,1115,1071,356,1415,686,573,94,2786,681,444,256,254,203,5995
ACSSF,2010m1,co,000,0020,0000099,,,,,,,,,,,,,,,,,,,,,,,,,,,,,,,,,,,,,,,,,,,,,,,,,,,,,,,,,,,,,,,,,,,,,,,,,,,,,,,,,,,,,,,,,,,,,,,,,,,,,,,,,,,,,6111,2803,553,591,386,680,749,2153,2103,956,357,3004,671,216,1802,1639,139,903,890,252,632,554,1116,311,279,818,789,525,301,279,4973
ACSSF,2010m1,co,000,0020,0000100,,,,,,,,,,,,,,,,,,,,,,,,,,,,,,,,,,,,,,,,,,,,,,,,,,,,,,,,,,,,,,,,,,,,,,,,,,,,,,,,,,,,,,,,,,,,,,,,,,,,,,,,,,,,,,,,,,,,,,,,,,,,,,,,,,,,,,,,,,,
ACSSF,2010m1,co,000,0020,0000101,,,,,,,,,,,,,,,,,,,,,,,,,,,,,,,,,,,,,,,,,,,,,,,,,,,,,,,,,,,,,,,,,,,,,,,,,,,,,,,,,,,,,,,,,,,,,,,,,,,,,,,,,,,,,4723,1335,1154,205,303,328,615,1225,1631,243,508,2327,261,204,1827,886,217,636,478,271,156,489,600,67,196,846,394,96,315,96,3295
ACSSF,2010m1,co,000,0020,0000102,,,,,,,,,,,,,,,,,,,,,,,,,,,,,,,,,,,,,,,,,,,,,,,,,,,,,,,,,,,,,,,,,,,,,,,,,,,,,,,,,,,,,,,,,,,,,,,,,,,,,,,,,,,,,4499,2014,742,332,94,235,572,1041,752,468,658,2261,99,175,1404,1495,279,452,315,166,290,486,623,279,259,395,204,305,242,279,2513
ACSSF,2010m1,co,000,0020,0000103,,,,,,,,,,,,,,,,,,,,,,,,,,,,,,,,,,,,,,,,,,,,,,,,,,,,,,,,,,,,,,,,,,,,,,,,,,,,,,,,,,,,,,,,,,,,,,,,,,,,,,,,,,,,,5080,1512,117,193,279,148,544,758,259,289,85,2180,279,279,1350,762,196,269,258,279,241,273,343,279,545,821,148,115,634,279,4868
ACSSF,2010m1,co,000,0020,0000104,,,,,,,,,,,,,,,,,,,,,,,,,,,,,,,,,,,,,,,,,,,,,,,,,,,,,,,,,,,,,,,,,,,,,,,,,,,,,,,,,,,,,,,,,,,,,,,,,,,,,,,,,,,,,,,,,,,,,,,,,,,,,,,,,,,,,,,,,,,
ACSSF,2010m1,co,000,0020,0000105,,,,,,,,,,,,,,,,,,,,,,,,,,,,,,,,,,,,,,,,,,,,,,,,,,,,,,,,,,,,,,,,,,,,,,,,,,,,,,,,,,,,,,,,,,,,,,,,,,,,,,,,,,,,,8286,2952,958,557,734,637,818,2268,2243,1285,400,4160,1189,464,2665,2005,419,1858,1131,166,1855,864,1230,319,504,1199,394,510,442,120,5043
ACSSF,2010m1,co,000,0020,0000106,,,,,,,,,,,,,,,,,,,,,,,,,,,,,,,,,,,,,,,,,,,,,,,,,,,,,,,,,,,,,,,,,,,,,,,,,,,,,,,,,,,,,,,,,,,,,,,,,,,,,,,,,,,,,3629,1482,92,343,427,393,255,1049,1720,391,114,1151,89,163,715,682,134,550,776,279,332,438,413,84,87,383,298,279,267,279,2736
ACSSF,2010m1,co,000,0020,0000107,,,,,,,,,,,,,,,,,,,,,,,,,,,,,,,,,,,,,,,,,,,,,,,,,,,,,,,,,,,,,,,,,,,,,,,,,,,,,,,,,,,,,,,,,,,,,,,,,,,,,,,,,,,,,4746,1390,279,338,197,255,506,1363,2687,432,345,1474,169,219,857,411,164,429,382,110,268,267,301,133,537,884,385,140,274,132,3652
ACSSF,2010m1,co,000,0020,0000108,,,,,,,,,,,,,,,,,,,,,,,,,,,,,,,,,,,,,,,,,,,,,,,,,,,,,,,,,,,,,,,,,,,,,,,,,,,,,,,,,,,,,,,,,,,,,,,,,,,,,,,,,,,,,4139,1478,279,308,171,470,370,1070,1531,342,184,2185,256,136,760,522,98,463,332,136,365,186,578,95,465,407,118,109,279,89,2817
ACSSF,2010m1,co,000,0020,0000109,,,,,,,,,,,,,,,,,,,,,,,,,,,,,,,,,,,,,,,,,,,,,,,,,,,,,,,,,,,,,,,,,,,,,,,,,,,,,,,,,,,,,,,,,,,,,,,,,,,,,,,,,,,,,,,,,,,,,,,,,,,,,,,,,,,,,,,,,,,
ACSSF,2010m1,co,000,0020,0000110,,,,,,,,,,,,,,,,,,,,,,,,,,,,,,,,,,,,,,,,,,,,,,,,,,,,,,,,,,,,,,,,,,,,,,,,,,,,,,,,,,,,,,,,,,,,,,,,,,,,,,,,,,,,,8335,4255,359,422,144,242,391,1093,1214,518,147,2136,422,176,1213,1068,279,538,2170,307,565,419,1139,189,484,1114,111,279,171,108,6939
ACSSF,2010m1,co,000,0020,0000111,,,,,,,,,,,,,,,,,,,,,,,,,,,,,,,,,,,,,,,,,,,,,,,,,,,,,,,,,,,,,,,,,,,,,,,,,,,,,,,,,,,,,,,,,,,,,,,,,,,,,,,,,,,,,,,,,,,,,,,,,,,,,,,,,,,,,,,,,,,
