ACSSF,2010m1,co,000,0113,0000001,628,358,2110,1914,2138,1225,2722,4307,3063,8610,2944,3670,11076,1919,3503,4833,7000,8017,769,5062,3669,5865,2578,1067,1163,2925,1429,3089,1684,2342,2724,985,1123,730,1774,1531,1606,649,1483,562,788,2011,3953,4570,3393,6548,861,1561,4001,1853,3688,2236,3537,2088,787,931,4083,9425,3294,575,717,1305,554,725,832,4093,16077,6112,12701,2192,2409,4308,5002
ACSSF,2010m1,co,000,0113,0000002,239,702,766,2744,1756,4060,2128,4718,3283,10607,1420,3481,10512,2856,4530,10413,13758,7639,845,4073,4375,6553,4262,1030,1293,5648,996,1724,2869,1456,4061,1077,1302,897,880,4201,2147,549,1581,746,2144,2679,4000,5181,1842,7864,1054,1664,5445,3336,5307,2251,4240,3410,761,1036,3802,9969,5019,578,610,1059,635,859,790,6587,20746,7492,11793,1392,1806,2768,5383
ACSSF,2010m1,co,000,0113,0000003,1437,1684,3258,5228,5641,7237,4657,7139,8683,21451,5584,7569,30714,7018,15686,6642,7827,35544,4784,7920,6590,17018,3776,6837,3819,5054,4314,4867,4922,2203,3549,3449,4616,2721,6488,3072,4432,633,3095,1175,1319,1997,21863,6674,28303,7203,3049,7911,6122,2191,4023,4129,4276,3318,1985,2245,14781,18365,9436,1761,5522,2874,1308,3321,1902,4912,14816,5210,11142,2176,3800,12683,8831
ACSSF,2010m1,co,000,0113,0000004,654,392,1416,3473,1725,1222,3152,3163,2630,9816,3928,3613,10814,1848,4124,4301,6529,7683,858,5307,3798,5569,2845,1122,1223,3535,1166,2948,1454,2631,2505,950,1097,794,1810,1821,1674,701,1241,621,4516,1883,3928,4428,4050,6263,977,1506,4067,1880,4334,1959,3851,2912,815,1166,4540,9821,4260,578,971,1316,585,763,1009,4170,18828,7174,11773,2217,2562,4688,5062
ACSSF,2010m1,co,000,0113,0000005,480,423,1169,1546,2282,1212,2674,2648,2406,10071,3886,3227,8022,2141,2879,5379,8765,7903,803,4719,4085,4845,5173,1236,1153,2622,1415,3018,1422,2560,3464,1022,1169,814,2436,2102,2190,697,968,657,2977,1708,4101,4708,4046,6979,1049,1439,4072,2103,4578,1585,2909,3056,873,1270,6617,10166,4216,553,944,1351,580,817,1092,4517,14274,6970,11641,2101,2727,2402,5742
ACSSF,2010m1,co,000,0113,0000006,336,711,2828,3728,4369,3865,3627,5357,9925,11002,2522,7480,24759,3447,4410,12677,17825,11847,1252,3782,6359,9878,14795,1307,1949,4942,1450,3087,3051,1202,5317,2499,4214,4299,1603,3998,3044,600,894,1850,2214,3434,3092,7230,5139,7702,1605,2775,8572,3746,5646,2580,4329,4417,969,1010,6842,14473,5642,604,999,1463,1047,1966,969,5905,47089,16535,19187,1730,2356,4768,7696
ACSSF,2010m1,co,000,0113,0000007,875,930,1186,2695,5058,2308,2046,3230,3009,12211,4822,3516,27858,6944,5967,8169,6872,13444,1835,7944,6437,9160,4584,2620,1969,5869,1837,1912,1569,1668,6923,2448,3141,2339,2265,4094,3480,489,877,3818,3947,1614,4769,6136,7239,7065,3040,5934,3916,2843,4689,1686,3619,4041,1321,2156,14949,10458,17028,1018,3079,2007,941,1297,1252,5863,12031,7762,12644,2290,1402,6270,8272
ACSSF,2010m1,co,000,0113,0000008,1248,2319,3545,13240,8718,33493,11713,33787,22140,38428,8110,12434,45255,4721,15435,59710,63707,87126,6186,28694,13160,72442,12184,8527,9679,7101,5425,11710,15205,5930,1467,7749,4906,2112,1243,5363,868,1887,4295,6224,8293,18299,16714,17427,24987,25548,5569,6123,20882,3827,4216,11783,14638,10936,2199,2961,15351,7171,19808,2642,4847,3501,2288,4166,3832,13590,26977,9584,.,9911,5436,25241,8016
ACSSF,2010m1,co,000,0113,0000009,1707,3492,10129,23116,33105,74066,52508,92918,82662,15476,8725,35070,83617,12987,82924,34244,59201,.,5266,14016,8537,24857,4930,5155,13272,.,20974,11205,13369,6645,.,6792,24033,1150,781,42849,11275,1175,5827,9883,12497,21709,24105,35364,.,.,12269,17252,33238,12769,11338,25758,30966,46746,3266,10719,.,.,.,2440,5464,9171,2499,8151,2532,37566,.,37566,.,8333,.,2480,19221
ACSSF,2010m1,co,000,0113,0000010,1036,3053,5785,10043,8377,33799,11404,35327,31710,14649,10285,15963,66126,6408,23748,42566,61518,152389,6900,16256,11116,75465,11767,14710,9311,7695,13842,7572,21383,7495,874,8794,5730,5729,6981,3958,2563,3235,2950,4885,4348,18164,29283,38322,72071,28312,6409,31435,9586,5662,12452,10371,14151,10977,4050,9703,18249,6465,19808,5907,8657,3392,3182,5947,5475,16397,26977,10770,.,16017,10416,15263,10304
ACSSF,2010m1,co,000,0113,0000011,1815,2152,5320,7865,7658,19086,13463,12342,12531,34826,4083,10163,52153,4658,11212,27537,44090,38819,2167,44173,9345,14002,12876,5743,3818,18294,7221,8074,10281,3112,5531,4467,7403,7236,11071,7277,7367,985,2738,4234,4298,9284,22752,64312,33371,11358,4155,9478,98880,7262,5481,6062,7406,8811,1083,5079,12763,23402,18466,2054,3518,3578,1525,6282,2709,10304,5029,13250,7792,5836,4674,6954,20921
ACSSF,2010m1,co,000,0113,0000012,1173,1649,5122,3626,7414,12936,7016,15954,7694,29491,3980,6676,58417,6022,15961,28368,35955,43953,2590,21871,1572,15710,7023,4941,4516,11080,5215,5144,9231,3370,4323,2232,3585,2826,2277,4434,1678,1346,1227,3409,3837,8800,19774,25229,37868,19802,3263,11547,28321,3940,2863,5856,5540,6722,1479,3037,8252,12594,12976,2312,1605,3679,1385,3106,2720,5020,31939,7337,3484,5058,1187,9588,10838
ACSSF,2010m1,co,000,0113,0000013,1430,1811,4494,4697,5134,13689,7958,19722,2671,58795,14097,10551,16000,26270,34699,24372,46985,9536,3591,9094,5086,27148,6936,3324,4210,25685,2674,6969,1642,5068,18422,3675,5699,4361,6536,5846,5784,2008,3052,3204,5598,5500,9668,28628,15812,20595,7015,8665,10646,10774,19696,6082,9868,8765,1793,5320,29371,24075,59562,3701,4088,2685,2499,6362,2195,11612,.,44177,14526,3244,5190,7220,18709
ACSSF,2010m1,co,000,0113,0000014,918,937,5035,4076,7394,6638,6663,14043,8241,33291,6474,21601,25787,9987,18388,18962,32859,12049,1913,18262,13361,23807,15410,3685,2190,8873,4063,5779,4547,2949,6609,4882,4681,1894,5466,10037,8852,776,2479,1440,2104,3641,5421,7597,1084,7074,5541,13511,5265,5102,6924,3817,8055,7754,1480,7343,8530,17798,9269,2663,3484,4384,1541,2995,1492,17724,.,21401,55149,4025,4544,7459,9099
ACSSF,2010m1,co,000,0113,0000015,2092,1681,5042,9814,15664,10875,9342,14166,13488,16459,6894,18053,45961,6155,13939,28082,25379,32408,3127,3744,55974,60581,49336,2898,8403,22686,5787,9794,5617,4443,8442,6744,13839,4925,6706,3129,6144,2261,3351,12002,3072,15976,14761,17026,32602,19784,4535,10496,17552,3693,13208,11290,17250,6855,3931,7890,20523,2862,.,3664,2007,5389,3084,5597,4572,95561,.,.,.,9366,17122,11670,6389
ACSSF,2010m1,co,000,0113,0000016,1808,2136,1293,4722,4854,3227,4352,4459,19512,36297,5701,38104,32814,6507,9541,15204,55762,47027,1647,20961,15736,5061,25372,2031,2008,3814,3841,7532,3598,2579,35716,2900,6752,5196,8232,9780,5909,935,2855,3604,3486,5352,5005,7425,6429,14684,3817,2357,13671,3756,6885,4719,3808,10177,1870,2096,25201,24773,59649,2042,1682,2320,1755,4556,2607,4378,.,7540,33116,2788,3684,7300,12719
ACSSF,2010m1,co,000,0113,0000017,1023,2988,6007,9133,9891,11670,6577,7711,10655,17839,17203,20991,45152,15318,43367,25710,45770,51806,15556,.,15571,44020,17544,3832,22523,23031,8388,10270,5429,6432,2174,7103,12016,23168,25389,16606,17164,2237,3350,4073,8608,7428,15181,22280,19591,17286,6770,15224,3612,7277,11847,8525,11329,13054,5962,14222,62616,76226,55495,2792,5163,4837,3850,4824,6209,41895,.,51393,.,12219,13520,41668,50181
ACSSF,2010m1,co,000,0113,0000018,699,1133,5022,8573,5278,11787,7189,11646,10665,38130,8999,13948,41074,12934,9046,14349,12185,20815,1846,1976,15864,35413,18598,2434,2839,8148,4095,6142,4102,3447,1638,8116,2679,4980,6587,6679,3086,856,3504,5374,9372,4292,6984,12755,38921,9098,4703,4757,18170,7487,9750,5144,5579,7878,2462,2218,32760,15728,60222,1494,7381,2488,1546,3823,1963,17330,23234,14980,17379,4880,6376,10117,1763
ACSSF,2010m1,co,000,0113,0000019,1824,1882,2921,6118,4800,8157,2602,10857,3154,21710,6030,9956,48888,15731,11983,30375,39601,14773,4017,20141,8760,22545,7677,6512,4359,7231,2155,5406,9756,4214,75219,5702,7753,4204,2753,10777,7490,836,2236,6576,5742,11939,10386,16505,12454,12465,4268,8528,12635,6086,11782,6059,6863,11967,2164,3408,14603,18953,17421,1556,6213,1438,2309,3761,2116,23683,.,38276,80592,3092,6777,13381,5809
ACSSF,2010m1,co,000,0113,0000020,789,3899,3812,4391,4540,4009,11482,17636,13862,23491,3985,5093,32879,14079,48308,10624,27526,31982,4604,5661,9054,24642,22935,6235,8583,15503,3693,7400,9169,4234,72295,4300,11442,3478,3758,3790,9165,1392,3142,8110,18396,5126,16867,21374,23567,24636,5605,12157,15051,6514,43849,3578,8683,2277,2589,2514,32986,144244,22471,1835,2566,4404,1673,4573,2880,13368,.,23706,20393,6812,6033,29577,.
ACSSF,2010m1,co,000,0113,0000021,2792,5515,6022,19480,13892,31926,21405,45831,37801,64214,11846,8552,111371,13460,16090,19873,22408,.,6287,.,9521,11686,39226,5799,6693,25075,7652,7621,35840,7379,12160,13371,6491,14984,11912,28266,25375,2696,11156,4732,29548,36192,26147,44531,.,11567,6480,14007,.,21089,25181,11662,9635,34187,2599,12225,.,.,.,5043,7472,4900,2953,5681,3687,56903,.,56903,.,5947,8393,.,4978
ACSSF,2010m1,co,000,0113,0000022,1885,3860,6414,5033,4648,8847,30524,92046,64397,.,3016,10539,.,7545,51263,28560,53591,.,4502,23075,3368,33266,3444,9127,9888,8407,3481,6663,3946,3685,.,5268,8611,4113,10185,12177,8977,2293,1879,12100,15117,26767,44043,.,.,60759,7124,7852,6436,9847,20284,21618,6880,15581,3544,3400,54645,.,54645,3377,12829,4999,3720,2945,2846,95829,.,88938,.,9177,23965,5711,17806
ACSSF,2010m1,co,000,0113,0000023,1048,2388,11732,7399,11223,7391,9000,6856,16318,17038,6553,38078,32279,11511,25943,4855,14462,35246,2267,2075,3507,28305,4867,7418,6052,42775,7021,6570,17888,6895,4524,10563,6720,3309,4905,5595,7238,1502,2359,4332,5069,5865,7475,14176,6989,31418,3309,7172,20011,6134,39389,9085,7820,4617,2077,11585,33811,3673,58731,1876,10894,5094,3915,3590,1574,11891,5338,17272,27496,6435,8182,20481,21544
ACSSF,2010m1,co,000,0113,0000024,2971,3613,8147,17225,21933,36060,4876,10007,1083,24393,21144,15513,84277,31157,61297,16580,25131,18163,8009,9748,29338,26031,2394,14001,5126,2986,7708,16524,11928,6625,.,8181,13451,14666,17282,7889,12605,3785,4092,6897,8680,12949,57729,194018,54641,73286,9246,21325,68723,8604,44268,7719,21529,47032,11787,17309,29771,14431,13489,1952,19485,22332,3595,2631,2864,.,.,.,.,5850,8342,.,37426
ACSSF,2010m1,co,000,0113,0000025,808,2903,5193,8950,9086,4445,11216,28106,11217,18057,10257,27447,71763,15008,19154,15970,43158,9912,2952,32064,18144,19953,7201,5106,4584,6608,4194,12133,9932,6924,.,6287,5147,3235,6769,8834,7399,2155,3235,5196,7209,7410,10918,18011,490,12165,7728,12166,9273,6822,5672,5544,16984,9305,2110,3055,11184,27270,5785,3193,2698,3923,2328,4494,3456,8898,.,21165,31045,4825,4191,9927,14014
ACSSF,2010m1,co,000,0113,0000026,2998,2418,9149,13391,22612,24089,16054,3533,21090,22037,5640,19542,234687,2037,36196,35314,14837,42345,5034,38785,27954,.,27954,5062,12260,33822,4487,13880,7495,47735,.,36300,37752,4864,5389,35555,25154,3955,4446,15733,22765,28179,20714,11556,51253,10688,5592,15980,41087,5522,14108,35402,58980,4691,3749,24176,.,.,.,5588,7193,18345,6605,6055,12147,.,.,.,.,87172,.,172905,.
ACSSF,2010m1,co,000,0113,0000027,2972,5166,6590,11649,7737,27230,4074,6302,37030,49387,11821,25077,146471,19719,40323,33550,44042,64882,11226,.,66379,.,56137,8620,18281,21698,13086,13729,10095,10718,.,36069,7579,12586,15877,26944,28268,5669,4138,6099,5034,11175,9580,10768,13175,23104,8313,57119,36971,13658,25851,3838,3690,59647,4444,17509,.,.,.,4248,.,14212,1528,1573,3914,.,.,.,.,69072,.,.,1853
ACSSF,2010m1,co,000,0113,0000028,1908,1636,4452,8194,9822,13141,10658,14401,14534,57934,6746,12858,47707,20121,18678,19920,13755,40682,1774,1932,25931,55291,15025,1955,3522,6617,4497,6859,4893,6038,1638,7460,7886,3393,6635,11225,4317,1367,2142,4697,11188,3791,7867,9812,12296,11926,3678,4001,12749,8615,8662,5916,4094,9763,2628,2737,8681,3131,.,1601,6742,3472,1880,4693,2341,15502,.,36332,17379,1745,3275,11207,1763
ACSSF,2010m1,co,000,0113,0000029,1808,2136,1293,4722,4854,3227,4352,4459,19512,36297,5701,38104,32814,6507,9541,15204,55762,47027,1647,20961,15736,5061,25372,2031,2008,3814,3841,7532,3598,2579,35716,2900,6752,5196,8232,9780,5909,935,2855,3604,3486,5352,5005,7425,6429,14684,3817,2357,13671,3756,6885,4719,3808,10177,1870,2096,25201,24773,59649,2042,1682,2320,1755,4556,2607,4378,.,7540,33116,2788,3684,7300,12719
ACSSF,2010m1,co,000,0113,0000030,2614,4465,6527,17091,15881,11895,16611,15261,13154,17697,16069,20329,87846,15642,24129,75981,92213,12908,6916,6290,46271,21844,89086,8350,10166,15005,11328,12766,16173,9085,208954,1708,16788,12819,10178,37950,2548,1646,4744,9260,13038,13821,35910,6224,103920,18517,5248,20886,18408,9280,21986,2693,4477,4778,1816,4088,.,.,.,2712,5491,2482,2620,4404,1808,174488,.,.,.,2745,2352,26170,9832
ACSSF,2010m1,co,000,0113,0000031,2644,3373,8227,21098,34532,26706,36756,77743,40662,.,7952,28462,53681,14687,50827,69795,182472,.,1134,.,100922,.,.,1238,4138,18755,8980,21441,12536,5403,37123,5321,30322,5625,13991,9743,10307,3654,5835,3057,1976,9378,27889,11828,26681,42227,4711,9967,2071,11581,13796,8070,10483,23357,3280,28118,1383,.,1303,2301,.,12942,6936,3173,6776,6717,.,2230,.,9479,7171,2214,23068
ACSSF,2010m1,co,000,0113,0000032,5011,5729,6977,14780,20660,11205,14593,8632,14268,21154,33172,59050,28536,32852,25375,164169,221735,32232,21688,.,3760,43166,4339,25797,47891,24525,8017,17154,20072,18364,.,18374,28113,28638,55036,32047,33012,3355,6860,5723,17636,21659,8647,6327,21071,128431,8626,20022,72353,7807,10892,12877,23649,24322,5875,18039,.,.,.,3399,28363,1187,5395,9079,7685,77324,.,77324,.,152591,63123,.,.
ACSSF,2010m1,co,000,0113,0000033,1962,3524,8912,11824,15744,13279,12834,20436,15636,50401,23165,40115,150284,21311,11403,40572,64087,.,4555,14184,48745,8052,5811,6370,2475,25118,3592,3162,15879,8142,.,10857,14927,6304,8203,14649,8623,2924,4005,7986,6611,18533,13804,23251,66247,27272,7523,9544,17006,11506,28991,19163,17521,14557,5061,6645,23890,36198,180244,8507,14218,3531,3624,9179,2650,35496,.,49437,.,5730,6748,11962,23725
ACSSF,2010m1,co,000,0113,0000034,2918,2912,7305,12697,33085,30940,12299,43791,8570,4626,14191,10530,199905,30480,69091,33627,33627,.,6516,2059,25187,25187,.,8510,6895,46360,7570,14755,13514,8666,.,10479,20148,2865,7944,1659,9324,3266,8440,14519,10901,28629,15684,26059,20084,54089,9868,97375,98772,6981,46568,21537,20069,26163,5084,14158,1637,1637,.,6583,9863,9730,3420,6489,6257,.,.,.,.,10131,27670,3753,.
ACSSF,2010m1,co,000,0113,0000035,3077,4715,19199,21588,9234,29436,22289,28837,20893,.,9804,22085,.,14825,35732,64424,64424,.,9814,.,1312,.,6629,16370,20263,41276,16554,5903,27799,3268,16223,6611,7252,5675,7489,9756,29315,1865,2381,8977,31925,12065,29252,43119,.,17639,10999,7291,.,14341,23090,18220,15372,5789,11579,4370,.,.,.,2676,40061,14326,3768,16402,3107,14518,.,14519,.,5535,9662,194806,.
ACSSF,2010m1,co,000,0113,0000036,2041,3109,7457,8171,11918,11525,56732,.,21602,.,6164,6065,.,29074,90585,184224,184224,.,3452,13696,9717,28999,9727,2367,13104,21449,4706,10214,4149,4633,.,7605,14642,5542,15012,26619,4806,2664,7033,12029,12053,49295,32394,.,.,56567,11981,6493,.,9586,.,9087,22146,13968,3173,3256,17309,.,17309,2811,17372,7889,4174,4496,3748,91657,.,.,.,16977,30297,41729,14428
ACSSF,2010m1,co,000,0113,0000037,2059,2491,8091,15163,22324,16090,15032,35307,10373,92250,27102,46870,.,22592,85619,49029,41547,53879,5998,.,6281,13519,15353,10201,8502,17196,4567,10151,2739,7591,.,11296,13440,5478,4146,14170,4319,3342,3247,8866,15579,3395,3571,16696,.,6724,5658,13237,22244,7848,17675,5222,5978,28526,2090,6002,53916,53916,.,9216,2508,2821,3550,12850,6159,26992,.,75208,69499,21924,14580,14581,48996
ACSSF,2010m1,co,000,0113,0000038,2967,3606,8379,20653,29795,38341,10450,16467,13068,36520,5274,1954,148457,24739,7402,63138,26759,6414,5406,.,17779,65766,23388,9006,5985,43134,10478,10034,14998,6047,.,6790,9497,6385,7682,13616,11199,3672,11082,6135,10953,5637,28127,14295,36250,18638,7896,7349,23267,2797,25029,13933,22308,14517,3902,19228,33047,72034,19795,6325,10578,9815,6618,6352,9395,18284,.,.,.,6755,16100,11385,24006
ACSSF,2010m1,co,000,0113,0000039,2998,2418,9149,13391,22612,24089,16054,3533,21090,22037,5640,19542,234687,2037,36196,35314,14837,42345,5034,38785,27954,.,27954,5062,12260,33822,4487,13880,7495,47735,.,36300,37752,4864,5389,35555,25154,3955,4446,15733,22765,28179,20714,11556,51253,10688,5592,15980,41087,5522,14108,35402,58980,4691,3749,24176,.,.,.,5588,7193,18345,6605,6055,12147,.,.,.,.,87172,.,172905,.
ACSSF,2010m1,co,000,0113,0000040,1908,1636,4452,8194,9822,13141,10658,14401,14534,57934,6746,12858,47707,20121,18678,19920,13755,40682,1774,1932,25931,55291,15025,1955,3522,6617,4497,6859,4893,6038,1638,7460,7886,3393,6635,11225,4317,1367,2142,4697,11188,3791,7867,9812,12296,11926,3678,4001,12749,8615,8662,5916,4094,9763,2628,2737,8681,3131,.,1601,6742,3472,1880,4693,2341,15502,.,36332,17379,1745,3275,11207,1763
ACSSF,2010m1,co,000,0113,0000041,808,2903,5193,8950,9086,4445,11216,28106,11217,18057,10257,27447,71763,15008,19154,15970,43158,9912,2952,32064,18144,19953,7201,5106,4584,6608,4194,12133,9932,6924,.,6287,5147,3235,6769,8834,7399,2155,3235,5196,7209,7410,10918,18011,490,12165,7728,12166,9273,6822,5672,5544,16984,9305,2110,3055,11184,27270,5785,3193,2698,3923,2328,4494,3456,8898,.,21165,31045,4825,4191,9927,14014
ACSSF,2010m1,co,000,0113,0000042,1808,2136,1293,4722,4854,3227,4352,4459,19512,36297,5701,38104,32814,6507,9541,15204,55762,47027,1647,20961,15736,5061,25372,2031,2008,3814,3841,7532,3598,2579,35716,2900,6752,5196,8232,9780,5909,935,2855,3604,3486,5352,5005,7425,6429,14684,3817,2357,13671,3756,6885,4719,3808,10177,1870,2096,25201,24773,59649,2042,1682,2320,1755,4556,2607,4378,.,7540,33116,2788,3684,7300,12719
ACSSF,2010m1,co,000,0113,0000043,2614,4465,6527,17091,15881,11895,16611,15261,13154,17697,16069,20329,87846,15642,24129,75981,92213,12908,6916,6290,46271,21844,89086,8350,10166,15005,11328,12766,16173,9085,208954,1708,16788,12819,10178,37950,2548,1646,4744,9260,13038,13821,35910,6224,103920,18517,5248,20886,18408,9280,21986,2693,4477,4778,1816,4088,.,.,.,2712,5491,2482,2620,4404,1808,174488,.,.,.,2745,2352,26170,9832
ACSSF,2010m1,co,000,0113,0000044,3077,4715,19199,21588,9234,29436,22289,28837,20893,.,9804,22085,.,14825,35732,64424,64424,.,9814,.,1312,.,6629,16370,20263,41276,16554,5903,27799,3268,16223,6611,7252,5675,7489,9756,29315,1865,2381,8977,31925,12065,29252,43119,.,17639,10999,7291,.,14341,23090,18220,15372,5789,11579,4370,.,.,.,2676,40061,14326,3768,16402,3107,14518,.,14519,.,5535,9662,194806,.
ACSSF,2010m1,co,000,0113,0000045,2644,3373,8227,21098,34532,26706,36756,77743,40662,.,7952,28462,53681,14687,50827,69795,182472,.,1134,.,100922,.,.,1238,4138,18755,8980,21441,12536,5403,37123,5321,30322,5625,13991,9743,10307,3654,5835,3057,1976,9378,27889,11828,26681,42227,4711,9967,2071,11581,13796,8070,10483,23357,3280,28118,1383,.,1303,2301,.,12942,6936,3173,6776,6717,.,2230,.,9479,7171,2214,23068
ACSSF,2010m1,co,000,0113,0000046,2041,3109,7457,8171,11918,11525,56732,.,21602,.,6164,6065,.,29074,90585,184224,184224,.,3452,13696,9717,28999,9727,2367,13104,21449,4706,10214,4149,4633,.,7605,14642,5542,15012,26619,4806,2664,7033,12029,12053,49295,32394,.,.,56567,11981,6493,.,9586,.,9087,22146,13968,3173,3256,17309,.,17309,2811,17372,7889,4174,4496,3748,91657,.,.,.,16977,30297,41729,14428
ACSSF,2010m1,co,000,0113,0000047,1894,1480,1158,4690,4439,3968,3530,2790,17910,43204,5693,30771,30584,6116,6995,9730,44324,41949,1630,20961,10314,4491,25372,1614,1930,4679,3836,7058,3435,1839,35716,2809,5004,4203,7348,9682,5799,875,2699,3573,3187,3840,4779,14545,6429,14684,3791,2376,14137,4315,6893,4406,4415,8057,1863,1655,28865,28997,59649,1794,2251,2105,1685,4197,2785,4378,.,7540,33116,1901,2279,6709,12719
ACSSF,2010m1,co,000,0113,0000048,844,1065,2948,6950,8047,11929,5424,12056,5357,10945,6643,12668,37881,10711,11782,25181,11292,9029,3208,5773,8821,6276,7943,3289,5744,6822,3536,5265,2642,3375,18466,4625,4976,2756,2693,7465,5019,831,2850,833,6695,6921,11001,5258,12750,16039,3877,4612,10164,6155,8930,5905,12015,4152,1276,2253,13127,18229,7325,2410,1959,2088,2153,3150,2140,13230,14000,26522,18195,3316,5810,12540,22335
ACSSF,2010m1,co,000,0113,0000049,1224,1081,3125,7227,10357,6614,6056,9197,13620,24737,3877,5075,67496,3652,7592,12645,25163,25731,1962,3453,2695,2953,6319,3147,4682,16965,3704,4349,8412,2896,5173,3500,5321,4658,5558,5706,7593,1106,2926,5451,5139,8660,10875,14614,47231,18551,3128,8963,18315,5505,8424,4215,5911,5460,1160,1865,10738,19802,32008,1944,2881,2263,828,4653,2120,6804,6277,7161,40810,5978,4417,5069,14868
ACSSF,2010m1,co,000,0113,0000050,577,900,4580,6890,5610,4902,7531,8822,5324,26719,2219,5748,27760,5473,33972,9418,13040,26116,2067,6004,4833,24699,11955,3452,3913,16291,2685,4944,7391,3836,1154,5149,6119,1505,3481,2545,3364,1477,2461,3241,7164,3044,7754,19201,9706,7508,2759,7911,21804,3788,40690,3555,9108,4746,1516,4446,37916,7263,10118,1404,5585,2437,1381,1674,1440,6161,11125,11911,23930,3353,4047,13347,22245
ACSSF,2010m1,co,000,0113,0000051,689,1104,2396,6635,7969,10375,5642,10417,11036,45382,8153,10313,42151,13765,9987,6835,16799,20429,1872,1574,9051,37201,7505,2325,3328,6784,4416,7268,3496,3379,1933,8487,2772,3882,4766,6022,3360,833,3305,5244,7244,4172,7222,10730,17270,9024,3968,6530,21713,4550,7666,5107,4386,4925,2210,1712,27199,17348,27390,1358,3049,2979,1594,3694,1719,12118,20403,15742,17707,4697,5948,10110,2340
ACSSF,2010m1,co,000,0113,0000052,1137,2928,3636,5059,6952,7999,4933,5156,6784,14297,7605,15607,26800,9814,13441,20006,37706,24402,5943,7378,9550,15924,10237,2191,12538,5183,5347,5795,3694,4265,12770,1334,5001,4534,3339,9955,11359,1104,1146,4885,4254,6773,7072,11107,21201,17746,3116,5518,20400,4694,7766,5275,4534,2914,1566,3642,32861,33124,15392,3574,4171,3557,1930,2360,1439,20943,.,15856,60297,2623,3075,7330,13399
ACSSF,2010m1,co,000,0113,0000053,634,1126,4377,4520,5458,4846,4478,6064,4807,32684,5540,7131,53216,17878,10367,18503,32738,11410,2162,11031,10582,12259,14964,4108,3517,5538,1867,1869,3728,3356,22956,2724,3436,2171,7602,6603,3743,1409,1641,4226,6643,3335,10420,11567,7739,11130,6006,8823,12074,7968,21102,5418,7062,4520,1913,2361,12542,18806,9128,1341,2670,1198,1799,3118,1274,10645,.,16258,12037,3211,3477,6643,8913
ACSSF,2010m1,co,000,0113,0000054,2496,3664,3937,13391,13061,24265,23109,36755,18968,55879,7910,19985,94872,5410,42887,18273,18273,.,10159,49846,19242,22859,9256,8746,10834,10463,24529,23217,25567,6538,14291,6897,16252,9686,18475,24909,18074,2009,4331,5153,7816,9906,64994,589,13902,50895,12297,26302,132492,22773,2035,11908,6708,36846,2128,13483,12857,11937,.,5920,3700,12542,2583,5961,4108,16116,4845,16540,45331,16482,7246,35343,.
ACSSF,2010m1,co,000,0113,0000055,2378,4815,2910,4573,10353,5567,9479,35887,3954,105771,13005,15216,78208,19061,5173,13170,31323,96303,10551,.,29073,37138,32338,27930,18270,31671,8788,6408,9384,5638,51039,5947,9977,4267,5662,12318,25213,1802,1808,13055,25540,7963,22897,44056,119202,35448,8659,43742,.,6987,42965,9547,13392,4559,8728,9404,17844,.,40843,1900,11129,9513,2356,9447,1761,9633,.,18149,20393,13165,12667,50159,.
ACSSF,2010m1,co,000,0113,0000056,2638,5448,5880,16491,14867,31926,18890,23534,37801,64214,11808,8552,111371,15044,16090,19873,22408,.,5652,.,9521,11686,39226,6115,13724,16116,7448,7134,35840,7154,12962,14713,7478,15901,11531,33450,25375,2752,11408,5075,31147,41074,26147,44531,.,11567,6533,14007,.,21915,25181,11662,9635,34187,2388,13655,.,.,.,5137,7472,4492,3063,5836,4129,82808,.,82808,.,5947,8393,.,4978
ACSSF,2010m1,co,000,0113,0000057,3075,4419,5653,17018,18425,12088,16986,18126,11482,17697,16046,4451,87846,15642,24129,41765,86417,12908,7149,6290,32828,21844,17650,8350,11467,15005,9581,10343,19918,21613,208954,11738,16788,13688,10178,33135,2283,1819,4654,9168,12189,13973,34003,12797,103920,29209,6676,21981,18408,8724,21986,2383,3894,4778,1972,4088,.,.,.,2628,5491,2321,2740,4334,2047,174488,.,.,.,7150,8796,26170,9832
ACSSF,2010m1,co,000,0113,0000058,1053,2432,11927,6848,10974,7391,9000,6856,16318,17038,6553,38078,32279,11511,25943,4855,14462,35246,2267,2075,3507,28305,4867,7418,6052,42775,7021,6570,17888,6941,4524,10753,6720,3309,4905,5595,7238,1502,2359,4332,5069,5865,7475,14176,6989,31418,3309,7172,20011,6134,39389,9085,7820,4617,2077,11585,33811,3673,58731,1876,10894,5094,3915,3590,1574,11891,5338,17272,27496,6435,8182,20481,21544
ACSSF,2010m1,co,000,0113,0000059,1440,3642,9660,8078,9153,25340,16072,45403,10178,213555,3436,20063,163078,6915,95863,13995,13825,77329,15484,.,4187,61034,1894,4295,12391,24690,8499,13706,7325,6418,783,4043,7307,2206,1525,11506,1631,1714,2495,11788,13187,20745,26724,42509,98762,16036,9234,15810,45078,11649,14037,9119,28778,13663,2839,9882,54886,.,55517,3995,19832,13569,3267,1558,2527,8921,22620,912,118118,12103,53713,7070,9446
ACSSF,2010m1,co,000,0113,0000060,2527,2289,6934,4590,7653,11305,39113,9899,57373,70079,10743,11490,167153,20000,48631,50266,85479,24174,4427,20250,1114,46643,4090,5850,8466,8594,8778,7125,12153,3866,10526,4201,6477,9980,7836,9751,14424,3698,6179,7494,8943,12757,113344,.,.,56454,13300,10394,178060,10257,19105,14977,7697,12592,3449,6126,16182,18048,50329,2747,7429,4313,4885,2884,1447,5501,2908,.,.,8155,9053,43598,3366
ACSSF,2010m1,co,000,0113,0000061,1632,3615,6819,5269,5693,6842,30524,92046,64397,.,3016,10539,.,7545,51263,34011,72760,.,4718,23075,5182,52407,4553,9127,9278,14266,3443,6347,3946,4251,.,5568,8583,2765,10542,11495,8977,2380,2671,12149,14531,26767,29935,.,.,55276,7406,8045,6436,12960,20284,20810,9071,15403,3548,3598,54645,.,54645,3378,12829,5071,3696,2832,3274,95829,.,88938,.,10188,23965,5711,24359
ACSSF,2010m1,co,000,0113,0000062,1359,2433,3107,6323,9487,60757,12931,19786,30301,18715,5639,13654,35527,11008,50726,40473,24379,97191,3417,40636,17233,61900,14194,12605,8966,10906,6814,7880,18640,5264,27017,6313,8378,4487,18343,3630,10692,1755,5804,12072,10341,22565,13680,46309,33689,36206,5932,33985,14969,8806,7432,10476,9036,24685,4272,3330,31723,31723,.,2804,7364,7465,1104,4311,2817,10316,.,15334,12667,3421,2490,22460,18581
ACSSF,2010m1,co,000,0113,0000063,1182,2250,8464,12881,13112,19365,13808,38002,17191,28749,5476,14837,92250,27160,31646,120118,.,10155,4942,.,19605,22118,27937,5444,4734,5266,7012,9649,27959,7215,26647,8939,9004,9264,9506,34006,23744,2768,5201,1060,1146,33476,30833,23104,64736,38861,4314,34342,10621,5747,8656,8328,10029,16347,3087,17332,17333,17333,.,7254,5432,4334,3810,8015,4182,20400,.,585,.,20331,16019,29794,1840
ACSSF,2010m1,co,000,0113,0000064,3264,7092,11980,15910,9877,42762,14374,13569,21878,16600,22547,85184,101334,21564,74047,40310,38940,.,26081,.,4089,42112,4111,3316,9492,39888,8990,7579,34346,3424,8442,5753,9881,12497,16929,17214,8217,3350,3666,15596,22157,23926,42234,60587,113085,17057,5201,11845,3404,12785,24284,7385,14323,14790,8148,5074,24742,34368,.,17601,29402,11441,9270,6371,9010,16268,1313,35176,.,6408,17573,16015,.
ACSSF,2010m1,co,000,0113,0000065,1957,3481,9719,19824,15077,15864,9262,23183,5978,85517,12614,13920,220021,19002,21472,34084,35886,23434,6658,4474,35739,16332,.,6679,7429,46360,8435,21476,13254,4505,.,6070,12774,2090,12790,1766,12802,3523,4359,5735,4605,14232,19153,21169,36508,54089,6122,42027,33141,13535,23192,26361,24479,24174,5028,12457,68274,37863,.,4134,9693,5205,3972,8153,8509,.,.,.,.,8373,19505,3753,66228
ACSSF,2010m1,co,000,0113,0000066,3174,4750,10891,14497,17105,34751,18419,6160,21154,20934,5974,19542,156088,1783,40979,38631,17121,27957,4572,38785,44455,.,27954,4047,10038,41277,5359,14420,6716,40761,.,48791,37752,12961,5771,35555,25154,3817,3192,15146,12884,8812,24340,20537,56218,12978,5152,15980,35626,4927,15402,28674,49973,26282,4066,15633,.,.,.,4172,7193,16869,5323,4633,11737,.,.,.,.,19720,911,172905,.
ACSSF,2010m1,co,000,0113,0000067,2640,5865,7713,11587,20955,10467,6918,5081,14783,15066,14238,31910,77224,30470,36493,105149,93415,49526,10470,49504,41926,50008,46940,5694,10738,38086,7487,9932,12563,10342,.,16588,4943,14641,22177,10553,30611,4376,5838,4301,4554,19657,13013,27381,27579,28158,11759,9676,63231,8567,9224,17500,20779,3862,2625,20964,26207,.,18007,3746,2669,7979,2796,8998,3782,.,.,.,.,7891,8605,8572,10701
ACSSF,2010m1,co,000,0113,0000068,2839,3481,13513,10212,21427,7726,18139,19590,22957,52627,10799,10171,188779,52699,19627,66108,31790,.,10701,14848,34659,69525,13290,6379,16708,57616,10168,13128,17281,4874,.,5278,7834,5019,16712,16646,16081,3122,4434,2774,14940,14623,45021,23440,34552,55331,5438,9280,.,9779,23080,17501,5541,9565,3505,17556,48157,78500,25048,5024,4992,7314,4841,5337,8594,16448,.,.,26075,4905,6548,4003,.
ACSSF,2010m1,co,000,0113,0000069,2697,2619,7768,26111,33200,23394,15610,37111,8857,73836,29140,38115,.,14556,36395,43781,10893,53879,7559,.,8829,5471,17652,7278,9303,40627,3084,8630,2678,8480,.,6982,8070,6787,7210,7046,7271,2559,2597,3831,17715,3243,5852,4831,29021,10262,7963,31399,11126,12797,24155,6079,10989,27943,2549,1342,53916,53916,.,4323,5709,1607,3368,4896,3369,26992,.,75208,69499,16219,14830,19484,46679
ACSSF,2010m1,co,000,0113,0000070,2867,3873,5556,10875,8423,14024,15202,10521,14632,.,15995,15249,28793,.,32268,13372,.,13372,5634,12868,13908,27966,19944,13109,6736,21776,6769,8678,18553,6514,36877,4788,11308,3265,10934,12970,7246,3427,6926,11082,18278,4457,34643,78848,.,.,11578,8739,31557,11556,5019,16454,21217,7319,1990,35127,18204,18204,.,4473,6802,6603,3631,12839,3019,13902,.,.,13902,4942,5725,7314,15998
ACSSF,2010m1,co,000,0113,0000071,2625,1105,3307,5539,20252,10996,14525,16020,25080,69153,5089,54156,70904,11898,22768,9575,62888,19631,4558,22330,14890,14150,39013,3475,13294,4795,8369,8335,3985,3118,11092,7013,5159,7038,10967,12062,3930,2433,1989,3974,4863,9928,12499,23223,9753,13436,13447,8305,44601,15596,55910,10852,8668,7829,4381,3958,28480,66160,23029,5729,4195,7284,2938,8048,7321,35295,.,.,.,3411,77378,15381,9020
ACSSF,2010m1,co,000,0113,0000072,1453,1592,5872,5277,5397,13956,22887,30929,20029,37219,30444,124567,.,37790,12279,8564,17594,9792,2655,41704,62081,1773,27664,3226,2941,26186,12021,9057,18494,5846,.,5627,18074,4886,18184,11102,8339,3347,4714,10609,17866,10390,17408,25218,.,6561,8343,15306,57734,12746,5839,34644,31204,18586,2831,4630,4033,.,18337,2674,7113,6278,3004,7716,4025,45369,.,.,45369,4994,13013,18554,11369
ACSSF,2010m1,co,000,0113,0000073,1953,2554,5630,8725,12119,10425,9999,16037,64839,21996,19979,18216,.,21355,64828,20067,.,80316,7444,30098,34088,37431,34867,9809,11373,12417,2947,10332,2599,5298,.,2681,20473,5429,8448,4395,33658,1478,2127,7028,14316,6808,52741,.,.,52741,18288,38253,75887,3592,36881,4086,13539,8585,2109,7315,54109,2002,.,2014,4527,2493,4725,12671,4292,16306,.,11797,.,3505,3646,.,.
ACSSF,2010m1,co,000,0113,0000074,4708,4628,10367,13729,8368,12614,11539,14700,18997,54371,26010,51084,38916,33073,28514,171148,60425,27237,8719,.,1677,.,6856,17211,13458,11971,19219,16938,14396,10995,.,5259,10711,18228,3887,9765,.,4150,4197,7926,11661,10029,9906,23444,32195,40109,7814,29951,12483,11662,12181,10261,15253,28120,3170,2553,.,.,.,4513,.,15519,2298,2169,4875,.,.,.,.,17159,8610,251538,53314
ACSSF,2010m1,co,000,0113,0000075,3467,3971,4546,11264,9679,29141,19338,10081,12499,24495,8912,11823,41736,16378,13950,52249,68929,5793,4663,.,18871,3467,31795,7799,6419,5880,9130,28303,10806,7728,35716,12397,6870,5304,23408,10083,5704,3731,2756,8586,18132,6838,25433,23472,51167,20817,11180,19023,33648,23244,11061,11930,13269,37266,3482,5995,32136,32136,.,2255,5075,5791,4812,7729,6008,.,.,.,.,6378,2405,16038,3400
ACSSF,2010m1,co,000,0113,0000076,4303,7338,5771,3212,9110,5856,20133,24550,32322,.,12048,96566,72991,25218,52359,97892,172553,14169,4067,39266,33802,33802,.,3634,14375,10808,11901,14177,6408,2554,.,3535,4993,15300,14545,34829,13728,2699,6514,8681,10779,14026,8956,12863,27287,60853,8618,3185,6866,17134,28311,19518,14174,27300,2955,13629,.,.,.,4485,1439,7899,4317,19428,4098,57737,.,57737,.,9801,6230,20661,48091
ACSSF,2010m1,co,000,0113,0000077,1745,7349,6276,8931,30041,4679,10958,11389,14414,23897,17435,20245,110448,12472,25694,24230,24230,.,8508,15132,12568,12568,.,12695,4183,2140,7162,11954,8194,32385,.,21973,41970,13940,29833,36308,23388,4061,4107,11498,8687,11700,28843,21176,5458,28908,1228,7317,22719,1068,13124,15102,13051,126936,1366,16907,16155,16155,.,5849,2460,3162,7369,22932,6327,16128,.,37001,.,11454,37401,12069,.
ACSSF,2010m1,co,000,0113,0000078,2664,4288,7318,9614,13751,20133,15535,8574,36694,7442,10983,80021,56647,19973,37067,59772,38273,35167,4096,26444,23070,29151,1684,2550,2986,10375,7603,7912,4491,5921,.,6554,11806,6145,5984,6494,16038,2760,6993,5029,9280,20604,20387,17870,62215,4829,3094,3502,9689,3913,15605,5064,8699,38426,1608,8009,32734,.,114338,5120,7864,7887,4334,15533,4701,.,.,.,.,27891,19074,58012,.
ACSSF,2010m1,co,000,0113,0000079,2525,3865,8674,18126,18638,19076,18139,31575,23326,7767,14027,23474,356721,17943,27533,13058,124283,.,2359,.,70866,64690,.,8563,4143,11599,9307,10450,5946,5667,.,5252,16431,6855,9038,7665,12691,2569,11086,22731,11836,22479,25110,44228,43134,116816,4899,9093,54603,14137,9728,15836,26525,16142,1077,10278,24010,12830,.,1988,3351,2121,3656,7696,5752,41321,.,1943,15909,7793,14314,22224,18099
ACSSF,2010m1,co,000,0113,0000080,2476,3027,8513,14294,19436,32012,2409,17812,1076,68358,16545,15513,29441,20298,38688,20476,27697,18163,7206,13002,19342,53628,31629,7487,5126,2986,7154,15742,14455,4789,40082,4997,12092,6988,25653,8346,18078,2431,5243,5459,6295,14160,30502,187789,54641,50862,8084,21325,68723,7656,37855,8157,19991,40496,7323,18393,29771,14431,13489,2041,19485,19661,3940,2911,3383,.,.,.,.,6407,8425,.,24394
ACSSF,2010m1,co,000,0113,0000081,2091,4943,4182,7538,18352,11157,7902,17902,10228,7135,21437,9827,112759,14541,24284,165780,165780,.,5057,95637,19642,11127,.,7254,14097,44864,13744,11416,15561,12269,.,4602,9734,7125,3848,12885,16497,3644,4467,11084,13352,37728,9337,36781,11755,25650,10940,15679,30284,10043,9991,19837,18086,24642,5995,11218,41137,121454,.,10879,10784,1573,4687,7139,3675,81565,.,125818,.,4785,11707,4155,7296
ACSSF,2010m1,co,000,0113,0000082,3644,3973,6034,8992,7568,13326,5145,14077,3991,88354,14541,13559,147078,30238,19512,36038,63036,63868,4302,10233,5165,37511,3042,15024,3084,40094,2571,2575,20470,8101,.,4860,11405,9047,5072,17923,1380,2207,3797,12419,15713,13057,9295,13666,21289,82207,13429,16763,45650,17592,47034,5045,8430,38138,2959,5096,36489,7862,46968,7077,2482,4066,4248,9109,3758,27190,.,.,.,13695,14446,23345,.
ACSSF,2010m1,co,000,0113,0000083,1847,3752,7667,18088,17891,14974,19420,2522,13973,92482,19377,50029,.,37939,39179,28953,22386,50749,5415,2002,22131,19539,10722,5057,8670,.,11677,16220,11372,5977,.,7351,14756,5345,3900,19639,31542,3512,4779,8003,18874,7707,11009,15683,107403,48724,13433,30002,27569,17271,31686,14889,13883,29482,3167,12687,19546,19546,.,6018,7294,15060,4039,5611,4528,.,.,.,.,7037,7829,5968,.
ACSSF,2010m1,co,000,0113,0000084,2064,3458,7263,8078,8781,19131,8267,10858,15553,15058,13265,33197,55964,24779,61394,117023,95273,32232,23247,.,9444,27357,9319,30002,22943,38110,12612,16065,14891,12698,.,11827,21396,12454,21011,19442,24360,3722,3930,12119,15227,16319,7810,32681,16574,48090,5234,2732,18375,8720,15826,9678,14601,15013,2764,14149,.,.,.,3016,7360,2665,4052,7411,5752,43521,.,77324,.,42645,3558,52226,31863
ACSSF,2010m1,co,000,0113,0000085,1412,5203,8203,8327,11848,12160,5293,6472,11164,865,19335,7218,.,11525,47177,30107,43889,31159,28526,.,14594,57696,15252,4790,34960,48629,10362,17928,4983,7730,2174,9566,12436,40076,75217,36725,18394,2424,6385,4874,9232,3929,26936,25273,16602,63135,8747,23046,1607,2451,30516,11256,9125,51775,6545,15154,62616,76226,55495,8098,2343,6800,3520,7512,7281,55227,.,.,.,9047,8332,43312,.
ACSSF,2010m1,co,000,0113,0000086,3241,4680,9378,11268,16594,35541,6560,6943,16252,.,14582,53557,17441,10511,78576,103117,74052,.,2404,10589,14006,14802,101614,11551,10786,23833,10600,30296,14133,3618,.,4956,10473,8406,6045,12961,5788,2913,7016,7187,18365,13357,22766,63548,25137,.,9383,20623,161028,9786,17971,21750,11946,11495,4908,11666,21713,21713,.,2003,22246,8088,4363,5176,4004,11526,.,.,.,7657,8431,10597,.
ACSSF,2010m1,co,000,0113,0000087,2259,3336,14713,20457,18804,15464,35202,51636,35077,55272,10571,61556,43296,25741,15060,40101,51644,.,2958,12521,46553,10368,.,3928,10542,7732,11363,25504,10165,11514,91052,15723,3277,13781,9722,5100,15925,2865,5935,11294,22220,8236,17425,23460,52443,30796,6601,19691,19460,8220,13033,11096,18996,29025,6406,7042,38609,35292,.,3473,9520,7183,2287,3041,5045,36823,.,.,.,5062,5144,1025,8653
ACSSF,2010m1,co,000,0113,0000088,2546,3636,6764,18488,28209,23735,9719,25057,4725,128697,14020,50765,93821,16887,24998,75540,261821,34833,5015,76255,53804,11827,6376,1792,10336,7559,3118,1264,22486,8179,.,6458,10034,4899,10871,13556,6080,3683,2667,14636,28853,14123,27137,104916,.,32362,16115,30397,.,25828,25104,8264,20190,8635,4194,6515,.,.,.,3795,2803,6025,5677,12400,4294,21961,.,33089,.,5269,7481,.,12881
ACSSF,2010m1,co,000,0113,0000089,2325,5901,5714,5780,7268,7541,16476,28068,13815,54494,18108,7206,42354,20767,49800,12868,29842,73831,3527,2329,9314,10507,38035,6135,4599,9314,5634,8471,11672,7492,.,14142,22214,8616,9838,20519,7095,2466,5353,6467,21028,5381,13484,15154,52183,.,8555,27409,25307,11947,15359,10425,13899,14003,2440,4574,48588,48588,.,3580,15301,4805,2347,8246,2864,.,.,.,.,12475,12838,6264,63169
ACSSF,2010m1,co,000,0113,0000090,1682,2289,10196,11197,10495,30550,3460,1316,55505,.,22308,11281,.,23167,66734,56699,.,29042,7305,50582,26122,35224,32739,4981,8996,31685,3125,11407,2951,4199,.,4233,12793,5294,9506,7279,10252,3545,9580,32762,22847,31063,9362,27831,.,.,9320,14315,.,5929,75431,20184,15622,.,4272,9773,42754,46158,.,3469,6091,5450,3062,13789,4458,25322,.,15046,16391,2762,5160,45074,6988
ACSSF,2010m1,co,000,0113,0000091,3379,6106,8626,6351,7433,53975,11177,23275,40820,70219,7612,39500,118613,5529,428580,54044,46291,58640,8690,33360,14417,36688,16245,15309,14204,14422,16057,29282,12188,12287,29818,17463,6077,3000,23555,8455,17861,3461,5744,11115,4001,21742,66347,32267,49935,58440,4492,7426,284985,18733,37310,11908,9130,6523,2845,2165,12047,46282,21419,4003,5207,6739,4111,8474,5508,16784,.,19282,44441,61536,10072,27918,39551
ACSSF,2010m1,co,000,0113,0000092,3997,9495,12531,9087,7733,38919,5316,5965,13540,.,43246,57855,88510,38569,112448,26018,26018,.,4121,.,13459,.,43916,3769,23184,11715,17761,25353,25515,12295,.,16228,13740,22862,24855,65677,20788,1719,4107,15510,39330,10401,37437,36879,.,.,2761,11641,59085,9571,17321,43936,37536,94180,3888,7335,7949,7949,.,4801,43129,5655,3513,10343,6112,.,.,.,.,16567,50496,23915,.
ACSSF,2010m1,co,000,0113,0000093,1913,2947,3250,9468,11244,3512,13146,16202,35557,8099,22300,60279,.,28471,64218,25216,57623,20880,3424,11107,46270,5921,12462,3541,8745,6906,8903,15400,11663,4877,.,6642,14650,4771,10374,11656,7625,1218,3347,7619,12038,7042,29590,41923,.,3795,8379,21491,45278,7125,18456,14738,24306,8844,2676,8909,17245,10231,10816,2943,3867,3351,2571,5970,4396,12432,.,23069,24045,4002,4152,11798,15027
ACSSF,2010m1,co,000,0113,0000094,2848,4237,5018,13286,14963,37178,14770,12393,20680,13368,5618,57959,66271,5934,12706,30450,17283,26085,3173,6209,52883,82780,27954,4273,9226,26061,6088,7199,7362,8194,8442,15689,7003,2225,5055,15168,34878,2700,4903,10068,7579,15689,19604,25212,25081,15399,6222,15198,18639,5392,11724,18597,27882,12752,2361,8625,16161,.,4485,3859,1617,8285,5725,5813,7080,142189,1313,.,.,9498,11941,10827,4686
ACSSF,2010m1,co,000,0113,0000095,2169,4719,4991,9972,11445,12459,16492,21003,17030,.,20858,21653,.,.,32268,13372,.,13372,24363,.,12214,8415,23063,244724,14791,.,4369,8604,13804,7165,36877,14236,14422,10005,12161,9521,17561,4756,8184,6992,11986,7942,37629,2056,.,5955,8541,1697,6435,10455,6471,27727,17732,11026,6093,43632,.,.,.,6743,11185,9777,6213,23034,3175,.,.,.,.,5619,20785,7423,14297
ACSSF,2010m1,co,000,0113,0000096,1080,2180,3319,14053,10872,10301,8089,5393,20495,82189,13843,19226,24980,9614,17548,21271,63454,11437,6365,17494,11888,9369,31395,5820,4014,13799,3913,7389,5427,4477,.,6241,2372,6358,8988,18356,6672,2774,2352,2970,3163,7051,6381,5092,11636,6492,9240,20522,13068,14392,10821,9273,9504,14185,2395,5074,30369,40083,.,2591,3788,6856,2670,3074,2462,74248,.,.,.,3924,2650,12773,2282
ACSSF,2010m1,co,000,0113,0000097,1822,2980,3478,9258,9577,15959,14073,31810,29615,15454,4492,18439,53454,21424,11223,9268,34696,62068,2018,3760,28838,111647,24952,1297,5142,5121,6997,3845,6850,3799,654,5064,7099,2314,5914,2497,6404,1962,3601,5192,10625,5501,10070,15904,21526,7859,6125,19764,13545,11016,11935,8705,5600,12963,3349,3493,36637,31088,.,1475,5366,2521,3277,5672,2526,20834,.,36332,.,7813,10633,.,31480
ACSSF,2010m1,co,000,0113,0000098,1808,2136,1293,4722,4854,3227,4352,4459,19512,36297,5701,38104,32814,6507,9541,15204,55762,47027,1647,20961,15736,5061,25372,2031,2008,3814,3841,7532,3598,2579,35716,2900,6752,5196,8232,9780,5909,935,2855,3604,3486,5352,5005,7425,6429,14684,3817,2357,13671,3756,6885,4719,3808,10177,1870,2096,25201,24773,59649,2042,1682,2320,1755,4556,2607,4378,.,7540,33116,2788,3684,7300,12719
ACSSF,2010m1,co,000,0113,0000099,1026,2899,6027,8949,9907,11275,6654,7711,11478,17839,17203,20991,45152,15318,43367,25710,45770,51806,15556,.,15571,44020,17544,3832,22523,23031,8422,10232,5053,6721,2174,7103,13874,21682,25389,18926,17164,2216,3447,3819,8673,7949,15181,22280,19591,17286,6770,15224,3612,7277,11847,8525,11329,13054,6308,13078,62616,76226,55495,2792,5163,4837,3797,4824,6287,41895,.,51393,.,8697,13520,31839,50181
ACSSF,2010m1,co,000,0113,0000100,1717,5376,5947,10444,15276,38040,8204,26915,37700,26408,3886,9308,.,10940,65970,63377,32121,10203,9283,.,21321,28805,.,18180,1797,30491,10922,11931,17931,15970,.,19635,9768,14647,17809,29828,37988,2940,6292,18071,27023,20717,36925,65658,.,.,15792,.,11903,33054,21653,5165,12942,19534,3561,9928,.,.,.,3872,1789,10033,5241,8333,7028,23915,.,.,.,5685,4470,33762,.
ACSSF,2010m1,co,000,0113,0000101,2014,2553,7961,5263,7754,11896,13202,15383,11790,41842,11210,17873,31492,15986,23790,42612,119100,40644,6747,6290,22701,17392,48846,4261,8685,20513,4782,7272,8500,12974,124039,12611,13288,17062,7121,32110,3739,2553,4280,9131,24817,5658,7961,26059,54624,17666,11501,12956,21638,7647,32163,2831,4386,1307,1925,3495,32986,144244,22471,2139,2671,3152,2628,3721,2890,62625,.,102436,.,3130,4107,26791,9832
ACSSF,2010m1,co,000,0113,0000102,2638,5448,5880,16491,14867,31926,18890,23534,37801,64214,11808,8552,111371,15044,16090,19873,22408,.,5652,.,9521,11686,39226,6115,13724,16116,7448,7134,35840,7154,12962,14713,7478,15901,11531,33450,25375,2752,11408,5075,31147,41074,26147,44531,.,11567,6533,14007,.,21915,25181,11662,9635,34187,2388,13655,.,.,.,5137,7472,4492,3063,5836,4129,82808,.,82808,.,5947,8393,.,4978
ACSSF,2010m1,co,000,0113,0000103,2193,3699,7044,24962,40623,28930,33163,89194,22528,.,7983,28462,53681,19620,50827,107706,77743,.,3789,.,13154,25955,6450,8141,3138,23409,10120,12637,9584,3995,6908,6004,11153,7464,12924,10133,9897,3332,3641,3591,4263,8107,8644,11828,6989,38858,5613,5592,2071,11969,28151,14166,9983,19837,3311,20003,31400,.,2037,2000,15071,9430,4833,13777,2752,9721,10956,2230,.,11608,15561,5059,23068
ACSSF,2010m1,co,000,0113,0000104,2194,3222,10871,22015,32271,1937,43456,35502,41841,.,26080,2081,.,.,49589,.,.,.,3201,39883,34027,47511,.,9265,6082,.,3069,11089,2738,4181,.,2953,21818,7142,10873,11788,22165,3681,11673,10112,48679,15260,29351,20769,79904,.,10522,6114,.,4408,46658,33895,33895,.,1420,12409,.,.,.,5756,2959,3030,3498,14878,3790,16391,.,.,16391,2925,4260,22502,6988
ACSSF,2010m1,co,000,0113,0000105,1865,1855,4539,6946,4654,8157,2534,11218,2978,24320,6030,9956,48888,15731,11983,30375,39601,14773,4349,12973,8760,22545,7677,6512,4359,11325,2115,5209,9756,4230,75219,5702,7893,4099,2753,10777,6527,804,2204,6576,5742,11939,10234,16505,12454,10042,4292,8528,12635,6173,12783,6226,7593,11967,2123,3408,14603,18953,17421,1556,6213,1365,2356,3432,2187,23683,.,38276,80592,3092,6777,13381,5809
ACSSF,2010m1,co,000,0113,0000106,2701,5130,7200,7159,8603,50957,19701,18784,27433,19351,9155,25466,.,34886,19241,249541,185969,.,5440,.,48172,3960,54788,8236,23555,.,10292,10774,8951,6271,.,38595,4225,8162,6939,15741,28137,2238,4885,12735,28932,12697,7140,19543,20844,55670,6916,.,20842,14348,4089,14262,11249,24796,3895,17074,569,569,.,3070,6990,3573,3162,3258,6415,112491,.,.,.,18524,3593,.,17982
ACSSF,2010m1,co,000,0113,0000107,1571,3831,5876,8785,29576,9034,7829,15520,5704,22568,14306,13920,170322,17357,53428,28766,36510,.,5714,2059,21674,24670,.,2761,5805,40751,5391,20314,17379,7496,.,9698,27553,1940,7696,2234,10278,2847,6403,16030,11764,22933,16005,25502,36050,40507,9821,14305,40393,15058,47041,14959,18022,24995,4446,15345,3247,3247,.,4540,9376,5497,3051,1995,4991,.,.,.,.,7916,11875,2099,33182
ACSSF,2010m1,co,000,0113,0000108,1520,7623,8456,7237,6808,2889,24092,31217,10367,15080,15950,34150,229642,19300,8198,20665,35263,76094,12944,.,22613,49182,28922,16693,20263,25938,8973,14410,15322,3594,103076,6334,7757,5663,3691,22576,12439,1777,2756,8221,41155,10317,23134,52203,170737,17639,7579,39738,.,9872,30963,19968,15364,18530,11092,8321,.,.,.,2928,100514,18897,4153,16039,3742,6070,.,14519,49991,14279,20937,97066,.
ACSSF,2010m1,co,000,0113,0000109,1968,3001,7293,6940,11329,11525,56732,.,21602,.,6164,6065,.,29074,90585,175683,175683,.,3452,13696,9717,28999,9727,2367,13104,21449,4643,10137,4149,4462,.,15599,14642,5107,14882,26619,4806,2729,7709,12029,12053,49295,32394,.,.,56567,11765,6493,.,9997,.,9087,22146,13968,3183,3256,17309,.,17309,2811,14351,7168,4046,5015,3754,91657,.,.,.,8824,30297,4583,14428
ACSSF,2010m1,co,000,0113,0000110,2326,4430,6040,10645,27783,15666,5711,12406,4029,60528,26111,37606,67139,41242,36023,40377,50284,40548,8913,34031,4770,14370,7686,12101,13524,20603,6709,18445,3993,4386,.,9447,8573,4537,7468,14790,9309,1722,4194,10685,11381,3641,12917,28400,45651,72268,5407,11641,16403,4301,15890,9915,10873,24493,2366,3267,69549,.,31052,7936,8716,4231,3853,4812,3850,31502,.,.,27600,13740,14149,4715,49814
ACSSF,2010m1,co,000,0113,0000111,3590,4598,13653,18784,25648,38689,32666,37584,62492,.,34845,51548,406230,.,26519,44971,44971,.,6443,8495,27761,19513,63962,6127,18970,.,15890,11727,15520,7468,.,10606,13502,7435,11091,11305,13326,2194,8817,5062,22827,16246,68984,120277,31831,.,7040,2389,.,22361,62928,10437,26023,3597,1935,4560,18204,18204,.,10576,6592,11876,4755,10082,9458,54180,.,.,.,6811,5184,.,24006
