ACSSF,2010m1,co,000,0055,0000001,8008,6087,1117,1026,1307,900,843,961,1134,1044,842,1315,1083,892,1322,963,2283,890,4845,4301,9596,3714,2673,3119,3193,2843,2892,2951,2808,2662,3149,3089,2619,2699,2833,7683,4404,8665,2874,5487,2448,2469,2560,2168,2630,2471,2593,2180,2315,2066,1788,1875,2244,2200,3778,1154,5319,8008,6087,1622,3378,2648,2482,4845,4301,9596,4593,3551,3623,8698,8665,2874,5487,3517,3102,2947,3943,5319
ACSSF,2010m1,co,000,0055,0000002,7526,5395,996,805,1212,787,791,868,1103,892,859,995,938,796,1141,708,1909,895,4360,15827,10050,3230,2127,2787,2568,2695,2413,2517,2452,2464,2439,2484,2398,2519,2559,6424,3899,14484,9228,6444,2599,2418,2461,1906,2541,1938,2496,2125,2251,1988,1809,1795,2095,2301,3698,1013,7505,7526,5395,1323,3213,2209,2166,4360,15827,10050,3979,5782,3871,7464,14484,9228,6444,3500,4039,3222,3816,7505
ACSSF,2010m1,co,000,0055,0000003,4448,3338,533,704,493,599,492,553,586,622,367,699,801,419,608,531,1095,233,2572,16457,8577,2131,1577,1961,1722,1463,1653,1837,1692,1581,1691,1715,1750,1706,1379,3561,1723,11817,9249,4814,1034,869,969,978,816,943,860,837,989,873,1011,757,891,777,1313,490,5889,4448,3338,948,2051,1353,1125,2572,16457,8577,2708,4998,3135,3901,11817,9249,4814,1234,2644,1855,1413,5889
ACSSF,2010m1,co,000,0055,0000004,7956,6028,1128,1019,1268,883,844,935,1124,951,829,1263,1079,895,1301,877,2273,891,4664,4933,9381,3627,2549,3000,2926,2765,2690,2978,2802,2616,3029,3033,2337,2468,2654,7452,4192,9011,3479,5353,2327,2409,2536,2075,2485,2395,2498,1970,2181,1951,1702,1771,2135,2085,3745,1145,5345,7956,6028,1629,3387,2607,2468,4664,4933,9381,4522,3575,3423,8420,9011,3479,5353,3224,2755,2687,3947,5345
ACSSF,2010m1,co,000,0055,0000005,7784,6128,1104,1035,1238,883,829,935,1110,917,829,1258,1029,889,1284,863,2200,893,4302,3727,8812,3562,2434,2921,2875,2705,2710,2910,2757,2442,2729,2987,2098,2400,2585,7144,4145,8350,2933,4755,2380,2352,2431,1988,2407,2317,2538,1976,2148,1976,1649,1640,2108,2095,3474,1143,4556,7784,6128,1616,3387,2618,2378,4302,3727,8812,4425,3319,3213,8128,8350,2933,4755,3187,2608,2674,3660,4556
ACSSF,2010m1,co,000,0055,0000006,6018,4296,807,780,923,557,716,770,867,594,654,942,781,633,906,535,1589,809,3486,8506,8633,2344,1515,1578,1540,1514,1507,1850,1377,1360,1397,1623,1457,1494,1842,5121,3220,8706,7109,4708,2001,1485,1860,1582,1915,2042,1661,1616,1917,1495,1256,1377,1668,1955,2701,861,6201,6018,4296,1208,2450,1791,1746,3486,8506,8633,2943,3545,2722,6262,8706,7109,4708,2235,3426,2416,2685,6201
ACSSF,2010m1,co,000,0055,0000007,5531,3859,784,644,859,771,530,676,606,701,510,745,679,552,919,791,1527,413,3453,9126,7111,2674,1923,2498,2404,2419,2160,2311,2576,2229,2251,2406,2004,1900,1947,4873,2873,8442,7647,5204,1424,1897,1634,1854,1472,1514,1775,1359,1436,1369,1431,1200,1265,1321,2659,794,5813,5531,3859,1138,2277,1857,1622,3453,9126,7111,3238,4214,3192,5202,8442,7647,5204,2464,3170,2157,2866,5813
ACSSF,2010m1,co,000,0055,0000008,,,,,,,,,,,,,,,,,,,,3414,2551,858,607,633,690,540,644,552,674,762,774,560,876,703,659,1940,641,2760,1575,1470,508,550,522,436,531,451,420,273,535,723,442,559,435,587,948,86,1634,1345,809,331,449,468,549,1125,3414,2551,1065,1062,1096,1928,2760,1575,1470,749,952,815,958,1634
ACSSF,2010m1,co,000,0055,0000009,,,,,,,,,,,,,,,,,,,,4604,2440,529,262,380,448,324,334,330,439,443,196,290,700,166,377,1606,385,3508,3474,1865,441,336,347,147,356,289,263,249,480,375,397,319,171,267,845,279,2268,,,,,,,,4604,2440,620,1181,925,1612,3508,3474,1865,592,969,626,845,2268
ACSSF,2010m1,co,000,0055,0000010,,,,,,,,,,,,,,,,,,,,4983,2748,685,530,547,576,461,531,456,640,546,747,500,591,678,701,1367,562,3463,3403,1695,258,483,396,448,367,413,327,253,272,599,208,516,428,534,549,86,2514,1289,656,279,391,198,438,1029,4983,2748,848,1479,1107,1399,3463,3403,1695,548,1105,834,567,2514
ACSSF,2010m1,co,000,0055,0000011,1889,1097,304,239,297,219,10,342,367,469,212,286,209,212,178,404,538,247,1317,3641,2454,785,748,993,955,778,788,830,842,742,1157,794,828,788,899,1746,787,3805,2012,2108,874,472,503,603,964,577,713,767,653,609,597,560,541,907,1217,91,2379,1889,1097,383,770,572,573,1317,3641,2454,1204,1600,1206,1968,3805,2012,2108,965,1380,1209,1214,2379
ACSSF,2010m1,co,000,0055,0000012,2485,1473,330,331,413,219,99,343,371,505,212,306,551,273,212,425,818,248,1804,3360,3081,1120,873,1235,1193,932,1015,979,1027,1057,1448,930,1260,1126,1138,2799,1181,3530,1687,2277,985,734,638,747,1025,690,768,777,904,884,716,821,775,1064,1430,126,2416,2485,1473,526,838,757,836,1804,3360,3081,1456,1655,1574,2883,3530,1687,2277,1174,1543,1313,1455,2416
ACSSF,2010m1,co,000,0055,0000013,2675,1521,344,225,258,98,223,249,145,291,167,400,195,186,383,284,296,329,1556,970,1856,771,781,502,887,907,707,776,900,873,733,918,585,742,785,1564,617,2033,1066,2070,944,1149,1123,1178,764,900,1142,899,990,1026,773,829,836,821,1519,339,2057,2675,1521,427,855,590,432,1556,970,1856,1231,1157,1263,1688,2033,1066,2070,1479,1651,1325,1481,2057
ACSSF,2010m1,co,000,0055,0000014,3598,2520,446,574,666,378,371,236,545,453,463,372,469,544,375,358,763,643,1904,1123,2465,916,811,1221,1085,1041,845,768,812,935,941,827,976,807,846,1822,1105,2536,950,1693,808,777,844,607,931,702,854,721,815,836,478,679,631,790,1191,469,1913,3598,2520,829,1369,1274,958,1904,1123,2465,1057,1209,876,2088,2536,950,1693,1061,1102,875,1235,1913
ACSSF,2010m1,co,000,0055,0000015,1998,1094,283,262,218,317,60,323,236,179,155,283,279,127,205,265,639,125,1530,556,2455,740,657,554,514,895,650,522,698,594,547,488,663,566,900,2283,1804,2402,552,1156,509,479,634,387,515,467,309,329,598,335,621,615,287,676,636,299,1017,1998,1094,425,747,350,659,1530,556,2455,983,993,820,2428,2402,552,1156,677,662,617,693,1017
ACSSF,2010m1,co,000,0055,0000016,2890,1919,311,224,693,240,311,477,317,489,170,182,194,363,195,130,517,357,1864,1134,3508,1051,732,687,572,612,529,471,471,420,544,672,341,459,717,2699,2143,3092,1133,2440,1085,1030,1078,766,1114,965,869,830,957,867,825,927,1044,1063,1308,579,2311,2890,1919,391,1401,549,639,1864,1134,3508,1107,988,842,3357,3092,1133,2440,1392,1371,1471,1415,2311
ACSSF,2010m1,co,000,0055,0000017,1676,1167,397,236,360,407,307,339,279,198,237,253,355,279,279,222,316,279,1067,1024,1998,1179,893,963,1137,833,830,681,995,1189,841,923,843,926,783,1326,1248,2002,514,634,412,305,363,225,253,302,211,303,385,304,394,197,340,246,642,166,603,1676,1167,413,746,439,316,1067,1024,1998,1482,1210,1304,1731,2002,514,634,473,372,257,646,603
ACSSF,2010m1,co,000,0055,0000018,4026,3009,435,554,661,590,584,464,476,332,540,682,435,320,262,465,1243,156,2047,1512,3394,1157,1136,1155,1170,1333,1183,1398,1036,1077,922,1195,984,931,1144,2763,1524,3144,607,1433,624,663,636,947,837,933,760,511,654,736,439,508,785,568,1375,221,1475,4026,3009,726,2032,877,1270,2047,1512,3394,1588,1484,1228,3122,3144,607,1433,922,762,697,1383,1475
ACSSF,2010m1,co,000,0055,0000019,1804,1274,229,341,137,290,181,141,325,250,77,242,328,193,245,288,686,237,1099,1108,2299,1086,753,986,875,1126,931,948,1161,947,839,952,956,874,1016,2230,1240,2615,551,1518,725,661,603,630,493,695,754,441,445,488,628,395,480,422,1112,304,1484,1804,1274,402,527,550,802,1099,1108,2299,1482,1444,1157,2235,2615,551,1518,912,833,713,1232,1484
ACSSF,2010m1,co,000,0055,0000020,1241,864,118,86,183,146,226,183,195,154,278,502,383,210,143,204,301,279,730,1002,2684,1290,803,911,817,979,898,815,789,724,644,741,726,718,830,2303,1064,2577,498,1118,453,282,228,522,604,325,246,486,509,664,499,215,563,557,964,429,1088,1241,864,152,721,533,301,730,1002,2684,1411,1084,1023,2462,2577,498,1118,559,740,848,1101,1088
ACSSF,2010m1,co,000,0055,0000021,,,,,,,,,,,,,,,,,,,,803,2241,870,721,654,829,660,510,481,885,549,490,658,338,543,564,1904,529,2010,333,1202,646,375,217,376,294,488,308,365,279,246,439,279,187,408,517,93,1236,1370,1062,586,602,190,533,615,803,2241,1007,1000,889,1826,2010,333,1202,682,435,554,532,1236
ACSSF,2010m1,co,000,0055,0000022,,,,,,,,,,,,,,,,,,,,652,1204,375,621,494,646,463,658,732,359,335,461,418,400,445,469,1206,673,1268,598,1263,792,599,635,748,473,485,656,564,269,796,543,615,397,593,1005,356,1237,1762,1034,107,735,700,384,1075,652,1204,709,879,411,1297,1268,598,1263,999,990,922,994,1237
ACSSF,2010m1,co,000,0055,0000023,,,,,,,,,,,,,,,,,,,,945,1901,810,1010,681,762,641,622,825,805,612,720,573,705,518,682,1459,707,2052,820,1186,701,660,528,593,594,789,900,626,649,576,498,513,441,748,762,120,1242,2077,1307,408,921,413,467,1039,945,1901,1161,1212,789,1587,2052,820,1186,941,928,808,784,1242
ACSSF,2010m1,co,000,0055,0000024,,,,,,,,,,,,,,,,,,,,3038,2126,584,299,503,426,515,549,581,498,615,423,403,428,409,652,1241,381,2673,3021,1390,402,140,209,156,330,338,280,88,221,110,226,284,294,162,568,279,1988,795,482,303,222,139,270,494,3038,2126,669,1698,957,1198,2673,3021,1390,433,771,501,568,1988
ACSSF,2010m1,co,000,0055,0000025,3419,2365,344,533,443,231,330,218,517,412,252,330,477,471,342,154,563,643,1687,5426,3064,621,525,982,602,662,584,572,530,528,665,349,704,429,575,1316,709,4606,5151,3050,656,634,965,646,929,833,818,733,962,789,518,583,519,790,1185,390,3744,3419,2365,745,1256,1044,881,1687,5426,3064,735,1901,938,1493,4606,5151,3050,859,2087,1093,1205,3744
ACSSF,2010m1,co,000,0055,0000026,,,,,,,,,,,,,,,,,,,,2565,2522,490,231,182,279,366,409,252,448,343,211,240,164,245,395,2342,1598,3077,,,,,,,,,,,,,,,,,,,,1576,727,232,395,118,578,1152,2565,2522,569,1106,580,2583,3077,2176,1185,224,615,710,581,1606
ACSSF,2010m1,co,000,0055,0000027,,,,,,,,,,,,,,,,,,,,2742,2058,464,226,436,699,676,439,487,418,629,429,633,685,652,456,897,741,2560,,,,,,,,,,,,,,,,,,,,706,443,204,257,224,123,515,2742,2058,491,1513,1133,1244,2560,2139,1154,540,680,205,387,1354
ACSSF,2010m1,co,000,0055,0000028,3505,2479,381,528,484,459,601,364,469,231,520,622,375,140,239,344,1141,156,1775,3811,3523,882,853,874,806,849,709,1177,844,728,734,991,852,879,1028,2175,1107,3735,3772,2565,632,644,508,890,734,852,541,365,602,682,370,500,627,580,1198,201,2491,3505,2479,666,1631,680,1171,1775,3811,3523,1170,2077,1463,2369,3735,3772,2565,909,1607,961,1218,2491
ACSSF,2010m1,co,000,0055,0000029,2890,1919,311,224,693,240,311,477,317,489,170,182,194,363,195,130,517,357,1864,1134,3508,1051,732,687,572,612,529,471,471,420,544,672,341,459,717,2699,2143,3092,1133,2440,1085,1030,1078,766,1114,965,869,830,957,867,825,927,1044,1063,1308,579,2311,2890,1919,391,1401,549,639,1864,1134,3508,1107,988,842,3357,3092,1133,2440,1392,1371,1471,1415,2311
ACSSF,2010m1,co,000,0055,0000030,,,,,,,,,,,,,,,,,,,,2927,3017,1232,355,500,509,615,489,497,418,523,450,426,507,697,662,2122,999,3421,,,,,,,,,,,,,,,,,,,,1148,831,131,694,427,279,594,2927,3017,1276,1510,999,2243,3421,2499,1641,304,834,692,892,1421
ACSSF,2010m1,co,000,0055,0000031,,,,,,,,,,,,,,,,,,,,3408,1781,487,716,513,329,214,455,567,245,255,242,402,580,355,447,1160,475,2890,3297,1940,465,477,127,293,484,697,482,506,585,509,360,220,374,666,440,120,2559,954,734,157,498,168,353,416,3408,1781,860,1031,907,1313,2890,3297,1940,659,1469,907,476,2559
ACSSF,2010m1,co,000,0055,0000032,,,,,,,,,,,,,,,,,,,,4253,2383,612,505,576,813,462,575,471,679,470,491,542,524,545,730,812,693,3129,,,,,,,,,,,,,,,,,,,,,,,,,,,4253,2383,824,1884,1287,1031,3129,1729,993,130,619,352,636,1114
ACSSF,2010m1,co,000,0055,0000033,,,,,,,,,,,,,,,,,,,,3810,2097,541,583,251,332,183,370,407,382,330,354,343,426,351,530,1321,364,3404,3259,1780,414,415,459,424,315,487,562,395,245,414,498,357,340,357,740,280,2397,1287,1128,325,488,320,644,407,3810,2097,867,1118,896,1264,3404,3259,1780,527,1194,735,849,2397
ACSSF,2010m1,co,000,0055,0000034,,,,,,,,,,,,,,,,,,,,2758,1572,507,377,268,248,347,434,340,554,326,389,266,407,398,258,641,350,2266,2573,1580,339,329,478,341,403,423,179,287,610,331,609,55,194,510,438,77,1735,947,562,256,338,296,120,592,2758,1572,675,1152,672,796,2266,2573,1580,448,1078,814,449,1735
ACSSF,2010m1,co,000,0055,0000035,,,,,,,,,,,,,,,,,,,,2676,1926,513,423,633,539,402,545,420,529,205,359,336,243,313,485,904,276,2506,,,,,,,,,,,,,,,,,,,,,,,,,,,2676,1926,624,1390,581,970,2506,2667,1876,510,1402,493,956,1291
ACSSF,2010m1,co,000,0055,0000036,,,,,,,,,,,,,,,,,,,,2284,1641,346,542,382,530,375,370,376,163,284,328,354,309,277,337,1134,510,2328,2113,1647,782,492,643,612,457,485,631,464,244,798,451,559,350,565,925,325,1871,1830,1103,107,703,703,365,1024,2284,1641,638,733,589,1176,2328,2113,1647,940,1089,822,901,1871
ACSSF,2010m1,co,000,0055,0000037,,,,,,,,,,,,,,,,,,,,4438,2281,455,534,320,513,692,614,536,567,429,568,626,325,474,637,1042,289,3432,4562,2428,542,603,626,475,414,419,856,562,372,291,490,649,322,291,858,110,2820,1038,510,71,441,253,128,743,4438,2281,737,1481,1146,1088,3432,4562,2428,872,1510,1003,866,2820
ACSSF,2010m1,co,000,0055,0000038,,,,,,,,,,,,,,,,,,,,4359,1980,414,340,301,491,468,276,648,389,383,331,353,478,368,227,1004,433,3644,4211,1936,451,468,348,456,159,535,298,332,466,173,297,117,282,475,914,297,3074,1108,899,245,523,445,376,560,4359,1980,605,1291,722,1064,3644,4211,1936,547,1088,585,963,3074
ACSSF,2010m1,co,000,0055,0000039,,,,,,,,,,,,,,,,,,,,2565,2522,490,231,182,279,366,409,252,448,343,211,240,164,245,395,2342,1598,3077,,,,,,,,,,,,,,,,,,,,1576,727,232,395,118,578,1152,2565,2522,569,1106,580,2583,3077,2176,1185,224,615,710,581,1606
ACSSF,2010m1,co,000,0055,0000040,3505,2479,381,528,484,459,601,364,469,231,520,622,375,140,239,344,1141,156,1775,3811,3523,882,853,874,806,849,709,1177,844,728,734,991,852,879,1028,2175,1107,3735,3772,2565,632,644,508,890,734,852,541,365,602,682,370,500,627,580,1198,201,2491,3505,2479,666,1631,680,1171,1775,3811,3523,1170,2077,1463,2369,3735,3772,2565,909,1607,961,1218,2491
ACSSF,2010m1,co,000,0055,0000041,3419,2365,344,533,443,231,330,218,517,412,252,330,477,471,342,154,563,643,1687,5426,3064,621,525,982,602,662,584,572,530,528,665,349,704,429,575,1316,709,4606,5151,3050,656,634,965,646,929,833,818,733,962,789,518,583,519,790,1185,390,3744,3419,2365,745,1256,1044,881,1687,5426,3064,735,1901,938,1493,4606,5151,3050,859,2087,1093,1205,3744
ACSSF,2010m1,co,000,0055,0000042,2890,1919,311,224,693,240,311,477,317,489,170,182,194,363,195,130,517,357,1864,1134,3508,1051,732,687,572,612,529,471,471,420,544,672,341,459,717,2699,2143,3092,1133,2440,1085,1030,1078,766,1114,965,869,830,957,867,825,927,1044,1063,1308,579,2311,2890,1919,391,1401,549,639,1864,1134,3508,1107,988,842,3357,3092,1133,2440,1392,1371,1471,1415,2311
ACSSF,2010m1,co,000,0055,0000043,,,,,,,,,,,,,,,,,,,,2927,3017,1232,355,500,509,615,489,497,418,523,450,426,507,697,662,2122,999,3421,,,,,,,,,,,,,,,,,,,,1148,831,131,694,427,279,594,2927,3017,1276,1510,999,2243,3421,2499,1641,304,834,692,892,1421
ACSSF,2010m1,co,000,0055,0000044,,,,,,,,,,,,,,,,,,,,2676,1926,513,423,633,539,402,545,420,529,205,359,336,243,313,485,904,276,2506,,,,,,,,,,,,,,,,,,,,,,,,,,,2676,1926,624,1390,581,970,2506,2667,1876,510,1402,493,956,1291
ACSSF,2010m1,co,000,0055,0000045,,,,,,,,,,,,,,,,,,,,3408,1781,487,716,513,329,214,455,567,245,255,242,402,580,355,447,1160,475,2890,3297,1940,465,477,127,293,484,697,482,506,585,509,360,220,374,666,440,120,2559,954,734,157,498,168,353,416,3408,1781,860,1031,907,1313,2890,3297,1940,659,1469,907,476,2559
ACSSF,2010m1,co,000,0055,0000046,,,,,,,,,,,,,,,,,,,,2284,1641,346,542,382,530,375,370,376,163,284,328,354,309,277,337,1134,510,2328,2113,1647,782,492,643,612,457,485,631,464,244,798,451,559,350,565,925,325,1871,1830,1103,107,703,703,365,1024,2284,1641,638,733,589,1176,2328,2113,1647,940,1089,822,901,1871
ACSSF,2010m1,co,000,0055,0000047,3165,2108,311,224,791,262,343,477,377,489,246,182,194,363,195,130,749,357,1970,3298,3893,1140,829,755,765,662,538,492,519,625,615,722,387,518,857,2845,2200,4421,2350,2729,1092,1061,1157,766,1134,939,865,939,955,864,843,984,1140,1045,1277,593,2913,3165,2108,391,1530,549,844,1970,3298,3893,1246,1287,1173,3458,4421,2350,2729,1396,1574,1594,1399,2913
ACSSF,2010m1,co,000,0055,0000048,2984,1853,368,368,314,378,238,360,319,295,170,381,520,200,215,389,829,366,2157,8825,5003,1230,1048,926,1092,1392,1116,1080,1174,1241,1236,1056,1119,1077,1216,3190,2088,7175,6857,4141,1057,951,980,986,801,953,1096,690,968,1018,773,1017,725,817,1871,449,5358,2984,1853,564,1117,740,861,2157,8825,5003,1649,2773,2094,3427,7175,6857,4141,1414,2490,1589,1903,5358
ACSSF,2010m1,co,000,0055,0000049,2709,1982,600,342,434,206,254,489,463,479,243,483,288,239,764,409,865,324,1672,2527,3571,1154,1146,1353,1590,1172,1124,1182,1152,1073,1315,963,903,1050,1242,2938,1170,3662,2019,2644,1318,921,809,855,1112,910,1056,989,830,1044,819,907,793,1032,1708,391,2754,2709,1982,719,1200,894,924,1672,2527,3571,1516,1970,1538,3143,3662,2019,2644,1631,1598,1534,1661,2754
ACSSF,2010m1,co,000,0055,0000050,2574,1611,352,340,324,339,251,438,431,582,298,524,425,335,263,410,615,174,1524,4848,3340,1620,1310,1072,1305,1254,1323,1340,986,1107,1146,1140,1150,986,1189,2494,1536,4487,4378,2841,1078,867,846,853,1022,841,983,993,1070,868,901,696,762,950,1348,424,3393,2574,1611,480,1290,731,672,1524,4848,3340,1938,1943,1658,2584,4487,4378,2841,1316,2038,1317,1458,3393
ACSSF,2010m1,co,000,0055,0000051,4184,3237,435,554,661,590,594,464,547,332,540,680,483,320,572,467,1242,156,2100,3237,3943,1226,1260,1211,1245,1453,1206,1398,1126,1103,977,1255,1096,942,1291,2958,1629,4129,1889,1824,655,663,647,996,993,921,814,517,680,733,604,508,839,599,1389,229,2039,4184,3237,726,2023,1059,1268,2100,3237,3943,1715,1664,1540,3353,4129,1889,1824,964,1018,877,1386,2039
ACSSF,2010m1,co,000,0055,0000052,3088,2237,485,541,573,449,476,348,99,426,484,441,545,362,412,413,530,659,1887,6213,4972,1653,1193,1622,1719,1595,1341,1203,1475,1447,1373,1463,1332,1484,1197,2537,1869,5765,5560,3208,683,632,816,511,655,462,778,453,614,733,601,486,620,663,1282,484,3273,3088,2237,711,1374,1061,936,1887,6213,4972,1958,3216,2097,3113,5765,5560,3208,926,2001,1091,1331,3273
ACSSF,2010m1,co,000,0055,0000053,3457,2487,407,522,359,251,247,267,589,374,201,403,428,471,471,173,844,340,1671,8961,4223,1144,927,1030,1009,873,915,894,1085,1019,846,699,905,884,1010,2128,1367,8125,7789,4393,973,1169,1108,1137,1159,1302,1133,861,1207,925,821,731,769,918,1381,362,5588,3457,2487,699,1119,1006,974,1671,8961,4223,1544,2630,1877,2413,8125,7789,4393,1428,2822,1644,1444,5588
ACSSF,2010m1,co,000,0055,0000054,,,,,,,,,,,,,,,,,,,,2634,1995,475,639,508,590,606,441,489,454,396,674,534,530,481,567,1279,577,2305,1047,1583,571,274,232,324,449,257,529,408,548,215,189,449,424,793,865,279,1383,675,348,212,269,180,279,520,2634,1995,787,1009,843,1497,2305,1047,1583,640,633,1057,865,1383
ACSSF,2010m1,co,000,0055,0000055,,,,,,,,,,,,,,,,,,,,3307,2312,599,627,783,660,712,797,781,709,705,510,669,640,602,568,1470,592,2857,,,,,,,,,,,,,,,,,,,,981,679,79,589,385,145,594,3307,2312,834,1929,918,1519,2857,2583,1767,502,1253,692,1065,1404
ACSSF,2010m1,co,000,0055,0000056,,,,,,,,,,,,,,,,,,,,1755,2542,865,729,640,833,643,525,474,882,549,484,638,310,554,556,2104,529,1995,505,1270,646,375,217,376,294,488,308,365,279,246,439,279,187,408,481,93,1236,1370,1062,586,602,190,533,615,1755,2542,1040,1073,884,2026,1995,505,1270,682,435,554,501,1236
ACSSF,2010m1,co,000,0055,0000057,,,,,,,,,,,,,,,,,,,,3091,3070,1234,355,461,498,604,451,518,378,511,436,401,507,577,662,2227,999,3506,,,,,,,,,,,,,,,,,,,,989,702,131,494,409,279,563,3091,3070,1278,1494,1029,2345,3506,2475,1600,304,791,650,892,1441
ACSSF,2010m1,co,000,0055,0000058,,,,,,,,,,,,,,,,,,,,956,1901,810,1010,681,762,641,622,825,805,612,720,573,705,518,682,1459,707,2057,828,1185,701,660,528,593,594,789,900,626,649,576,498,513,441,748,766,120,1242,2077,1307,408,921,413,467,1039,956,1901,1161,1212,789,1587,2057,828,1185,941,928,808,787,1242
ACSSF,2010m1,co,000,0055,0000059,,,,,,,,,,,,,,,,,,,,2288,1622,676,315,469,516,432,356,422,397,416,650,517,551,433,379,983,467,2236,2009,1307,534,346,427,471,163,437,311,502,303,398,334,476,121,363,589,279,1536,951,873,22,611,380,250,328,2288,1622,732,1032,854,1054,2236,2009,1307,581,811,676,589,1536
ACSSF,2010m1,co,000,0055,0000060,,,,,,,,,,,,,,,,,,,,2886,1491,217,336,288,521,281,348,409,222,276,333,348,249,299,320,902,272,2285,1616,1029,483,410,393,270,283,462,162,343,332,246,291,323,355,396,629,91,1302,1485,936,241,478,363,519,987,2886,1491,372,977,594,998,2285,1616,1029,690,758,620,618,1302
ACSSF,2010m1,co,000,0055,0000061,,,,,,,,,,,,,,,,,,,,1578,1317,375,541,504,573,406,656,729,343,335,441,418,400,453,469,1209,673,1577,793,1256,792,599,635,748,473,485,656,564,269,796,543,607,397,586,1005,356,1268,1806,1046,107,726,700,384,1102,1578,1317,647,870,440,1301,1577,793,1256,999,990,920,994,1268
ACSSF,2010m1,co,000,0055,0000062,,,,,,,,,,,,,,,,,,,,1832,1367,531,482,772,603,396,581,441,644,676,734,455,450,643,612,1035,358,1687,624,876,262,369,217,302,439,212,399,352,434,459,317,284,425,488,802,279,755,1063,787,373,421,300,341,646,1832,1367,675,1034,589,1039,1687,624,876,458,694,616,802,755
ACSSF,2010m1,co,000,0055,0000063,,,,,,,,,,,,,,,,,,,,2116,1576,548,516,594,444,560,466,502,407,462,617,413,569,568,637,1290,550,2305,1018,928,477,307,377,300,559,300,122,219,356,530,487,256,223,475,699,279,1299,,,,,,,,2116,1576,730,984,774,1328,2305,1018,928,574,724,664,699,1299
ACSSF,2010m1,co,000,0055,0000064,,,,,,,,,,,,,,,,,,,,5496,2248,582,427,557,444,519,612,426,399,482,625,439,502,475,457,1347,730,4689,,,,,,,,,,,,,,,,,,,,,,,,,,,5496,2248,724,1462,914,1523,4689,1489,813,296,577,152,318,1010
ACSSF,2010m1,co,000,0055,0000065,,,,,,,,,,,,,,,,,,,,3254,2170,549,482,495,420,792,546,411,593,418,472,333,504,451,597,879,488,2621,2342,1601,397,419,477,393,403,463,188,309,615,335,613,55,194,580,379,77,1567,1196,932,363,564,301,352,588,3254,2170,790,1516,883,1180,2621,2342,1601,527,1060,898,392,1567
ACSSF,2010m1,co,000,0055,0000066,,,,,,,,,,,,,,,,,,,,2815,2492,495,253,218,279,430,440,348,448,488,211,301,315,324,452,2300,1656,3115,,,,,,,,,,,,,,,,,,,,1734,739,232,395,118,615,1401,2815,2492,572,1185,656,2461,3115,2184,1187,224,621,710,581,1625
ACSSF,2010m1,co,000,0055,0000067,,,,,,,,,,,,,,,,,,,,4115,2236,753,469,483,625,582,600,502,491,446,519,507,597,558,472,1275,527,3306,2141,1362,369,351,237,126,296,330,319,159,60,415,331,103,157,202,542,219,1455,815,635,166,403,360,174,547,4115,2236,963,1633,947,1396,3306,2141,1362,578,637,369,606,1455
ACSSF,2010m1,co,000,0055,0000068,,,,,,,,,,,,,,,,,,,,5219,2376,370,363,314,429,412,331,564,389,519,272,339,429,367,363,1295,503,4210,4631,2405,340,514,459,529,438,396,491,443,605,705,436,378,333,502,1033,290,2651,979,800,241,429,313,383,506,5219,2376,523,1334,832,1381,4210,4631,2405,651,1455,847,1129,2651
ACSSF,2010m1,co,000,0055,0000069,,,,,,,,,,,,,,,,,,,,4061,2290,443,595,326,506,690,550,520,654,294,590,640,492,474,647,1008,278,3160,5394,2546,413,693,627,567,494,504,905,463,488,318,605,650,300,396,857,141,3782,1269,637,103,484,316,128,856,4061,2290,765,1551,1060,1077,3160,5394,2546,813,1789,1067,865,3782
ACSSF,2010m1,co,000,0055,0000070,,,,,,,,,,,,,,,,,,,,4705,2291,586,477,336,656,329,388,290,529,709,619,437,466,509,412,995,354,3700,5474,2784,717,691,594,834,570,696,606,795,651,699,344,387,595,471,851,119,3652,1797,896,225,525,411,180,1090,4705,2291,813,1652,972,1057,3700,5474,2784,972,1932,968,869,3652
ACSSF,2010m1,co,000,0055,0000071,2720,2012,323,454,474,317,337,105,68,355,310,337,373,282,301,316,366,659,1274,5927,3343,734,497,782,581,664,608,576,506,491,759,712,692,525,485,1030,469,3975,4697,2421,393,427,606,304,386,238,449,278,225,638,451,293,454,266,503,365,2698,2720,2012,580,1247,914,804,1274,5927,3343,934,1978,1172,1175,3975,4697,2421,653,1538,937,623,2698
ACSSF,2010m1,co,000,0055,0000072,,,,,,,,,,,,,,,,,,,,4368,1943,201,208,537,332,466,347,243,431,319,351,188,458,200,407,522,466,3501,5239,2752,447,501,643,585,482,503,398,321,469,384,393,513,77,649,777,279,3127,1988,1407,120,753,794,399,940,4368,1943,275,1525,598,722,3501,5239,2752,692,1539,962,777,3127
ACSSF,2010m1,co,000,0055,0000073,,,,,,,,,,,,,,,,,,,,3857,1937,227,273,118,242,303,279,345,148,343,377,169,278,337,214,713,444,2922,5721,3050,469,474,567,550,721,657,628,666,782,411,239,306,440,498,885,147,3763,1549,1271,584,591,149,381,885,3857,1937,356,1196,559,751,2922,5721,3050,700,2288,801,885,3763
ACSSF,2010m1,co,000,0055,0000074,,,,,,,,,,,,,,,,,,,,4943,2338,488,591,440,703,614,500,538,466,646,452,426,638,601,546,931,689,4090,,,,,,,,,,,,,,,,,,,,953,674,180,540,161,68,605,4943,2338,742,1550,957,1281,4090,2422,1658,399,1151,259,563,1373
ACSSF,2010m1,co,000,0055,0000075,,,,,,,,,,,,,,,,,,,,4121,1742,529,517,291,246,269,286,255,86,140,386,268,94,279,378,1023,780,3469,5886,3211,727,638,620,481,567,772,639,441,501,670,338,439,555,586,749,212,3476,1681,1030,214,703,166,437,1003,4121,1742,686,810,413,1398,3469,5886,3211,946,1924,977,806,3476
ACSSF,2010m1,co,000,0055,0000076,,,,,,,,,,,,,,,,,,,,4141,1841,233,279,103,142,174,173,184,134,84,162,351,114,149,259,1242,1090,3283,4790,2101,602,344,413,339,448,458,310,315,192,382,250,376,242,716,661,179,3640,665,371,165,304,279,94,515,4141,1841,233,513,430,1656,3283,4790,2101,710,1258,982,693,3640
ACSSF,2010m1,co,000,0055,0000077,,,,,,,,,,,,,,,,,,,,4991,2559,732,386,477,421,332,367,226,179,169,127,287,218,121,221,1731,1775,3987,,,,,,,,,,,,,,,,,,,,1269,484,187,274,223,242,1124,4991,2559,912,1031,403,2294,3987,3226,1108,270,617,346,650,2397
ACSSF,2010m1,co,000,0055,0000078,,,,,,,,,,,,,,,,,,,,5079,2602,446,446,566,306,460,247,327,377,394,258,356,255,354,502,1659,761,4329,,,,,,,,,,,,,,,,,,,,1237,1079,161,768,359,552,532,5079,2602,588,1323,759,1843,4329,3639,1319,427,1067,552,474,3050
ACSSF,2010m1,co,000,0055,0000079,,,,,,,,,,,,,,,,,,,,3752,1433,339,304,279,222,299,187,124,168,143,188,333,200,319,345,989,340,2935,6402,3245,757,739,661,560,728,538,710,606,795,605,674,732,802,539,721,331,4129,,,,,,,,3752,1433,522,638,606,1042,2935,6402,3245,1020,2104,1255,819,4129
ACSSF,2010m1,co,000,0055,0000080,,,,,,,,,,,,,,,,,,,,3855,2421,631,416,616,482,548,516,683,533,616,423,392,453,398,654,1310,395,2976,3676,1563,544,140,220,309,330,470,275,88,273,136,224,309,294,162,573,279,2498,816,463,291,222,139,270,530,3855,2421,826,1821,962,1302,2976,3676,1563,562,943,523,573,2498
ACSSF,2010m1,co,000,0055,0000081,,,,,,,,,,,,,,,,,,,,4649,2478,341,460,115,307,172,432,482,709,372,183,331,392,542,354,1224,863,3589,3355,1605,227,638,410,334,287,431,478,302,120,302,313,159,228,259,440,222,2446,926,657,303,196,160,435,592,4649,2478,596,1302,801,1452,3589,3355,1605,651,974,530,591,2446
ACSSF,2010m1,co,000,0055,0000082,,,,,,,,,,,,,,,,,,,,5299,2316,612,624,309,456,376,342,252,413,413,356,481,437,563,570,1049,588,4294,3600,1907,425,236,375,426,322,325,400,342,202,377,424,333,327,276,716,167,2374,1277,1009,135,464,351,514,476,5299,2316,1022,1125,1202,1193,4294,3600,1907,490,1278,647,736,2374
ACSSF,2010m1,co,000,0055,0000083,,,,,,,,,,,,,,,,,,,,4405,2269,398,328,263,521,512,299,235,567,518,463,449,319,351,256,1183,684,3383,,,,,,,,,,,,,,,,,,,,722,550,66,371,189,181,398,4405,2269,551,1464,705,1376,3383,2478,1303,436,834,594,403,1681
ACSSF,2010m1,co,000,0055,0000084,,,,,,,,,,,,,,,,,,,,5052,2799,582,652,661,529,814,510,509,730,587,483,652,507,640,657,1235,666,4048,,,,,,,,,,,,,,,,,,,,1740,1124,198,786,286,223,871,5052,2799,861,1981,1277,1442,4048,2111,1203,103,568,445,768,1380
ACSSF,2010m1,co,000,0055,0000085,,,,,,,,,,,,,,,,,,,,4256,2755,1086,798,760,988,765,773,593,910,1075,661,709,836,837,783,1205,934,3579,2133,1153,417,271,336,214,236,209,201,147,385,298,169,128,344,228,501,133,1408,1315,1134,425,640,380,247,623,4256,2755,1381,1745,1254,1537,3579,2133,1153,441,514,423,519,1408
ACSSF,2010m1,co,000,0055,0000086,2114,1505,190,224,413,397,98,304,120,248,169,356,206,260,93,299,533,279,1297,6174,4033,882,724,896,607,986,862,944,680,571,401,662,573,459,711,1877,1046,4161,3313,1851,323,279,394,281,465,218,463,243,366,327,278,333,166,401,645,131,2179,2114,1505,286,1127,502,533,1297,6174,4033,1186,2285,1142,1977,4161,3313,1851,323,1307,562,646,2179
ACSSF,2010m1,co,000,0055,0000087,,,,,,,,,,,,,,,,,,,,5372,2630,466,394,228,398,532,196,664,446,579,485,500,531,608,424,1127,476,3537,,,,,,,,,,,,,,,,,,,,1867,1490,428,825,61,571,833,5372,2630,608,1447,938,1139,3537,2594,1358,497,834,361,767,1826
ACSSF,2010m1,co,000,0055,0000088,,,,,,,,,,,,,,,,,,,,4223,2382,311,366,373,231,254,263,325,246,338,318,340,330,420,414,1589,519,3209,,,,,,,,,,,,,,,,,,,,927,597,72,417,129,381,687,4223,2382,469,880,809,1654,3209,3547,1405,443,1142,440,342,2517
ACSSF,2010m1,co,000,0055,0000089,2780,2126,157,379,323,150,447,288,429,141,435,578,328,88,194,244,909,279,1144,7197,3795,533,718,433,1040,606,750,729,753,415,545,929,619,673,750,1303,706,4872,3565,2280,190,500,501,480,391,351,579,363,422,536,146,183,359,315,645,105,1986,2780,2126,408,1464,506,909,1144,7197,3795,922,2182,1750,1520,4872,3565,2280,538,1782,504,658,1986
ACSSF,2010m1,co,000,0055,0000090,,,,,,,,,,,,,,,,,,,,3471,1686,436,300,502,316,186,436,330,272,255,345,338,315,304,161,974,227,2895,4520,2368,375,283,278,741,494,798,486,332,419,239,296,512,484,519,741,135,2889,1919,1011,283,775,440,440,1255,3471,1686,550,1076,619,961,2895,4520,2368,480,1649,924,749,2889
ACSSF,2010m1,co,000,0055,0000091,,,,,,,,,,,,,,,,,,,,3546,2040,531,600,283,512,459,583,344,334,293,387,369,439,394,493,911,401,2719,,,,,,,,,,,,,,,,,,,,,,,,,,,3546,2040,938,1135,719,1008,2719,1371,991,76,671,512,507,1320
ACSSF,2010m1,co,000,0055,0000092,,,,,,,,,,,,,,,,,,,,5344,3557,675,498,672,549,491,573,836,455,471,602,619,472,509,691,2062,697,3105,,,,,,,,,,,,,,,,,,,,1360,1062,172,511,339,646,602,5344,3557,783,2101,1133,2065,3105,1888,1221,298,923,172,360,1121
ACSSF,2010m1,co,000,0055,0000093,2670,2005,248,496,431,216,279,187,517,214,230,189,325,471,222,110,515,247,1146,5579,2888,563,469,724,631,533,376,445,497,334,343,215,525,369,222,923,506,4047,5773,3099,561,553,895,670,923,779,731,625,868,711,478,568,485,621,1026,147,4023,2670,2005,610,971,835,566,1146,5579,2888,766,1996,712,1102,4047,5773,3099,745,2203,1041,1008,4023
ACSSF,2010m1,co,000,0055,0000094,,,,,,,,,,,,,,,,,,,,4339,2737,841,619,470,500,891,772,400,530,639,481,490,573,559,755,2395,1733,3740,2666,1552,475,430,496,258,417,343,247,79,298,415,301,614,208,439,579,215,1675,2036,1119,435,764,155,636,1532,4339,2737,1040,1545,1174,2611,3740,2666,1552,679,863,738,579,1675
ACSSF,2010m1,co,000,0055,0000095,,,,,,,,,,,,,,,,,,,,3485,1729,407,316,300,671,284,280,277,372,587,635,249,470,372,428,856,350,2728,3253,1771,366,473,151,575,232,196,502,469,548,374,366,248,315,401,466,119,2069,1462,705,211,410,391,279,851,3485,1729,501,1451,893,938,2728,3253,1771,609,1279,713,492,2069
ACSSF,2010m1,co,000,0055,0000096,2969,2065,360,180,555,331,357,105,208,346,400,304,385,282,319,316,658,659,1463,5515,3087,657,683,846,484,822,738,649,488,822,878,731,832,592,725,1425,730,4365,4669,2510,481,518,626,290,472,386,584,354,440,538,417,312,567,598,639,392,3323,2969,2065,455,1290,904,894,1463,5515,3087,881,2158,1122,1517,4365,4669,2510,732,1680,984,665,3323
ACSSF,2010m1,co,000,0055,0000097,2255,1842,332,352,405,94,389,158,486,131,482,477,227,279,124,238,546,156,1091,5786,3372,608,764,617,857,619,417,817,622,443,365,739,691,722,721,1544,672,4508,3989,2246,443,369,523,688,566,538,593,163,501,527,357,336,292,562,687,142,2504,2255,1842,491,1483,428,597,1091,5786,3372,961,1945,1216,1678,4508,3989,2246,565,1794,884,695,2504
ACSSF,2010m1,co,000,0055,0000098,2890,1919,311,224,693,240,311,477,317,489,170,182,194,363,195,130,517,357,1864,1134,3508,1051,732,687,572,612,529,471,471,420,544,672,341,459,717,2699,2143,3092,1133,2440,1085,1030,1078,766,1114,965,869,830,957,867,825,927,1044,1063,1308,579,2311,2890,1919,391,1401,549,639,1864,1134,3508,1107,988,842,3357,3092,1133,2440,1392,1371,1471,1415,2311
ACSSF,2010m1,co,000,0055,0000099,1718,1201,397,236,360,407,307,339,279,198,237,253,355,279,261,222,316,279,1067,1265,1996,1226,893,963,1137,833,830,681,1010,1189,835,946,843,929,783,1326,1248,2098,652,659,412,305,363,225,253,304,211,303,385,304,394,197,340,253,642,166,644,1718,1201,413,746,521,316,1067,1265,1996,1516,1236,1360,1731,2098,652,659,473,380,271,646,644
ACSSF,2010m1,co,000,0055,0000100,,,,,,,,,,,,,,,,,,,,5077,2910,434,434,549,659,265,630,274,497,365,355,717,439,583,624,1066,709,3120,,,,,,,,,,,,,,,,,,,,2336,1840,322,1141,392,769,840,5077,2910,594,1413,1480,1278,3120,3093,1956,517,1438,413,600,1615
ACSSF,2010m1,co,000,0055,0000101,,,,,,,,,,,,,,,,,,,,4643,3543,839,365,605,554,834,551,510,520,520,514,496,586,747,674,2209,1056,4119,,,,,,,,,,,,,,,,,,,,1151,806,118,705,392,279,640,4643,3543,888,1801,1026,2373,4119,2878,1953,362,915,836,1066,1717
ACSSF,2010m1,co,000,0055,0000102,,,,,,,,,,,,,,,,,,,,1755,2542,865,729,640,833,643,525,474,882,549,484,638,310,554,556,2104,529,1995,505,1270,646,375,217,376,294,488,308,365,279,246,439,279,187,408,481,93,1236,1370,1062,586,602,190,533,615,1755,2542,1040,1073,884,2026,1995,505,1270,682,435,554,501,1236
ACSSF,2010m1,co,000,0055,0000103,,,,,,,,,,,,,,,,,,,,3871,1875,487,761,513,350,253,490,704,263,311,401,455,731,388,464,1144,525,3017,3726,2132,682,629,481,462,576,694,852,506,598,518,352,353,394,641,532,120,2900,1084,870,157,499,356,418,464,3871,1875,900,1211,1042,1241,3017,3726,2132,921,1486,779,559,2900
ACSSF,2010m1,co,000,0055,0000104,,,,,,,,,,,,,,,,,,,,3942,1799,417,169,220,201,339,255,381,191,353,321,274,139,121,279,753,225,3052,4101,1996,408,364,150,706,205,628,282,298,317,221,187,419,451,112,735,135,2709,1446,769,219,536,257,462,924,3942,1799,449,1082,328,823,3052,4101,1996,541,1240,649,744,2709
ACSSF,2010m1,co,000,0055,0000105,1804,1274,229,341,137,290,181,141,325,250,77,242,328,193,245,288,686,237,1099,1959,2271,1086,747,986,875,1126,931,948,1161,947,839,952,956,874,1016,2230,1235,2903,551,1518,725,661,603,630,493,695,754,441,445,488,628,395,480,422,1112,304,1484,1804,1274,402,527,550,802,1099,1959,2271,1479,1444,1157,2241,2903,551,1518,912,833,713,1232,1484
ACSSF,2010m1,co,000,0055,0000106,,,,,,,,,,,,,,,,,,,,3599,2016,496,160,269,696,508,310,506,513,352,348,385,535,496,461,895,631,2814,,,,,,,,,,,,,,,,,,,,721,516,153,320,178,279,426,3599,2016,520,1259,818,1067,2814,2618,1492,507,857,477,491,1463
ACSSF,2010m1,co,000,0055,0000107,,,,,,,,,,,,,,,,,,,,4351,2523,757,467,536,636,442,529,635,979,447,708,356,572,576,512,1026,492,3393,2577,1709,481,346,529,450,421,495,214,327,622,335,609,261,226,513,623,184,2051,1033,677,279,395,296,352,608,4351,2523,956,1932,1000,1192,3393,2577,1709,594,1152,861,628,2051
ACSSF,2010m1,co,000,0055,0000108,,,,,,,,,,,,,,,,,,,,4389,2623,1029,583,760,635,445,767,805,490,654,385,566,510,313,566,1146,416,3211,3108,1867,394,195,131,504,587,297,270,450,282,294,210,150,206,520,941,156,1697,,,,,,,,4389,2623,1111,1900,955,1211,3211,3108,1867,464,1414,531,955,1697
ACSSF,2010m1,co,000,0055,0000109,,,,,,,,,,,,,,,,,,,,2452,1646,346,542,382,530,375,370,376,163,284,328,354,332,277,337,1134,510,2342,2199,1702,782,492,643,612,457,485,631,464,244,798,451,559,350,571,936,325,1961,1830,1103,107,703,703,365,1024,2452,1646,638,733,599,1176,2342,2199,1702,940,1089,834,919,1961
ACSSF,2010m1,co,000,0055,0000110,,,,,,,,,,,,,,,,,,,,5259,2737,663,658,447,546,776,651,602,641,501,632,905,640,570,661,1262,587,4321,6537,3372,530,789,669,725,630,546,921,543,720,916,553,671,495,540,1132,190,4220,1281,786,104,488,369,402,820,5259,2737,918,1709,1333,1437,4321,6537,3372,1007,2114,1067,1180,4220
ACSSF,2010m1,co,000,0055,0000111,,,,,,,,,,,,,,,,,,,,2979,1272,172,309,244,406,301,96,428,343,433,279,291,227,242,279,525,216,2478,5405,2611,498,466,364,410,433,533,405,477,482,321,263,197,430,359,985,284,3537,1119,664,312,378,118,114,620,2979,1272,355,776,398,605,2478,5405,2611,634,1585,709,916,3537
