ACSSF,2010m1,co,000,0026,0000001,13504,5438,2952,1503,2603,2968,2537,1415,1422,1174,748,2539,2200,1002,4277,3895,1892,3775,2934,2508,1501,2411,2035,941,2037,1930,505,10735,1617,1166,276,1122,760,566,488,390,331,214,981,872,360,10940,10762,7580,1975,6997,7154,2531,6579,3020,1689,2484,2711,1963,1741,3967,2938,539,2857,2150,919,1844,1540,1191,1033,674,525,480,2393,1635,314,1612,1141,651,892,1275,562,1135,616,617,112,4592,3862,847,3611,1816,1337,1270,1234,814,812,1401,1304,744,13504,5438,2952,2968,2537,1415,1422,1174,748,2539,2200,1002,4277,3895,2934,2508,1501,2411,2035,941,2037,1930,505,10735,10762,7580,7154,2531,6579,3020,1689,2484,2711,1963,1741,4645,3408,2554,1393,2112,1852,1183,1392,1321,1199,508,4592,3862,1816,1337,1270,1234,814,812,1401,1304,744
ACSSF,2010m1,co,000,0026,0000002,12530,4845,2679,900,2339,2564,2181,1299,1176,987,632,2457,2180,763,4378,3794,1649,3765,2427,1983,1393,2221,1814,954,1940,1810,518,10433,1359,1037,69,1029,718,566,449,390,331,214,854,745,300,10750,10219,7183,1920,6611,6899,2369,6283,3316,1579,2522,2679,1857,1765,3819,2826,542,2740,2085,822,1833,1525,1142,1024,687,541,480,2142,1491,289,1451,835,515,625,1257,547,1135,548,521,112,4292,3489,775,3203,1602,1120,1177,1041,732,669,1303,1171,674,12530,4845,2679,2564,2181,1299,1176,987,632,2457,2180,763,4378,3794,2427,1983,1393,2221,1814,954,1940,1810,518,10433,10219,7183,6899,2369,6283,3316,1579,2522,2679,1857,1765,4404,3366,2327,1200,1963,1835,1157,1386,1217,1068,456,4292,3489,1602,1120,1177,1041,732,669,1303,1171,674
ACSSF,2010m1,co,000,0026,0000003,5495,2286,1490,1217,1308,1020,811,561,804,775,330,1361,999,629,2718,1441,727,1071,1678,1413,765,1169,1144,224,945,951,113,4417,803,462,263,388,195,279,195,279,279,279,562,532,189,4293,4388,2140,579,2145,2626,906,2263,1316,1041,802,1224,608,1056,1145,631,135,619,523,481,152,407,399,104,60,60,279,848,456,107,459,683,376,575,139,139,279,363,363,279,1789,1414,292,1389,900,661,668,603,466,372,674,557,309,5495,2286,1490,1020,811,561,804,775,330,1361,999,629,2718,1441,1678,1413,765,1169,1144,224,945,951,113,4417,4388,2140,2626,906,2263,1316,1041,802,1224,608,1056,1536,782,870,609,626,432,418,104,663,639,189,1789,1414,900,661,668,603,466,372,674,557,309
ACSSF,2010m1,co,000,0026,0000004,13248,5492,2881,1503,2519,2982,2523,1427,1306,1132,624,2545,2211,986,4261,3790,1891,3619,2950,2511,1541,2419,2055,934,1905,1805,505,9922,1598,1164,276,1119,760,566,488,390,331,214,983,874,360,10078,10173,7034,1945,6478,6730,2377,6161,3184,1704,2582,2763,1963,1771,3633,2850,285,2804,1945,802,1761,1493,1140,1010,686,531,480,2055,1533,278,1538,894,649,581,666,562,272,616,617,112,4540,3857,810,3627,1797,1332,1257,1235,815,810,1360,1255,714,13248,5492,2881,2982,2523,1427,1306,1132,624,2545,2211,986,4261,3790,2950,2511,1541,2419,2055,934,1905,1805,505,9922,10173,7034,6730,2377,6161,3184,1704,2582,2763,1963,1771,4459,3347,2285,1273,1923,1566,1172,1032,1327,1203,508,4540,3857,1797,1332,1257,1235,815,810,1360,1255,714
ACSSF,2010m1,co,000,0026,0000005,12687,5359,2840,1502,2456,2869,2444,1415,1306,1132,624,2484,2174,970,4109,3733,1856,3555,2618,2252,1541,2432,2046,925,1915,1811,505,9835,1484,1164,276,1119,608,389,488,390,331,214,984,874,360,9937,9857,6677,2006,6136,6709,2328,6114,3026,1588,2484,2700,1910,1544,3616,2840,285,2787,1926,802,1747,1467,1105,998,618,531,422,2008,1470,278,1479,894,649,581,664,559,272,616,617,112,4542,3828,810,3614,1761,1329,1187,1239,815,795,1371,1261,714,12687,5359,2840,2869,2444,1415,1306,1132,624,2484,2174,970,4109,3733,2618,2252,1541,2432,2046,925,1915,1811,505,9835,9857,6677,6709,2328,6114,3026,1588,2484,2700,1910,1544,4416,3325,2197,1221,1917,1538,1151,1019,1277,1202,460,4542,3828,1761,1329,1187,1239,815,795,1371,1261,714
ACSSF,2010m1,co,000,0026,0000006,11199,3308,2531,1497,1926,1619,1498,583,1039,763,608,1677,1516,667,4131,3393,1544,2831,2380,1991,1240,1625,1356,694,1447,1372,382,8482,1285,1051,131,1026,569,369,443,187,279,187,688,561,300,8461,8484,6102,1574,5582,5458,1458,4995,2074,1154,1678,2392,1746,1347,2848,2216,217,2192,1246,652,1136,1358,1055,902,545,451,405,1649,1017,163,1026,845,582,602,478,407,234,454,423,96,4026,3391,762,3159,1103,858,694,824,573,572,933,863,634,11199,3308,2531,1619,1498,583,1039,763,608,1677,1516,667,4131,3393,2380,1991,1240,1625,1356,694,1447,1372,382,8482,8484,6102,5458,1458,4995,2074,1154,1678,2392,1746,1347,3623,2607,1601,994,1362,1405,1077,919,927,798,390,4026,3391,1103,858,694,824,573,572,933,863,634
ACSSF,2010m1,co,000,0026,0000007,9106,4055,2318,919,1919,2174,1689,1314,895,868,289,1701,1511,746,4081,2892,1110,2701,1809,1376,1022,1732,1520,624,1653,1607,289,6806,1012,458,238,394,237,117,213,344,331,96,725,701,189,6676,6121,4038,969,3998,4238,1660,3785,2244,1168,1834,1493,1182,889,2001,1640,183,1613,1581,533,1447,587,376,452,358,346,115,1054,816,216,809,271,245,122,365,346,120,495,492,58,2705,1334,299,1287,1405,1017,968,848,618,544,954,855,373,9106,4055,2318,2174,1689,1314,895,868,289,1701,1511,746,4081,2892,1809,1376,1022,1732,1520,624,1653,1607,289,6806,6121,4038,4238,1660,3785,2244,1168,1834,1493,1182,889,2445,1954,1563,594,1453,771,639,493,954,960,241,2705,1334,1405,1017,968,848,618,544,954,855,373
ACSSF,2010m1,co,000,0026,0000008,,,,,,,,,,,,,,,,,,,,,,,,,,,,,,,,,,,,,,,,,,,,,,,,,,,,,,,,,,,,,,,,,,,,,,,,,,,,,,,,,,,,,,,,,,,,,,,,,,,,,,,,,,,,,,,,,,,,,,,,,,,,,,,,,,,,,,,,,,,,,,,,,,,,,,,
ACSSF,2010m1,co,000,0026,0000009,,,,,,,,,,,,,,,,,,,,,,,,,,,,,,,,,,,,,,,,,,,,,,,,,,,,,,,,,,,,,,,,,,,,,,,,,,,,,,,,,,,,,,,,,,,,,,,,,,,,,,,,,,,,,,,,,,,,,,,,,,,,,,,,,,,,,,,,,,,,,,,,,,,,,,,
ACSSF,2010m1,co,000,0026,0000010,,,,,,,,,,,,,,,,,,,,,,,,,,,,,,,,,,,,,,,,,,,,,,,,,,,,,,,,,,,,,,,,,,,,,,,,,,,,,,,,,,,,,,,,,,,,,,,,,,,,,,,,,,,,,,,,,,,,,,,,,,,,,,,,,,,,,,,,,,,,,,,,,,,,,,,
ACSSF,2010m1,co,000,0026,0000011,,,,,,,,,,,,,,,,,,,,,,,,,,,,,,,,,,,,,,,,,,,,,,,,,,,,,,,,,,,,,,,,,,,,,,,,,,,,,,,,,,,,,,,,,,,,,,,2491,759,249,298,243,192,351,211,290,618,451,328,1049,982,245,15,247,215,198,90,414,416,36,2281,2612,2182,1601,622,1440,866,513,721,537,386,361,1700,768,771,485,616,1207,366,1131,112,112,279,525,157,301,172,203,208,159,88,321,307,146
ACSSF,2010m1,co,000,0026,0000012,3974,1122,479,50,476,432,351,319,351,211,290,855,735,357,1391,1136,311,1071,796,808,247,341,261,218,424,427,36,3433,457,92,279,92,389,389,279,279,279,279,118,118,279,3663,3658,3383,407,3438,2582,960,2662,1487,1125,1173,993,404,937,1225,746,466,618,652,471,457,473,424,203,264,110,248,1396,589,130,529,569,89,560,1120,29,1121,279,279,279,871,616,121,602,388,177,323,269,159,187,387,406,146,3974,1122,479,432,351,319,351,211,290,855,735,357,1391,1136,796,808,247,341,261,218,424,427,36,3433,3658,3383,2582,960,2662,1487,1125,1173,993,404,937,1836,912,938,729,635,1214,425,1131,297,164,248,871,616,388,177,323,269,159,187,387,406,146
ACSSF,2010m1,co,000,0026,0000013,4677,1966,1868,689,1593,260,238,106,410,400,91,644,633,266,1204,1366,283,1309,1131,994,450,1044,994,285,709,692,169,4365,453,238,238,279,279,279,279,108,108,279,353,353,279,4274,4124,3120,841,3059,2858,1165,2762,1488,817,1211,1077,1036,764,1934,1543,279,1543,431,142,395,563,374,308,144,87,115,498,392,108,375,248,89,235,232,279,232,116,116,279,756,452,182,411,523,409,345,194,142,132,406,383,131,4677,1966,1868,260,238,106,410,400,91,644,633,266,1204,1366,1131,994,450,1044,994,285,709,692,169,4365,4124,3120,2858,1165,2762,1488,817,1211,1077,1036,764,2083,1604,504,167,451,594,391,364,438,423,115,756,452,523,409,345,194,142,132,406,383,131
ACSSF,2010m1,co,000,0026,0000014,6195,2309,1327,440,1060,929,784,490,687,612,322,1045,974,321,1993,1841,721,1731,1591,1064,986,1158,1055,387,1098,1089,249,4167,838,335,69,328,550,368,431,296,245,184,521,438,300,4171,3845,3284,991,2971,2375,946,2179,979,583,953,708,695,334,2299,1122,279,1122,1220,247,1180,1228,920,892,429,193,405,934,546,186,542,667,335,513,200,200,279,156,156,279,2465,1607,455,1486,1359,1054,876,646,573,225,588,413,346,6195,2309,1327,929,784,490,687,612,322,1045,974,321,1993,1841,1591,1064,986,1158,1055,387,1098,1089,249,4167,3845,3284,2375,946,2179,979,583,953,708,695,334,2644,1306,1402,539,1294,1272,970,911,589,493,381,2465,1607,1359,1054,876,646,573,225,588,413,346
ACSSF,2010m1,co,000,0026,0000015,,,,,,,,,,,,,,,,,,,,,,,,,,,,,,,,,,,,,,,,,,,,,,,,,,,,,,,,,,,,,,,,,,,,,,,,,,,,,,,,,,,,,,,,,,,,,,,2513,1550,1166,744,562,341,163,135,92,546,478,209,1120,1302,589,586,69,614,583,173,490,459,92,1930,2035,1399,1446,724,1510,595,371,512,525,423,432,1153,1016,164,164,279,339,149,256,255,255,279,862,580,380,194,269,188,169,90,376,253,281
ACSSF,2010m1,co,000,0026,0000016,5496,2445,1876,475,1705,1311,1237,308,349,291,166,1033,954,492,1523,1453,843,1139,1223,1034,734,827,709,353,789,765,196,4608,443,106,106,279,69,279,69,279,279,279,388,388,279,4532,4726,3625,989,3456,3222,984,3080,1579,839,1289,1422,890,864,847,462,217,303,300,77,291,368,362,72,203,203,279,608,502,108,499,213,141,114,199,186,76,254,233,96,2261,1952,493,1776,596,500,301,467,74,461,715,597,404,5496,2445,1876,1311,1237,308,349,291,166,1033,954,492,1523,1453,1223,1034,734,827,709,353,789,765,196,4608,4726,3625,3222,984,3080,1579,839,1289,1422,890,864,1139,693,364,183,308,417,403,107,546,539,96,2261,1952,596,500,301,467,74,461,715,597,404
ACSSF,2010m1,co,000,0026,0000017,,,,,,,,,,,,,,,,,,,,,,,,,,,,,,,,,,,,,,,,,,,,,,,,,,,,,,,,,,,,,,,,,,,,,,,,,,,,,,,,,,,,,,,,,,,,,,,,,,,,,,,,,,,,,,,,,,,,,,,,,,,,,,,,,,,,,,,,,,,,,,,,,,,,,,,
ACSSF,2010m1,co,000,0026,0000018,4434,2322,1628,1387,796,891,763,464,506,329,400,1142,1015,389,1668,1448,894,936,1070,1051,410,597,471,336,690,669,188,3741,962,866,279,866,234,112,195,203,192,69,200,68,189,3436,2957,1262,279,1262,1630,531,1494,936,438,793,563,365,384,1751,1689,114,1682,372,344,143,261,261,279,403,403,279,939,373,279,373,536,456,258,373,303,211,81,81,279,1615,1423,124,1418,536,243,480,321,119,297,534,378,344,4434,2322,1628,891,763,464,506,329,400,1142,1015,389,1668,1448,1070,1051,410,597,471,336,690,669,188,3741,2957,1262,1630,531,1494,936,438,793,563,365,384,2257,1981,749,613,405,549,445,219,429,387,189,1615,1423,536,243,480,321,119,297,534,378,344
ACSSF,2010m1,co,000,0026,0000019,,,,,,,,,,,,,,,,,,,,,,,,,,,,,,,,,,,,,,,,,,,,,,,,,,,,,,,,,,,,,,,,,,,,,,,,,,,,,,,,,,,,,,,,,,,,,,,3622,1793,647,1575,1199,981,475,458,140,710,611,300,1508,1496,768,660,268,560,524,376,671,670,101,2599,2245,1757,1672,846,1326,1073,358,855,588,448,367,1256,491,1008,328,963,308,293,96,267,261,58,698,403,221,129,172,225,121,194,471,425,168
ACSSF,2010m1,co,000,0026,0000020,,,,,,,,,,,,,,,,,,,,,,,,,,,,,,,,,,,,,,,,,,,,,,,,,,,,,,,,,,,,,,,,,,,,,,,,,,,,,,,,,,,,,,,,,,,,,,,,,,,,,,,,,,,,,,,,,,,,,,,,,,,,,,,,,,,,,,,,,,,,,,,,,,,,,,,
ACSSF,2010m1,co,000,0026,0000021,,,,,,,,,,,,,,,,,,,,,,,,,,,,,,,,,,,,,,,,,,,,,,,,,,,,,,,,,,,,,,,,,,,,,,,,,,,,,,,,,,,,,,,,,,,,,,,,,,,,,,,,,,,,,,,,,,,,,,,,,,,,,,,,,,,,,,,,,,,,,,,,,,,,,,,
ACSSF,2010m1,co,000,0026,0000022,,,,,,,,,,,,,,,,,,,,,,,,,,,,,,,,,,,,,,,,,,,,,,,,,,,,,,,,,,,,,,,,,,,,,,,,,,,,,,,,,,,,,,,,,,,,,,,,,,,,,,,,,,,,,,,,,,,,,,,,,,,,,,,,,,,,,,,,,,,,,,,,,,,,,,,
ACSSF,2010m1,co,000,0026,0000023,,,,,,,,,,,,,,,,,,,,,,,,,,,,,,,,,,,,,,,,,,,,,,,,,,,,,,,,,,,,,,,,,,,,,,,,,,,,,,,,,,,,,,,,,,,,,,,,,,,,,,,,,,,,,,,,,,,,,,,,,,,,,,,,,,,,,,,,,,,,,,,,,,,,,,,
ACSSF,2010m1,co,000,0026,0000024,,,,,,,,,,,,,,,,,,,,,,,,,,,,,,,,,,,,,,,,,,,,,,,,,,,,,,,,,,,,,,,,,,,,,,,,,,,,,,,,,,,,,,,,,,,,,,,,,,,,,,,,,,,,,,,,,,,,,,,,,,,,,,,,,,,,,,,,,,,,,,,,,,,,,,,
ACSSF,2010m1,co,000,0026,0000025,6008,1177,438,219,326,495,420,257,651,586,299,574,542,172,2655,1764,466,1649,1513,1079,786,876,769,323,908,870,264,4798,802,335,69,328,552,347,431,184,279,184,406,318,300,4696,4370,3463,1028,3096,2690,641,2662,913,464,826,814,680,480,2327,1193,279,1193,1138,260,1108,1249,915,866,429,193,405,1005,519,78,512,654,322,523,253,162,196,99,99,279,1951,1498,444,1365,780,637,494,536,512,60,445,344,299,6008,1177,438,495,420,257,651,586,299,574,542,172,2655,1764,1513,1079,786,876,769,323,908,870,264,4798,4370,3463,2690,641,2662,913,464,826,814,680,480,2840,1351,1394,526,1269,1295,938,896,469,359,381,1951,1498,780,637,494,536,512,60,445,344,299
ACSSF,2010m1,co,000,0026,0000026,,,,,,,,,,,,,,,,,,,,,,,,,,,,,,,,,,,,,,,,,,,,,,,,,,,,,,,,,,,,,,,,,,,,,,,,,,,,,,,,,,,,,,,,,,,,,,,,,,,,,,,,,,,,,,,,,,,,,,,,,,,,,,,,,,,,,,,,,,,,,,,,,,,,,,,
ACSSF,2010m1,co,000,0026,0000027,,,,,,,,,,,,,,,,,,,,,,,,,,,,,,,,,,,,,,,,,,,,,,,,,,,,,,,,,,,,,,,,,,,,,,,,,,,,,,,,,,,,,,,,,,,,,,,,,,,,,,,,,,,,,,,,,,,,,,,,,,,,,,,,,,,,,,,,,,,,,,,,,,,,,,,
ACSSF,2010m1,co,000,0026,0000028,,,,,,,,,,,,,,,,,,,,,,,,,,,,,,,,,,,,,,,,,,,,,,,,,,,,,,,,,,,,,,,,,,,,,,,,,,,,,,,,,,,,,,,,,,,,,,,4548,2160,1571,800,727,275,519,347,385,915,798,351,1613,1302,1097,1075,410,594,469,336,543,535,71,3504,2648,1045,1495,478,1359,868,427,706,515,293,384,2106,1943,632,567,258,376,302,219,316,316,279,1603,1414,524,243,468,305,119,280,465,304,328
ACSSF,2010m1,co,000,0026,0000029,5496,2445,1876,475,1705,1311,1237,308,349,291,166,1033,954,492,1523,1453,843,1139,1223,1034,734,827,709,353,789,765,196,4608,443,106,106,279,69,279,69,279,279,279,388,388,279,4532,4726,3625,989,3456,3222,984,3080,1579,839,1289,1422,890,864,847,462,217,303,300,77,291,368,362,72,203,203,279,608,502,108,499,213,141,114,199,186,76,254,233,96,2261,1952,493,1776,596,500,301,467,74,461,715,597,404,5496,2445,1876,1311,1237,308,349,291,166,1033,954,492,1523,1453,1223,1034,734,827,709,353,789,765,196,4608,4726,3625,3222,984,3080,1579,839,1289,1422,890,864,1139,693,364,183,308,417,403,107,546,539,96,2261,1952,596,500,301,467,74,461,715,597,404
ACSSF,2010m1,co,000,0026,0000030,,,,,,,,,,,,,,,,,,,,,,,,,,,,,,,,,,,,,,,,,,,,,,,,,,,,,,,,,,,,,,,,,,,,,,,,,,,,,,,,,,,,,,,,,,,,,,,,,,,,,,,,,,,,,,,,,,,,,,,,,,,,,,,,,,,,,,,,,,,,,,,,,,,,,,,
ACSSF,2010m1,co,000,0026,0000031,,,,,,,,,,,,,,,,,,,,,,,,,,,,,,,,,,,,,,,,,,,,,,,,,,,,,,,,,,,,,,,,,,,,,,,,,,,,,,,,,,,,,,,,,,,,,,,,,,,,,,,,,,,,,,,,,,,,,,,,,,,,,,,,,,,,,,,,,,,,,,,,,,,,,,,
ACSSF,2010m1,co,000,0026,0000032,,,,,,,,,,,,,,,,,,,,,,,,,,,,,,,,,,,,,,,,,,,,,,,,,,,,,,,,,,,,,,,,,,,,,,,,,,,,,,,,,,,,,,,,,,,,,,,,,,,,,,,,,,,,,,,,,,,,,,,,,,,,,,,,,,,,,,,,,,,,,,,,,,,,,,,
ACSSF,2010m1,co,000,0026,0000033,,,,,,,,,,,,,,,,,,,,,,,,,,,,,,,,,,,,,,,,,,,,,,,,,,,,,,,,,,,,,,,,,,,,,,,,,,,,,,,,,,,,,,,,,,,,,,,,,,,,,,,,,,,,,,,,,,,,,,,,,,,,,,,,,,,,,,,,,,,,,,,,,,,,,,,
ACSSF,2010m1,co,000,0026,0000034,,,,,,,,,,,,,,,,,,,,,,,,,,,,,,,,,,,,,,,,,,,,,,,,,,,,,,,,,,,,,,,,,,,,,,,,,,,,,,,,,,,,,,,,,,,,,,,,,,,,,,,,,,,,,,,,,,,,,,,,,,,,,,,,,,,,,,,,,,,,,,,,,,,,,,,
ACSSF,2010m1,co,000,0026,0000035,,,,,,,,,,,,,,,,,,,,,,,,,,,,,,,,,,,,,,,,,,,,,,,,,,,,,,,,,,,,,,,,,,,,,,,,,,,,,,,,,,,,,,,,,,,,,,,,,,,,,,,,,,,,,,,,,,,,,,,,,,,,,,,,,,,,,,,,,,,,,,,,,,,,,,,
ACSSF,2010m1,co,000,0026,0000036,,,,,,,,,,,,,,,,,,,,,,,,,,,,,,,,,,,,,,,,,,,,,,,,,,,,,,,,,,,,,,,,,,,,,,,,,,,,,,,,,,,,,,,,,,,,,,,,,,,,,,,,,,,,,,,,,,,,,,,,,,,,,,,,,,,,,,,,,,,,,,,,,,,,,,,
ACSSF,2010m1,co,000,0026,0000037,,,,,,,,,,,,,,,,,,,,,,,,,,,,,,,,,,,,,,,,,,,,,,,,,,,,,,,,,,,,,,,,,,,,,,,,,,,,,,,,,,,,,,,,,,,,,,,,,,,,,,,,,,,,,,,,,,,,,,,,,,,,,,,,,,,,,,,,,,,,,,,,,,,,,,,
ACSSF,2010m1,co,000,0026,0000038,,,,,,,,,,,,,,,,,,,,,,,,,,,,,,,,,,,,,,,,,,,,,,,,,,,,,,,,,,,,,,,,,,,,,,,,,,,,,,,,,,,,,,,,,,,,,,,,,,,,,,,,,,,,,,,,,,,,,,,,,,,,,,,,,,,,,,,,,,,,,,,,,,,,,,,
ACSSF,2010m1,co,000,0026,0000039,,,,,,,,,,,,,,,,,,,,,,,,,,,,,,,,,,,,,,,,,,,,,,,,,,,,,,,,,,,,,,,,,,,,,,,,,,,,,,,,,,,,,,,,,,,,,,,,,,,,,,,,,,,,,,,,,,,,,,,,,,,,,,,,,,,,,,,,,,,,,,,,,,,,,,,
ACSSF,2010m1,co,000,0026,0000040,,,,,,,,,,,,,,,,,,,,,,,,,,,,,,,,,,,,,,,,,,,,,,,,,,,,,,,,,,,,,,,,,,,,,,,,,,,,,,,,,,,,,,,,,,,,,,,4548,2160,1571,800,727,275,519,347,385,915,798,351,1613,1302,1097,1075,410,594,469,336,543,535,71,3504,2648,1045,1495,478,1359,868,427,706,515,293,384,2106,1943,632,567,258,376,302,219,316,316,279,1603,1414,524,243,468,305,119,280,465,304,328
ACSSF,2010m1,co,000,0026,0000041,6008,1177,438,219,326,495,420,257,651,586,299,574,542,172,2655,1764,466,1649,1513,1079,786,876,769,323,908,870,264,4798,802,335,69,328,552,347,431,184,279,184,406,318,300,4696,4370,3463,1028,3096,2690,641,2662,913,464,826,814,680,480,2327,1193,279,1193,1138,260,1108,1249,915,866,429,193,405,1005,519,78,512,654,322,523,253,162,196,99,99,279,1951,1498,444,1365,780,637,494,536,512,60,445,344,299,6008,1177,438,495,420,257,651,586,299,574,542,172,2655,1764,1513,1079,786,876,769,323,908,870,264,4798,4370,3463,2690,641,2662,913,464,826,814,680,480,2840,1351,1394,526,1269,1295,938,896,469,359,381,1951,1498,780,637,494,536,512,60,445,344,299
ACSSF,2010m1,co,000,0026,0000042,5496,2445,1876,475,1705,1311,1237,308,349,291,166,1033,954,492,1523,1453,843,1139,1223,1034,734,827,709,353,789,765,196,4608,443,106,106,279,69,279,69,279,279,279,388,388,279,4532,4726,3625,989,3456,3222,984,3080,1579,839,1289,1422,890,864,847,462,217,303,300,77,291,368,362,72,203,203,279,608,502,108,499,213,141,114,199,186,76,254,233,96,2261,1952,493,1776,596,500,301,467,74,461,715,597,404,5496,2445,1876,1311,1237,308,349,291,166,1033,954,492,1523,1453,1223,1034,734,827,709,353,789,765,196,4608,4726,3625,3222,984,3080,1579,839,1289,1422,890,864,1139,693,364,183,308,417,403,107,546,539,96,2261,1952,596,500,301,467,74,461,715,597,404
ACSSF,2010m1,co,000,0026,0000043,,,,,,,,,,,,,,,,,,,,,,,,,,,,,,,,,,,,,,,,,,,,,,,,,,,,,,,,,,,,,,,,,,,,,,,,,,,,,,,,,,,,,,,,,,,,,,,,,,,,,,,,,,,,,,,,,,,,,,,,,,,,,,,,,,,,,,,,,,,,,,,,,,,,,,,
ACSSF,2010m1,co,000,0026,0000044,,,,,,,,,,,,,,,,,,,,,,,,,,,,,,,,,,,,,,,,,,,,,,,,,,,,,,,,,,,,,,,,,,,,,,,,,,,,,,,,,,,,,,,,,,,,,,,,,,,,,,,,,,,,,,,,,,,,,,,,,,,,,,,,,,,,,,,,,,,,,,,,,,,,,,,
ACSSF,2010m1,co,000,0026,0000045,,,,,,,,,,,,,,,,,,,,,,,,,,,,,,,,,,,,,,,,,,,,,,,,,,,,,,,,,,,,,,,,,,,,,,,,,,,,,,,,,,,,,,,,,,,,,,,,,,,,,,,,,,,,,,,,,,,,,,,,,,,,,,,,,,,,,,,,,,,,,,,,,,,,,,,
ACSSF,2010m1,co,000,0026,0000046,,,,,,,,,,,,,,,,,,,,,,,,,,,,,,,,,,,,,,,,,,,,,,,,,,,,,,,,,,,,,,,,,,,,,,,,,,,,,,,,,,,,,,,,,,,,,,,,,,,,,,,,,,,,,,,,,,,,,,,,,,,,,,,,,,,,,,,,,,,,,,,,,,,,,,,
ACSSF,2010m1,co,000,0026,0000047,5750,2447,1877,475,1704,1360,1288,323,358,291,176,1089,998,492,1496,1506,844,1262,1222,1034,729,864,752,353,788,763,196,4869,571,106,106,279,136,117,69,245,245,279,388,388,279,4894,4983,3950,989,3775,3203,995,3048,1579,839,1289,1422,890,864,1015,462,217,303,633,77,628,368,362,72,203,203,279,579,505,129,523,263,206,114,199,186,76,254,233,96,2665,2192,493,2033,736,508,531,517,74,500,717,599,404,5750,2447,1877,1360,1288,323,358,291,176,1089,998,492,1496,1506,1222,1034,729,864,752,353,788,763,196,4869,4983,3950,3203,995,3048,1579,839,1289,1422,890,864,1253,698,698,262,636,480,470,107,546,539,96,2665,2192,736,508,531,517,74,500,717,599,404
ACSSF,2010m1,co,000,0026,0000048,5875,2875,1918,457,1794,1376,1184,618,541,444,203,963,855,263,2532,2107,901,1886,1316,1036,684,778,711,319,873,832,208,5077,446,243,238,56,279,279,279,108,108,279,341,341,279,4889,4680,3485,597,3359,2826,859,2644,1293,904,1102,1164,582,1045,1748,1675,116,1666,234,141,172,306,302,79,276,87,267,670,609,142,592,152,152,279,162,115,120,210,210,279,1001,532,172,494,608,401,449,321,188,229,524,451,281,5875,2875,1918,1376,1184,618,541,444,203,963,855,263,2532,2107,1316,1036,684,778,711,319,873,832,208,5077,4680,3485,2826,859,2644,1293,904,1102,1164,582,1045,2067,1883,309,207,172,357,330,137,523,434,267,1001,532,608,401,449,321,188,229,524,451,281
ACSSF,2010m1,co,000,0026,0000049,,,,,,,,,,,,,,,,,,,,,,,,,,,,,,,,,,,,,,,,,,,,,,,,,,,,,,,,,,,,,,,,,,,,,,,,,,,,,,,,,,,,,,,,,,,,,,,4447,941,532,331,272,192,352,212,290,783,631,385,1137,1185,297,186,254,286,244,140,377,381,36,3774,4001,2687,1883,474,1932,1112,704,939,910,589,613,1538,735,923,732,616,1142,139,1131,497,497,279,1069,830,323,161,244,268,207,187,462,476,156
ACSSF,2010m1,co,000,0026,0000050,,,,,,,,,,,,,,,,,,,,,,,,,,,,,,,,,,,,,,,,,,,,,,,,,,,,,,,,,,,,,,,,,,,,,,,,,,,,,,,,,,,,,,,,,,,,,,,5569,1623,719,291,169,228,343,67,335,1170,859,524,1832,1687,693,664,284,564,439,228,406,372,85,4635,4618,3247,2544,1363,2253,1059,927,784,1203,1015,573,1206,748,970,509,736,229,90,256,485,485,279,1829,1685,378,73,377,186,148,112,389,389,279
ACSSF,2010m1,co,000,0026,0000051,4704,2369,1628,1387,796,883,763,469,512,334,400,1104,986,389,1843,1403,910,940,1444,1401,410,602,470,336,722,705,188,4016,962,866,279,866,234,112,195,203,192,69,200,68,189,3709,3000,1479,279,1479,1636,531,1500,973,438,884,566,365,391,2061,1841,114,1837,372,344,143,451,451,279,403,403,279,953,388,279,388,545,467,258,373,303,211,81,81,279,1599,1420,124,1414,558,280,480,438,322,297,528,383,344,4704,2369,1628,883,763,469,512,334,400,1104,986,389,1843,1403,1444,1401,410,602,470,336,722,705,188,4016,3000,1479,1636,531,1500,973,438,884,566,365,391,2495,2110,754,623,405,620,533,219,429,387,189,1599,1420,558,280,480,438,322,297,528,383,344
ACSSF,2010m1,co,000,0026,0000052,4893,2352,1055,236,1078,1115,861,595,914,903,288,1135,1025,293,3427,1680,749,1408,1560,1010,1032,1503,1218,433,1442,1451,280,2697,499,43,279,43,400,279,400,279,279,279,299,288,93,2600,2542,1447,850,1166,1499,867,1081,641,511,545,477,400,300,856,463,279,463,513,440,267,462,145,436,200,200,279,803,582,158,565,416,282,237,308,308,279,440,440,279,1631,1035,222,1006,997,737,720,647,490,379,810,659,386,4893,2352,1055,1115,861,595,914,903,288,1135,1025,293,3427,1680,1560,1010,1032,1503,1218,433,1442,1451,280,2697,2542,1447,1499,867,1081,641,511,545,477,400,300,1170,735,747,510,525,519,326,436,596,592,93,1631,1035,997,737,720,647,490,379,810,659,386
ACSSF,2010m1,co,000,0026,0000053,7513,2341,1591,854,925,1122,588,878,491,443,239,928,872,415,3033,2006,398,1989,1673,1366,604,1310,1192,503,815,835,148,6384,710,335,69,328,381,347,182,211,279,211,387,318,282,6123,5715,3896,871,3668,3654,1366,3325,1580,716,1471,1252,1050,672,2665,1245,108,1236,1469,317,1446,1243,895,863,444,217,405,879,561,113,518,422,187,376,292,223,196,233,224,58,2223,1655,448,1525,970,829,602,550,521,203,489,424,242,7513,2341,1591,1122,588,878,491,443,239,928,872,415,3033,2006,1673,1366,604,1310,1192,503,815,835,148,6384,5715,3896,3654,1366,3325,1580,716,1471,1252,1050,672,3031,1395,1572,550,1501,1295,923,897,530,484,369,2223,1655,970,829,602,550,521,203,489,424,242
ACSSF,2010m1,co,000,0026,0000054,,,,,,,,,,,,,,,,,,,,,,,,,,,,,,,,,,,,,,,,,,,,,,,,,,,,,,,,,,,,,,,,,,,,,,,,,,,,,,,,,,,,,,,,,,,,,,,,,,,,,,,,,,,,,,,,,,,,,,,,,,,,,,,,,,,,,,,,,,,,,,,,,,,,,,,
ACSSF,2010m1,co,000,0026,0000055,,,,,,,,,,,,,,,,,,,,,,,,,,,,,,,,,,,,,,,,,,,,,,,,,,,,,,,,,,,,,,,,,,,,,,,,,,,,,,,,,,,,,,,,,,,,,,,,,,,,,,,,,,,,,,,,,,,,,,,,,,,,,,,,,,,,,,,,,,,,,,,,,,,,,,,
ACSSF,2010m1,co,000,0026,0000056,,,,,,,,,,,,,,,,,,,,,,,,,,,,,,,,,,,,,,,,,,,,,,,,,,,,,,,,,,,,,,,,,,,,,,,,,,,,,,,,,,,,,,,,,,,,,,,,,,,,,,,,,,,,,,,,,,,,,,,,,,,,,,,,,,,,,,,,,,,,,,,,,,,,,,,
ACSSF,2010m1,co,000,0026,0000057,,,,,,,,,,,,,,,,,,,,,,,,,,,,,,,,,,,,,,,,,,,,,,,,,,,,,,,,,,,,,,,,,,,,,,,,,,,,,,,,,,,,,,,,,,,,,,,,,,,,,,,,,,,,,,,,,,,,,,,,,,,,,,,,,,,,,,,,,,,,,,,,,,,,,,,
ACSSF,2010m1,co,000,0026,0000058,,,,,,,,,,,,,,,,,,,,,,,,,,,,,,,,,,,,,,,,,,,,,,,,,,,,,,,,,,,,,,,,,,,,,,,,,,,,,,,,,,,,,,,,,,,,,,,,,,,,,,,,,,,,,,,,,,,,,,,,,,,,,,,,,,,,,,,,,,,,,,,,,,,,,,,
ACSSF,2010m1,co,000,0026,0000059,,,,,,,,,,,,,,,,,,,,,,,,,,,,,,,,,,,,,,,,,,,,,,,,,,,,,,,,,,,,,,,,,,,,,,,,,,,,,,,,,,,,,,,,,,,,,,,,,,,,,,,,,,,,,,,,,,,,,,,,,,,,,,,,,,,,,,,,,,,,,,,,,,,,,,,
ACSSF,2010m1,co,000,0026,0000060,,,,,,,,,,,,,,,,,,,,,,,,,,,,,,,,,,,,,,,,,,,,,,,,,,,,,,,,,,,,,,,,,,,,,,,,,,,,,,,,,,,,,,,,,,,,,,,,,,,,,,,,,,,,,,,,,,,,,,,,,,,,,,,,,,,,,,,,,,,,,,,,,,,,,,,
ACSSF,2010m1,co,000,0026,0000061,,,,,,,,,,,,,,,,,,,,,,,,,,,,,,,,,,,,,,,,,,,,,,,,,,,,,,,,,,,,,,,,,,,,,,,,,,,,,,,,,,,,,,,,,,,,,,,,,,,,,,,,,,,,,,,,,,,,,,,,,,,,,,,,,,,,,,,,,,,,,,,,,,,,,,,
ACSSF,2010m1,co,000,0026,0000062,,,,,,,,,,,,,,,,,,,,,,,,,,,,,,,,,,,,,,,,,,,,,,,,,,,,,,,,,,,,,,,,,,,,,,,,,,,,,,,,,,,,,,,,,,,,,,,,,,,,,,,,,,,,,,,,,,,,,,,,,,,,,,,,,,,,,,,,,,,,,,,,,,,,,,,
ACSSF,2010m1,co,000,0026,0000063,,,,,,,,,,,,,,,,,,,,,,,,,,,,,,,,,,,,,,,,,,,,,,,,,,,,,,,,,,,,,,,,,,,,,,,,,,,,,,,,,,,,,,,,,,,,,,,,,,,,,,,,,,,,,,,,,,,,,,,,,,,,,,,,,,,,,,,,,,,,,,,,,,,,,,,
ACSSF,2010m1,co,000,0026,0000064,,,,,,,,,,,,,,,,,,,,,,,,,,,,,,,,,,,,,,,,,,,,,,,,,,,,,,,,,,,,,,,,,,,,,,,,,,,,,,,,,,,,,,,,,,,,,,,,,,,,,,,,,,,,,,,,,,,,,,,,,,,,,,,,,,,,,,,,,,,,,,,,,,,,,,,
ACSSF,2010m1,co,000,0026,0000065,,,,,,,,,,,,,,,,,,,,,,,,,,,,,,,,,,,,,,,,,,,,,,,,,,,,,,,,,,,,,,,,,,,,,,,,,,,,,,,,,,,,,,,,,,,,,,,,,,,,,,,,,,,,,,,,,,,,,,,,,,,,,,,,,,,,,,,,,,,,,,,,,,,,,,,
ACSSF,2010m1,co,000,0026,0000066,,,,,,,,,,,,,,,,,,,,,,,,,,,,,,,,,,,,,,,,,,,,,,,,,,,,,,,,,,,,,,,,,,,,,,,,,,,,,,,,,,,,,,,,,,,,,,,,,,,,,,,,,,,,,,,,,,,,,,,,,,,,,,,,,,,,,,,,,,,,,,,,,,,,,,,
ACSSF,2010m1,co,000,0026,0000067,,,,,,,,,,,,,,,,,,,,,,,,,,,,,,,,,,,,,,,,,,,,,,,,,,,,,,,,,,,,,,,,,,,,,,,,,,,,,,,,,,,,,,,,,,,,,,,,,,,,,,,,,,,,,,,,,,,,,,,,,,,,,,,,,,,,,,,,,,,,,,,,,,,,,,,
ACSSF,2010m1,co,000,0026,0000068,,,,,,,,,,,,,,,,,,,,,,,,,,,,,,,,,,,,,,,,,,,,,,,,,,,,,,,,,,,,,,,,,,,,,,,,,,,,,,,,,,,,,,,,,,,,,,,,,,,,,,,,,,,,,,,,,,,,,,,,,,,,,,,,,,,,,,,,,,,,,,,,,,,,,,,
ACSSF,2010m1,co,000,0026,0000069,,,,,,,,,,,,,,,,,,,,,,,,,,,,,,,,,,,,,,,,,,,,,,,,,,,,,,,,,,,,,,,,,,,,,,,,,,,,,,,,,,,,,,,,,,,,,,,,,,,,,,,,,,,,,,,,,,,,,,,,,,,,,,,,,,,,,,,,,,,,,,,,,,,,,,,
ACSSF,2010m1,co,000,0026,0000070,,,,,,,,,,,,,,,,,,,,,,,,,,,,,,,,,,,,,,,,,,,,,,,,,,,,,,,,,,,,,,,,,,,,,,,,,,,,,,,,,,,,,,,,,,,,,,,,,,,,,,,,,,,,,,,,,,,,,,,,,,,,,,,,,,,,,,,,,,,,,,,,,,,,,,,
ACSSF,2010m1,co,000,0026,0000071,,,,,,,,,,,,,,,,,,,,,,,,,,,,,,,,,,,,,,,,,,,,,,,,,,,,,,,,,,,,,,,,,,,,,,,,,,,,,,,,,,,,,,,,,,,,,,,3152,1163,614,607,601,73,358,261,241,243,243,279,1912,1104,1115,680,785,671,597,216,937,927,224,2265,2102,1185,1049,541,885,614,439,470,441,342,282,756,118,458,393,278,435,223,386,159,159,279,1086,624,650,580,196,289,281,71,162,162,279
ACSSF,2010m1,co,000,0026,0000072,,,,,,,,,,,,,,,,,,,,,,,,,,,,,,,,,,,,,,,,,,,,,,,,,,,,,,,,,,,,,,,,,,,,,,,,,,,,,,,,,,,,,,,,,,,,,,,,,,,,,,,,,,,,,,,,,,,,,,,,,,,,,,,,,,,,,,,,,,,,,,,,,,,,,,,
ACSSF,2010m1,co,000,0026,0000073,,,,,,,,,,,,,,,,,,,,,,,,,,,,,,,,,,,,,,,,,,,,,,,,,,,,,,,,,,,,,,,,,,,,,,,,,,,,,,,,,,,,,,,,,,,,,,,4660,719,346,294,163,243,197,73,183,458,442,152,2029,1661,806,473,447,468,371,241,279,279,279,3875,3226,2063,2101,362,2081,787,332,721,775,556,525,2088,977,487,180,463,1230,849,881,503,306,405,1490,1190,585,510,362,279,232,60,289,277,83
ACSSF,2010m1,co,000,0026,0000074,,,,,,,,,,,,,,,,,,,,,,,,,,,,,,,,,,,,,,,,,,,,,,,,,,,,,,,,,,,,,,,,,,,,,,,,,,,,,,,,,,,,,,,,,,,,,,,,,,,,,,,,,,,,,,,,,,,,,,,,,,,,,,,,,,,,,,,,,,,,,,,,,,,,,,,
ACSSF,2010m1,co,000,0026,0000075,,,,,,,,,,,,,,,,,,,,,,,,,,,,,,,,,,,,,,,,,,,,,,,,,,,,,,,,,,,,,,,,,,,,,,,,,,,,,,,,,,,,,,,,,,,,,,,4204,1577,1549,323,331,200,122,79,92,422,343,236,1327,873,915,491,586,429,429,279,581,581,279,3459,3214,2290,1879,761,1795,707,549,610,721,626,406,843,429,236,157,198,278,278,279,379,379,279,1162,1116,296,295,96,103,279,103,154,116,68
ACSSF,2010m1,co,000,0026,0000076,,,,,,,,,,,,,,,,,,,,,,,,,,,,,,,,,,,,,,,,,,,,,,,,,,,,,,,,,,,,,,,,,,,,,,,,,,,,,,,,,,,,,,,,,,,,,,,,,,,,,,,,,,,,,,,,,,,,,,,,,,,,,,,,,,,,,,,,,,,,,,,,,,,,,,,
ACSSF,2010m1,co,000,0026,0000077,,,,,,,,,,,,,,,,,,,,,,,,,,,,,,,,,,,,,,,,,,,,,,,,,,,,,,,,,,,,,,,,,,,,,,,,,,,,,,,,,,,,,,,,,,,,,,,,,,,,,,,,,,,,,,,,,,,,,,,,,,,,,,,,,,,,,,,,,,,,,,,,,,,,,,,
ACSSF,2010m1,co,000,0026,0000078,,,,,,,,,,,,,,,,,,,,,,,,,,,,,,,,,,,,,,,,,,,,,,,,,,,,,,,,,,,,,,,,,,,,,,,,,,,,,,,,,,,,,,,,,,,,,,,3824,1964,1209,1266,1188,196,263,244,104,746,734,201,1633,1220,704,508,424,439,434,90,431,422,108,2630,2460,1925,1000,156,991,752,355,596,261,192,172,744,310,619,151,579,169,153,76,253,253,279,2003,1600,765,523,541,457,74,451,533,533,279
ACSSF,2010m1,co,000,0026,0000079,,,,,,,,,,,,,,,,,,,,,,,,,,,,,,,,,,,,,,,,,,,,,,,,,,,,,,,,,,,,,,,,,,,,,,,,,,,,,,,,,,,,,,,,,,,,,,,,,,,,,,,,,,,,,,,,,,,,,,,,,,,,,,,,,,,,,,,,,,,,,,,,,,,,,,,
ACSSF,2010m1,co,000,0026,0000080,,,,,,,,,,,,,,,,,,,,,,,,,,,,,,,,,,,,,,,,,,,,,,,,,,,,,,,,,,,,,,,,,,,,,,,,,,,,,,,,,,,,,,,,,,,,,,,,,,,,,,,,,,,,,,,,,,,,,,,,,,,,,,,,,,,,,,,,,,,,,,,,,,,,,,,
ACSSF,2010m1,co,000,0026,0000081,,,,,,,,,,,,,,,,,,,,,,,,,,,,,,,,,,,,,,,,,,,,,,,,,,,,,,,,,,,,,,,,,,,,,,,,,,,,,,,,,,,,,,,,,,,,,,,,,,,,,,,,,,,,,,,,,,,,,,,,,,,,,,,,,,,,,,,,,,,,,,,,,,,,,,,
ACSSF,2010m1,co,000,0026,0000082,,,,,,,,,,,,,,,,,,,,,,,,,,,,,,,,,,,,,,,,,,,,,,,,,,,,,,,,,,,,,,,,,,,,,,,,,,,,,,,,,,,,,,,,,,,,,,,,,,,,,,,,,,,,,,,,,,,,,,,,,,,,,,,,,,,,,,,,,,,,,,,,,,,,,,,
ACSSF,2010m1,co,000,0026,0000083,,,,,,,,,,,,,,,,,,,,,,,,,,,,,,,,,,,,,,,,,,,,,,,,,,,,,,,,,,,,,,,,,,,,,,,,,,,,,,,,,,,,,,,,,,,,,,,,,,,,,,,,,,,,,,,,,,,,,,,,,,,,,,,,,,,,,,,,,,,,,,,,,,,,,,,
ACSSF,2010m1,co,000,0026,0000084,,,,,,,,,,,,,,,,,,,,,,,,,,,,,,,,,,,,,,,,,,,,,,,,,,,,,,,,,,,,,,,,,,,,,,,,,,,,,,,,,,,,,,,,,,,,,,,,,,,,,,,,,,,,,,,,,,,,,,,,,,,,,,,,,,,,,,,,,,,,,,,,,,,,,,,
ACSSF,2010m1,co,000,0026,0000085,,,,,,,,,,,,,,,,,,,,,,,,,,,,,,,,,,,,,,,,,,,,,,,,,,,,,,,,,,,,,,,,,,,,,,,,,,,,,,,,,,,,,,,,,,,,,,,,,,,,,,,,,,,,,,,,,,,,,,,,,,,,,,,,,,,,,,,,,,,,,,,,,,,,,,,
ACSSF,2010m1,co,000,0026,0000086,,,,,,,,,,,,,,,,,,,,,,,,,,,,,,,,,,,,,,,,,,,,,,,,,,,,,,,,,,,,,,,,,,,,,,,,,,,,,,,,,,,,,,,,,,,,,,,,,,,,,,,,,,,,,,,,,,,,,,,,,,,,,,,,,,,,,,,,,,,,,,,,,,,,,,,
ACSSF,2010m1,co,000,0026,0000087,,,,,,,,,,,,,,,,,,,,,,,,,,,,,,,,,,,,,,,,,,,,,,,,,,,,,,,,,,,,,,,,,,,,,,,,,,,,,,,,,,,,,,,,,,,,,,,,,,,,,,,,,,,,,,,,,,,,,,,,,,,,,,,,,,,,,,,,,,,,,,,,,,,,,,,
ACSSF,2010m1,co,000,0026,0000088,,,,,,,,,,,,,,,,,,,,,,,,,,,,,,,,,,,,,,,,,,,,,,,,,,,,,,,,,,,,,,,,,,,,,,,,,,,,,,,,,,,,,,,,,,,,,,,,,,,,,,,,,,,,,,,,,,,,,,,,,,,,,,,,,,,,,,,,,,,,,,,,,,,,,,,
ACSSF,2010m1,co,000,0026,0000089,,,,,,,,,,,,,,,,,,,,,,,,,,,,,,,,,,,,,,,,,,,,,,,,,,,,,,,,,,,,,,,,,,,,,,,,,,,,,,,,,,,,,,,,,,,,,,,,,,,,,,,,,,,,,,,,,,,,,,,,,,,,,,,,,,,,,,,,,,,,,,,,,,,,,,,
ACSSF,2010m1,co,000,0026,0000090,,,,,,,,,,,,,,,,,,,,,,,,,,,,,,,,,,,,,,,,,,,,,,,,,,,,,,,,,,,,,,,,,,,,,,,,,,,,,,,,,,,,,,,,,,,,,,,,,,,,,,,,,,,,,,,,,,,,,,,,,,,,,,,,,,,,,,,,,,,,,,,,,,,,,,,
ACSSF,2010m1,co,000,0026,0000091,,,,,,,,,,,,,,,,,,,,,,,,,,,,,,,,,,,,,,,,,,,,,,,,,,,,,,,,,,,,,,,,,,,,,,,,,,,,,,,,,,,,,,,,,,,,,,,,,,,,,,,,,,,,,,,,,,,,,,,,,,,,,,,,,,,,,,,,,,,,,,,,,,,,,,,
ACSSF,2010m1,co,000,0026,0000092,,,,,,,,,,,,,,,,,,,,,,,,,,,,,,,,,,,,,,,,,,,,,,,,,,,,,,,,,,,,,,,,,,,,,,,,,,,,,,,,,,,,,,,,,,,,,,,,,,,,,,,,,,,,,,,,,,,,,,,,,,,,,,,,,,,,,,,,,,,,,,,,,,,,,,,
ACSSF,2010m1,co,000,0026,0000093,5221,651,322,219,170,212,212,279,166,166,279,320,294,112,2128,1289,336,1197,1307,942,632,534,461,254,467,461,115,4408,794,328,279,328,553,342,431,184,279,184,406,318,300,4334,4142,3303,572,3128,2687,488,2648,913,464,826,831,656,503,2203,1180,279,1180,1071,104,1078,1258,917,863,193,193,279,726,353,78,344,509,274,423,229,121,196,279,279,279,1865,1423,383,1322,686,581,409,536,512,60,418,327,287,5221,651,322,212,212,279,166,166,279,320,294,112,2128,1289,1307,942,632,534,461,254,467,461,115,4408,4142,3303,2687,488,2648,913,464,826,831,656,503,2522,1273,1251,457,1195,1300,931,892,423,348,300,1865,1423,686,581,409,536,512,60,418,327,287
ACSSF,2010m1,co,000,0026,0000094,,,,,,,,,,,,,,,,,,,,,,,,,,,,,,,,,,,,,,,,,,,,,,,,,,,,,,,,,,,,,,,,,,,,,,,,,,,,,,,,,,,,,,,,,,,,,,,2220,1363,877,708,530,308,407,270,173,520,480,143,1349,1199,519,514,123,464,461,50,472,438,92,1879,1914,1134,1339,232,1316,308,127,347,317,206,252,1009,982,79,79,279,166,149,79,159,159,279,618,298,336,210,207,175,153,90,364,232,281
ACSSF,2010m1,co,000,0026,0000095,,,,,,,,,,,,,,,,,,,,,,,,,,,,,,,,,,,,,,,,,,,,,,,,,,,,,,,,,,,,,,,,,,,,,,,,,,,,,,,,,,,,,,,,,,,,,,,,,,,,,,,,,,,,,,,,,,,,,,,,,,,,,,,,,,,,,,,,,,,,,,,,,,,,,,,
ACSSF,2010m1,co,000,0026,0000096,,,,,,,,,,,,,,,,,,,,,,,,,,,,,,,,,,,,,,,,,,,,,,,,,,,,,,,,,,,,,,,,,,,,,,,,,,,,,,,,,,,,,,,,,,,,,,,3820,2069,1211,833,701,413,605,536,302,845,843,131,2335,1742,1261,774,815,781,698,304,1078,1086,224,2424,2003,1189,788,503,595,526,344,516,436,357,282,1296,477,725,286,683,403,181,370,512,312,405,1744,1094,923,795,571,364,294,198,299,287,83
ACSSF,2010m1,co,000,0026,0000097,,,,,,,,,,,,,,,,,,,,,,,,,,,,,,,,,,,,,,,,,,,,,,,,,,,,,,,,,,,,,,,,,,,,,,,,,,,,,,,,,,,,,,,,,,,,,,,,,,,,,,,,,,,,,,,,,,,,,,,,,,,,,,,,,,,,,,,,,,,,,,,,,,,,,,,
ACSSF,2010m1,co,000,0026,0000098,5496,2445,1876,475,1705,1311,1237,308,349,291,166,1033,954,492,1523,1453,843,1139,1223,1034,734,827,709,353,789,765,196,4608,443,106,106,279,69,279,69,279,279,279,388,388,279,4532,4726,3625,989,3456,3222,984,3080,1579,839,1289,1422,890,864,847,462,217,303,300,77,291,368,362,72,203,203,279,608,502,108,499,213,141,114,199,186,76,254,233,96,2261,1952,493,1776,596,500,301,467,74,461,715,597,404,5496,2445,1876,1311,1237,308,349,291,166,1033,954,492,1523,1453,1223,1034,734,827,709,353,789,765,196,4608,4726,3625,3222,984,3080,1579,839,1289,1422,890,864,1139,693,364,183,308,417,403,107,546,539,96,2261,1952,596,500,301,467,74,461,715,597,404
ACSSF,2010m1,co,000,0026,0000099,,,,,,,,,,,,,,,,,,,,,,,,,,,,,,,,,,,,,,,,,,,,,,,,,,,,,,,,,,,,,,,,,,,,,,,,,,,,,,,,,,,,,,,,,,,,,,,,,,,,,,,,,,,,,,,,,,,,,,,,,,,,,,,,,,,,,,,,,,,,,,,,,,,,,,,
ACSSF,2010m1,co,000,0026,0000100,,,,,,,,,,,,,,,,,,,,,,,,,,,,,,,,,,,,,,,,,,,,,,,,,,,,,,,,,,,,,,,,,,,,,,,,,,,,,,,,,,,,,,,,,,,,,,,,,,,,,,,,,,,,,,,,,,,,,,,,,,,,,,,,,,,,,,,,,,,,,,,,,,,,,,,
ACSSF,2010m1,co,000,0026,0000101,,,,,,,,,,,,,,,,,,,,,,,,,,,,,,,,,,,,,,,,,,,,,,,,,,,,,,,,,,,,,,,,,,,,,,,,,,,,,,,,,,,,,,,,,,,,,,,,,,,,,,,,,,,,,,,,,,,,,,,,,,,,,,,,,,,,,,,,,,,,,,,,,,,,,,,
ACSSF,2010m1,co,000,0026,0000102,,,,,,,,,,,,,,,,,,,,,,,,,,,,,,,,,,,,,,,,,,,,,,,,,,,,,,,,,,,,,,,,,,,,,,,,,,,,,,,,,,,,,,,,,,,,,,,,,,,,,,,,,,,,,,,,,,,,,,,,,,,,,,,,,,,,,,,,,,,,,,,,,,,,,,,
ACSSF,2010m1,co,000,0026,0000103,,,,,,,,,,,,,,,,,,,,,,,,,,,,,,,,,,,,,,,,,,,,,,,,,,,,,,,,,,,,,,,,,,,,,,,,,,,,,,,,,,,,,,,,,,,,,,,,,,,,,,,,,,,,,,,,,,,,,,,,,,,,,,,,,,,,,,,,,,,,,,,,,,,,,,,
ACSSF,2010m1,co,000,0026,0000104,,,,,,,,,,,,,,,,,,,,,,,,,,,,,,,,,,,,,,,,,,,,,,,,,,,,,,,,,,,,,,,,,,,,,,,,,,,,,,,,,,,,,,,,,,,,,,,,,,,,,,,,,,,,,,,,,,,,,,,,,,,,,,,,,,,,,,,,,,,,,,,,,,,,,,,
ACSSF,2010m1,co,000,0026,0000105,,,,,,,,,,,,,,,,,,,,,,,,,,,,,,,,,,,,,,,,,,,,,,,,,,,,,,,,,,,,,,,,,,,,,,,,,,,,,,,,,,,,,,,,,,,,,,,3620,1793,647,1575,1199,981,475,458,140,710,611,300,1514,1496,768,660,268,560,524,376,682,680,101,2599,2245,1757,1672,846,1326,1073,358,855,588,448,367,1256,491,1008,328,963,308,293,96,267,261,58,698,403,221,129,172,225,121,194,471,425,168
ACSSF,2010m1,co,000,0026,0000106,,,,,,,,,,,,,,,,,,,,,,,,,,,,,,,,,,,,,,,,,,,,,,,,,,,,,,,,,,,,,,,,,,,,,,,,,,,,,,,,,,,,,,,,,,,,,,,,,,,,,,,,,,,,,,,,,,,,,,,,,,,,,,,,,,,,,,,,,,,,,,,,,,,,,,,
ACSSF,2010m1,co,000,0026,0000107,,,,,,,,,,,,,,,,,,,,,,,,,,,,,,,,,,,,,,,,,,,,,,,,,,,,,,,,,,,,,,,,,,,,,,,,,,,,,,,,,,,,,,,,,,,,,,,2168,994,742,398,161,361,279,279,279,399,203,369,848,572,426,426,279,540,488,186,210,211,108,1827,1667,1209,933,732,815,609,464,433,502,396,381,605,435,136,136,279,256,279,256,203,203,279,594,476,185,72,170,144,144,279,160,160,279
ACSSF,2010m1,co,000,0026,0000108,,,,,,,,,,,,,,,,,,,,,,,,,,,,,,,,,,,,,,,,,,,,,,,,,,,,,,,,,,,,,,,,,,,,,,,,,,,,,,,,,,,,,,,,,,,,,,,,,,,,,,,,,,,,,,,,,,,,,,,,,,,,,,,,,,,,,,,,,,,,,,,,,,,,,,,
ACSSF,2010m1,co,000,0026,0000109,,,,,,,,,,,,,,,,,,,,,,,,,,,,,,,,,,,,,,,,,,,,,,,,,,,,,,,,,,,,,,,,,,,,,,,,,,,,,,,,,,,,,,,,,,,,,,,,,,,,,,,,,,,,,,,,,,,,,,,,,,,,,,,,,,,,,,,,,,,,,,,,,,,,,,,
ACSSF,2010m1,co,000,0026,0000110,,,,,,,,,,,,,,,,,,,,,,,,,,,,,,,,,,,,,,,,,,,,,,,,,,,,,,,,,,,,,,,,,,,,,,,,,,,,,,,,,,,,,,,,,,,,,,,,,,,,,,,,,,,,,,,,,,,,,,,,,,,,,,,,,,,,,,,,,,,,,,,,,,,,,,,
ACSSF,2010m1,co,000,0026,0000111,,,,,,,,,,,,,,,,,,,,,,,,,,,,,,,,,,,,,,,,,,,,,,,,,,,,,,,,,,,,,,,,,,,,,,,,,,,,,,,,,,,,,,,,,,,,,,,,,,,,,,,,,,,,,,,,,,,,,,,,,,,,,,,,,,,,,,,,,,,,,,,,,,,,,,,
