ACSSF,2010m1,co,000,0005,0000001,16499,16225,9976,7006,6603,6219,5167,3873,17445,14997,8691,6517,5357,5007,4010,3216,10488,7883,4743,2753,3761,2226,1636,1528,4737,4299,2033,1248,1615,1539,977,1155,5454,4588,2128,968,1681,992,819,519,3931,3553,1028,756,647,1190,1156,366,7501,6800,1558,1153,992,1776,1347,1218,16512,9450,7345,9791,9599,10645,7548,6129,9318,17422,7465,5546,8523,8669,9795,7036,5208,8936,10488,3831,3062,3686,3233,3588,2496,1719,2774,4737,2004,1683,2194,1752,1768,1076,875,1556,5454,2854,2206,1971,1780,1534,1202,720,923,3931,1726,1039,1479,1546,1322,1113,930,915,7499,2754,1480,2256,2429,2496,2138,1748,3141,16499,16225,13107,9022,8482,17445,14997,11771,8576,6895,10488,7883,4960,2994,4003,4737,4299,2220,1589,1637,6627,5791,2790,1947,1850,7501,6800,2397,1699,1683,16512,9450,7345,9791,9599,10645,7548,6129,9318,17422,7465,5546,8523,8669,9795,7036,5208,8936,10488,3831,3062,3686,3233,3588,2496,1719,2774,4737,2004,1683,2194,1752,1768,1076,875,1556,6627,3080,2467,2566,2253,2080,1574,1174,1214,7499,2754,1480,2256,2429,2496,2138,1748,3141
ACSSF,2010m1,co,000,0005,0000002,,,,,,,,,,,,,,,,,,,,,,,,,,,,,,,,,,,,,,,,,,,,,,,,,,,,,,,,,,,,,,,,,,,,,,,,,,,,,,,,,,,,,,,,,,,,,,,,,,,,,,,,,,,,,,,,,,,,,,,,,,,,,,,,,,,,,,,,,,,,,,,,,,,,,,,,,,,,,,,,,,,,,,,,,,,,,,,,,,,,,,,,,,,,,,,,,,,,,,,,,,,
ACSSF,2010m1,co,000,0005,0000003,,,,,,,,,,,,,,,,,,,,,,,,,,,,,,,,,,,,,,,,,,,,,,,,,,,,,,,,,,,,,,,,,,,,,,,,,,,,,,,,,,,,,,,,,,,,,,,,,,,,,,,,,,,,,,,,,,,,,,,,,,,,,,,,,,,,,,,,,,,,,,,,,,,,,,,,,,,,,,,,,,,,,,,,,,,,,,,,,,,,,,,,,,,,,,,,,,,,,,,,,,,
ACSSF,2010m1,co,000,0005,0000004,,,,,,,,,,,,,,,,,,,,,,,,,,,,,,,,,,,,,,,,,,,,,,,,,,,,,,,,,,,,,,,,,,,,,,,,,,,,,,,,,,,,,,,,,,,,,,,,,,,,,,,,,,,,,,,,,,,,,,,,,,,,,,,,,,,,,,,,,,,,,,,,,,,,,,,,,,,,,,,,,,,,,,,,,,,,,,,,,,,,,,,,,,,,,,,,,,,,,,,,,,,
ACSSF,2010m1,co,000,0005,0000005,,,,,,,,,,,,,,,,,,,,,,,,,,,,,,,,,,,,,,,,,,,,,,,,,,,,,,,,,,,,,,,,,,,,,,,,,,,,,,,,,,,,,,,,,,,,,,,,,,,,,,,,,,,,,,,,,,,,,,,,,,,,,,,,,,,,,,,,,,,,,,,,,,,,,,,,,,,,,,,,,,,,,,,,,,,,,,,,,,,,,,,,,,,,,,,,,,,,,,,,,,,
ACSSF,2010m1,co,000,0005,0000006,,,,,,,,,,,,,,,,,,,,,,,,,,,,,,,,,,,,,,,,,,,,,,,,,,,,,,,,,,,,,,,,,,,,,,,,,,,,,,,,,,,,,,,,,,,,,,,,,,,,,,,,,,,,,,,,,,,,,,,,,,,,,,,,,,,,,,,,,,,,,,,,,,,,,,,,,,,,,,,,,,,,,,,,,,,,,,,,,,,,,,,,,,,,,,,,,,,,,,,,,,,
ACSSF,2010m1,co,000,0005,0000007,,,,,,,,,,,,,,,,,,,,,,,,,,,,,,,,,,,,,,,,,,,,,,,,,,,,,,,,,,,,,,,,,,,,,,,,,,,,,,,,,,,,,,,,,,,,,,,,,,,,,,,,,,,,,,,,,,,,,,,,,,,,,,,,,,,,,,,,,,,,,,,,,,,,,,,,,,,,,,,,,,,,,,,,,,,,,,,,,,,,,,,,,,,,,,,,,,,,,,,,,,,
ACSSF,2010m1,co,000,0005,0000008,,,,,,,,,,,,,,,,,,,,,,,,,,,,,,,,,,,,,,,,,,,,,,,,,,,,,,,,,,,,,,,,,,,,,,,,,,,,,,,,,,,,,,,,,,,,,,,,,,,,,,,,,,,,,,,,,,,,,,,,,,,,,,,,,,,,,,,,,,,,,,,,,,,,,,,,,,,,,,,,,,,,,,,,,,,,,,,,,,,,,,,,,,,,,,,,,,,,,,,,,,,
ACSSF,2010m1,co,000,0005,0000009,,,,,,,,,,,,,,,,,,,,,,,,,,,,,,,,,,,,,,,,,,,,,,,,,,,,,,,,,,,,,,,,,,,,,,,,,,,,,,,,,,,,,,,,,,,,,,,,,,,,,,,,,,,,,,,,,,,,,,,,,,,,,,,,,,,,,,,,,,,,,,,,,,,,,,,,,,,,,,,,,,,,,,,,,,,,,,,,,,,,,,,,,,,,,,,,,,,,,,,,,,,
ACSSF,2010m1,co,000,0005,0000010,,,,,,,,,,,,,,,,,,,,,,,,,,,,,,,,,,,,,,,,,,,,,,,,,,,,,,,,,,,,,,,,,,,,,,,,,,,,,,,,,,,,,,,,,,,,,,,,,,,,,,,,,,,,,,,,,,,,,,,,,,,,,,,,,,,,,,,,,,,,,,,,,,,,,,,,,,,,,,,,,,,,,,,,,,,,,,,,,,,,,,,,,,,,,,,,,,,,,,,,,,,
ACSSF,2010m1,co,000,0005,0000011,,,,,,,,,,,,,,,,,,,,,,,,,,,,,,,,,,,,,,,,,,,,,,,,,,,,,,,,,,,,,,,,,,,,,,,,,,,,,,,,,,,,,,,,,,,,,,,,,,,,,,,,,,,,,,,,,,,,,,,,,,,,,,,,,,,,,,,,,,,,,,,,,,,,,,,,,,,,,,,,,,,,,,,,,,,,,,,,,,,,,,,,,,,,,,,,,,,,,,,,,,,
ACSSF,2010m1,co,000,0005,0000012,,,,,,,,,,,,,,,,,,,,,,,,,,,,,,,,,,,,,,,,,,,,,,,,,,,,,,,,,,,,,,,,,,,,,,,,,,,,,,,,,,,,,,,,,,,,,,,,,,,,,,,,,,,,,,,,,,,,,,,,,,,,,,,,,,,,,,,,,,,,,,,,,,,,,,,,,,,,,,,,,,,,,,,,,,,,,,,,,,,,,,,,,,,,,,,,,,,,,,,,,,,
ACSSF,2010m1,co,000,0005,0000013,7526,6288,3093,2127,2287,2252,1522,1562,6318,5091,2693,1778,1727,1636,1435,805,2326,2020,1301,661,1166,394,351,248,955,852,384,236,301,209,148,143,1315,1173,490,265,397,215,182,115,693,585,393,306,236,128,273,128,1551,907,443,314,317,1196,404,1128,7526,2079,1789,2484,2089,2887,2258,1740,2517,6318,1981,1576,2081,1948,2559,2004,1470,2384,2326,1036,464,956,705,1022,938,288,358,955,341,519,146,320,414,139,282,226,1315,471,600,385,592,104,111,273,182,693,242,218,355,226,174,417,265,93,1551,498,414,246,264,859,398,572,470,7526,6288,3870,2770,2656,6318,5091,3218,2395,1827,2326,2020,1375,738,1182,955,852,454,287,348,1462,1323,633,417,482,1551,907,1281,520,1171,7526,2079,1789,2484,2089,2887,2258,1740,2517,6318,1981,1576,2081,1948,2559,2004,1470,2384,2326,1036,464,956,705,1022,938,288,358,955,341,519,146,320,414,139,282,226,1462,543,639,489,654,201,431,265,200,1551,498,414,246,264,859,398,572,470
ACSSF,2010m1,co,000,0005,0000014,6082,6744,3433,2225,2052,2354,2049,1471,6518,6451,2826,2024,1590,2366,1964,1422,2903,2355,1300,798,800,884,449,691,1334,1313,647,253,535,176,176,273,1148,1145,352,311,205,253,249,123,668,627,262,154,211,154,154,273,1791,1697,441,188,408,400,347,198,6050,2317,2023,3500,3176,3644,2879,2162,3783,6479,1967,1952,3180,2876,3170,2572,2040,3539,2903,1077,642,1127,927,1186,650,678,1154,1334,808,331,564,601,410,174,335,285,1148,453,360,687,420,210,142,273,155,668,247,211,177,116,393,156,93,491,1791,763,442,561,590,578,528,264,1040,6082,6744,4058,3089,2640,6518,6451,3610,2823,2206,2903,2355,1618,1011,1021,1334,1313,639,311,535,1314,1242,517,454,326,1791,1697,596,394,458,6050,2317,2023,3500,3176,3644,2879,2162,3783,6479,1967,1952,3180,2876,3170,2572,2040,3539,2903,1077,642,1127,927,1186,650,678,1154,1334,808,331,564,601,410,174,335,285,1314,567,413,704,432,457,210,93,500,1791,763,442,561,590,578,528,264,1040
ACSSF,2010m1,co,000,0005,0000015,5314,5215,2092,1807,1764,1333,1066,847,4991,4744,1965,1629,1379,1112,815,836,2082,1929,720,648,561,470,310,338,1174,941,605,236,541,222,191,113,1829,1813,137,115,80,412,281,320,1599,1599,176,160,74,427,370,202,2075,2001,353,353,273,389,384,114,5314,2735,2108,2708,2145,2497,2089,1402,2619,4991,1952,1797,2278,1728,2375,1845,1242,2426,2082,1128,725,916,507,773,617,541,596,1174,604,483,616,387,347,179,139,285,1829,1058,273,696,656,388,324,406,273,1599,619,504,484,836,531,349,200,458,2075,787,692,713,650,644,498,349,1108,5314,5215,2675,2298,1912,4991,4744,2368,1907,1563,2082,1929,884,770,656,1174,941,643,309,549,2626,2536,638,473,398,2075,2001,499,493,114,5314,2735,2108,2708,2145,2497,2089,1402,2619,4991,1952,1797,2278,1728,2375,1845,1242,2426,2082,1128,725,916,507,773,617,541,596,1174,604,483,616,387,347,179,139,285,2626,1208,615,915,1221,650,532,453,509,2075,787,692,713,650,644,498,349,1108
ACSSF,2010m1,co,000,0005,0000016,9630,8547,4100,2783,3059,3564,2815,1779,8534,7226,3533,2526,2616,2997,2506,1457,3628,2889,1960,1233,1686,1100,1132,500,2874,2288,1504,1031,1026,1250,804,877,1671,1503,553,504,337,412,357,210,1792,1614,634,498,360,463,447,102,2192,1950,703,500,486,414,408,97,9630,4922,2686,4325,4303,5166,3600,2550,4454,8534,3747,2377,3572,3422,4262,2956,2289,3744,3628,1585,1236,1579,1281,1374,1218,594,1094,2874,1093,995,1318,1124,1260,874,682,1300,1671,782,526,895,433,475,659,288,589,1792,612,380,767,762,669,443,642,600,2192,964,462,876,801,800,674,399,1116,9630,8547,5815,4164,3767,8534,7226,5306,3890,3250,3628,2889,2170,1643,1735,2874,2288,1751,1289,1314,2195,2113,952,897,556,2192,1950,855,683,497,9630,4922,2686,4325,4303,5166,3600,2550,4454,8534,3747,2377,3572,3422,4262,2956,2289,3744,3628,1585,1236,1579,1281,1374,1218,594,1094,2874,1093,995,1318,1124,1260,874,682,1300,2195,1064,640,1144,867,815,801,684,796,2192,964,462,876,801,800,674,399,1116
ACSSF,2010m1,co,000,0005,0000017,5467,5396,1926,1367,1222,1044,1024,551,4261,4323,1474,933,1051,853,804,535,1747,1521,776,430,668,247,214,129,744,616,322,273,322,89,89,273,351,305,105,273,105,273,273,273,486,486,273,273,273,273,273,273,1966,1759,709,709,273,623,619,97,5467,2304,1379,1825,1922,1881,1649,1242,2211,4261,1696,1079,1555,1587,1614,1440,1158,1915,1747,731,565,889,848,535,542,151,462,744,504,224,351,186,273,273,273,293,351,187,273,94,101,103,273,78,273,486,213,76,188,273,181,306,273,230,1966,1064,479,595,816,745,307,339,953,5467,5396,2100,1560,1304,4261,4323,1672,1281,1134,1747,1521,808,476,690,744,616,334,89,322,514,514,105,273,105,1966,1759,796,795,97,5467,2304,1379,1825,1922,1881,1649,1242,2211,4261,1696,1079,1555,1587,1614,1440,1158,1915,1747,731,565,889,848,535,542,151,462,744,504,224,351,186,273,273,273,293,514,291,76,181,101,207,306,78,230,1966,1064,479,595,816,745,307,339,953
ACSSF,2010m1,co,000,0005,0000018,5542,5638,3253,1833,2511,2035,1584,1263,6000,5737,2696,1544,1991,1737,1446,821,3007,2605,1384,631,1289,636,407,476,1097,738,273,273,273,812,273,812,2232,2117,302,174,245,313,302,79,1200,1207,105,105,273,120,120,273,2228,2114,230,153,171,446,438,74,5540,3637,3075,3805,3313,3564,2856,1876,2867,6000,3057,2275,3085,3096,3321,2753,1633,2725,3007,1101,1264,1425,1016,1008,647,431,800,1097,539,659,167,273,273,133,273,179,2232,988,1274,1210,627,564,463,325,193,1200,739,89,556,217,268,275,385,344,2228,1012,354,608,588,788,698,683,1020,5542,5638,3936,2438,2939,6000,5737,3320,2189,2280,3007,2605,1508,773,1366,1097,738,812,273,812,2628,2494,429,364,259,2228,2114,491,460,185,5540,3637,3075,3805,3313,3564,2856,1876,2867,6000,3057,2275,3085,3096,3321,2753,1633,2725,3007,1101,1264,1425,1016,1008,647,431,800,1097,539,659,167,273,273,133,273,179,2628,1283,1288,1358,630,641,546,530,395,2228,1012,354,608,588,788,698,683,1020
ACSSF,2010m1,co,000,0005,0000019,5470,4914,2701,1784,1776,1361,1124,758,5411,4675,2353,1539,1422,1209,997,743,2509,2212,1264,758,1082,518,387,270,894,786,391,273,391,157,157,273,849,678,391,391,273,178,178,273,1337,1310,328,276,180,287,271,74,2301,2259,228,228,273,302,273,73,5470,2424,2029,2433,2546,2789,2348,1738,2727,5411,1914,1962,2029,2299,2532,2052,1534,2370,2509,936,1068,948,1066,612,759,318,859,894,302,351,488,374,156,234,273,185,849,611,219,510,251,273,273,108,123,1337,421,467,451,506,588,509,191,267,2301,928,451,721,848,596,642,544,1086,5470,4914,3242,2215,1987,5411,4675,2856,1882,1728,2509,2212,1379,889,1077,894,786,415,157,391,1604,1455,614,592,191,2301,2259,357,335,73,5470,2424,2029,2433,2546,2789,2348,1738,2727,5411,1914,1962,2029,2299,2532,2052,1534,2370,2509,936,1068,948,1066,612,759,318,859,894,302,351,488,374,156,234,273,185,1604,663,510,700,527,588,509,220,314,2301,928,451,721,848,596,642,544,1086
ACSSF,2010m1,co,000,0005,0000020,,,,,,,,,,,,,,,,,,,,,,,,,,,,,,,,,,,,,,,,,,,,,,,,,,,,,,,,,4681,2453,1968,2317,2498,2532,1885,1432,2048,4420,2111,1721,1991,2348,2306,1845,1335,1965,1989,1041,576,832,758,614,507,242,463,424,265,189,65,273,374,70,273,273,1150,934,289,291,341,233,104,273,106,1253,826,245,887,282,307,260,225,325,1368,530,282,223,569,506,375,308,435,4681,4709,2372,2011,1394,4420,4546,1971,1692,1011,1989,1850,891,585,619,424,386,200,192,65,1578,1484,911,853,354,1368,1355,278,214,175,4681,2453,1968,2317,2498,2532,1885,1432,2048,4420,2111,1721,1991,2348,2306,1845,1335,1965,1989,1041,576,832,758,614,507,242,463,424,265,189,65,273,374,70,273,273,1578,1126,367,964,483,391,283,225,336,1368,530,282,223,569,506,375,308,435
ACSSF,2010m1,co,000,0005,0000021,,,,,,,,,,,,,,,,,,,,,,,,,,,,,,,,,,,,,,,,,,,,,,,,,,,,,,,,,,,,,,,,,,,,,,,,,,,,,,,,,,,,,,,,,,,,,,,,,,,,,,,,,,,,,,,,,,,,,,,,,,,,,,,,,,,,,,,,,,,,,,,,,,,,,,3712,1712,1151,1641,1454,1666,1561,1265,1405,3840,1643,1059,1533,1343,1421,1519,1089,1408,1578,506,312,403,328,686,358,563,728,268,273,273,273,273,268,273,273,273,1215,664,293,383,69,134,210,161,163,1165,345,280,434,439,210,462,449,123
ACSSF,2010m1,co,000,0005,0000022,,,,,,,,,,,,,,,,,,,,,,,,,,,,,,,,,,,,,,,,,,,,,,,,,,,,,,,,,,,,,,,,,,,,,,,,,,,,,,,,,,,,,,,,,,,,,,,,,,,,,,,,,,,,,,,,,,,,,,,,3450,3559,1813,1324,1148,3449,3409,1625,1221,853,1294,1326,486,288,450,417,400,104,104,273,682,550,478,246,426,745,660,294,273,294,3450,1734,1342,1656,1557,1771,1474,594,1200,3449,1616,1254,1587,1302,1585,1401,529,1052,1294,703,190,492,698,673,207,165,416,417,191,225,273,104,103,217,273,273,682,523,327,496,108,128,273,88,162,745,591,273,205,123,204,159,216,206
ACSSF,2010m1,co,000,0005,0000023,,,,,,,,,,,,,,,,,,,,,,,,,,,,,,,,,,,,,,,,,,,,,,,,,,,,,,,,,5305,2154,1780,2151,2232,2663,1729,1308,1479,4383,1681,1627,1794,2035,2312,1651,1290,1291,2249,1009,892,965,758,751,378,384,369,629,273,71,229,322,273,318,273,273,882,325,346,646,129,158,132,120,94,647,409,84,122,259,273,321,273,74,1232,431,328,531,467,398,338,94,581,5305,4463,2759,1488,2293,4383,3872,2057,1386,1528,2249,1372,1970,697,1864,629,259,562,239,501,1062,915,545,478,136,1232,1196,302,170,233,5305,2154,1780,2151,2232,2663,1729,1308,1479,4383,1681,1627,1794,2035,2312,1651,1290,1291,2249,1009,892,965,758,751,378,384,369,629,273,71,229,322,273,318,273,273,1062,522,361,647,292,158,334,120,117,1232,431,328,531,467,398,338,94,581
ACSSF,2010m1,co,000,0005,0000024,,,,,,,,,,,,,,,,,,,,,,,,,,,,,,,,,,,,,,,,,,,,,,,,,,,,,,,,,,,,,,,,,,,,,,,,,,,,,,,,,,,,,,,,,,,,,,,,,,,,,,,,,,,,,,,,,,,,,,,,,,,,,,,,,,,,,,,,,,,,,,,,,,,,,,,,,,,,,,,,,,,,,,,,,,,,,,,,,,,,,,,,,,,,,,,,,,,,,,,,,,,
ACSSF,2010m1,co,000,0005,0000025,5208,4762,2786,1761,1887,1614,1074,1159,4389,4127,2501,1621,1605,1390,917,1061,2549,1794,1072,676,633,700,399,447,948,922,407,204,281,208,174,143,1046,954,513,470,212,273,273,273,661,557,337,228,224,128,273,128,1201,1025,469,76,478,253,238,86,5208,1769,1596,2428,2367,2108,1839,1471,1877,4389,1399,1512,1976,2079,1912,1768,1388,1571,2549,746,375,877,701,582,443,468,851,948,623,371,371,496,364,158,273,212,1046,422,301,623,357,273,66,273,182,661,198,211,149,205,264,149,172,407,1201,654,209,214,404,383,216,169,557,5208,4762,3091,2091,2207,4389,4127,2687,1806,1871,2549,1794,1296,789,748,948,922,448,264,320,1226,1163,646,584,315,1201,1025,521,241,483,5208,1769,1596,2428,2367,2108,1839,1471,1877,4389,1399,1512,1976,2079,1912,1768,1388,1571,2549,746,375,877,701,582,443,468,851,948,623,371,371,496,364,158,273,212,1226,454,363,642,420,264,165,172,422,1201,654,209,214,404,383,216,169,557
ACSSF,2010m1,co,000,0005,0000026,4393,4185,1473,1135,1212,1141,914,727,3588,3434,1150,954,785,979,679,686,1427,1239,536,533,452,433,234,342,1038,857,584,228,534,222,191,113,1460,1442,102,58,80,412,281,320,1470,1455,160,160,273,388,355,134,1292,1218,289,289,273,347,347,273,4393,1978,1619,1858,1838,1925,1466,1169,1797,3588,1426,1278,1178,1166,1669,1280,1059,1578,1427,800,482,786,373,608,525,200,514,1038,422,483,552,387,320,179,139,273,1460,938,213,527,651,388,173,406,219,1470,553,300,479,825,509,307,185,423,1292,515,606,378,459,414,372,229,489,4393,4185,1971,1565,1378,3588,3434,1620,1211,1032,1427,1239,707,607,581,1038,857,624,307,544,2267,2171,577,458,329,1292,1218,430,430,273,4393,1978,1619,1858,1838,1925,1466,1169,1797,3588,1426,1278,1178,1166,1669,1280,1059,1578,1427,800,482,786,373,608,525,200,514,1038,422,483,552,387,320,179,139,273,2267,1065,402,718,1192,623,340,451,481,1292,515,606,378,459,414,372,229,489
ACSSF,2010m1,co,000,0005,0000027,,,,,,,,,,,,,,,,,,,,,,,,,,,,,,,,,,,,,,,,,,,,,,,,,,,,,,,,,,,,,,,,,,,,,,,,,,,,,,,,,,,,,,,,,,,,,,,,,,,,,,,,,,,,,,,,,,,,,,,,3003,2992,1144,849,838,2864,2801,1109,767,771,1142,1069,380,183,361,688,603,291,273,291,296,296,273,273,273,806,797,264,233,130,3003,1068,921,1081,1171,1528,1237,767,1619,2864,937,942,1104,995,1470,1166,728,1397,1142,241,97,318,620,546,351,253,241,688,407,273,303,236,152,100,326,144,296,186,273,273,88,131,273,273,154,806,317,272,359,302,252,176,169,520
ACSSF,2010m1,co,000,0005,0000028,,,,,,,,,,,,,,,,,,,,,,,,,,,,,,,,,,,,,,,,,,,,,,,,,,,,,,,,,5412,3134,2545,3237,2766,2999,2076,1704,2505,5294,2612,2052,2851,2717,2898,1959,1520,2315,2383,898,1204,1162,957,920,619,256,694,1116,539,689,135,273,273,133,273,179,1429,648,570,584,418,513,273,325,193,1185,712,89,556,139,213,265,382,209,1748,841,262,410,534,558,353,373,810,5419,5786,3753,2282,2949,5299,5258,3196,2080,2254,2383,2138,1470,623,1385,1116,758,807,273,807,1784,1719,373,267,259,1748,1691,350,350,273,5412,3134,2545,3237,2766,2999,2076,1704,2505,5294,2612,2052,2851,2717,2898,1959,1520,2315,2383,898,1204,1162,957,920,619,256,694,1116,539,689,135,273,273,133,273,179,1784,948,595,840,435,575,385,526,282,1748,841,262,410,534,558,353,373,810
ACSSF,2010m1,co,000,0005,0000029,9630,8547,4100,2783,3059,3564,2815,1779,8534,7226,3533,2526,2616,2997,2506,1457,3628,2889,1960,1233,1686,1100,1132,500,2874,2288,1504,1031,1026,1250,804,877,1671,1503,553,504,337,412,357,210,1792,1614,634,498,360,463,447,102,2192,1950,703,500,486,414,408,97,9630,4922,2686,4325,4303,5166,3600,2550,4454,8534,3747,2377,3572,3422,4262,2956,2289,3744,3628,1585,1236,1579,1281,1374,1218,594,1094,2874,1093,995,1318,1124,1260,874,682,1300,1671,782,526,895,433,475,659,288,589,1792,612,380,767,762,669,443,642,600,2192,964,462,876,801,800,674,399,1116,9630,8547,5815,4164,3767,8534,7226,5306,3890,3250,3628,2889,2170,1643,1735,2874,2288,1751,1289,1314,2195,2113,952,897,556,2192,1950,855,683,497,9630,4922,2686,4325,4303,5166,3600,2550,4454,8534,3747,2377,3572,3422,4262,2956,2289,3744,3628,1585,1236,1579,1281,1374,1218,594,1094,2874,1093,995,1318,1124,1260,874,682,1300,2195,1064,640,1144,867,815,801,684,796,2192,964,462,876,801,800,674,399,1116
ACSSF,2010m1,co,000,0005,0000030,,,,,,,,,,,,,,,,,,,,,,,,,,,,,,,,,,,,,,,,,,,,,,,,,,,,,,,,,4412,2292,1445,2032,1683,1584,1317,1173,1741,4324,1913,1255,1834,1735,1547,1246,1102,1581,1377,905,466,514,361,473,397,175,475,347,260,179,65,273,93,70,273,273,853,520,238,268,367,233,104,273,106,1215,805,245,816,248,246,244,195,269,913,448,140,137,415,292,214,258,304,4412,4274,1560,1563,863,4324,4172,1411,1339,652,1377,1352,416,228,341,347,284,200,192,65,1386,1228,870,837,300,913,886,209,115,175,4412,2292,1445,2032,1683,1584,1317,1173,1741,4324,1913,1255,1834,1735,1547,1246,1102,1581,1377,905,466,514,361,473,397,175,475,347,260,179,65,273,93,70,273,273,1386,898,324,878,505,346,268,195,282,913,448,140,137,415,292,214,258,304
ACSSF,2010m1,co,000,0005,0000031,,,,,,,,,,,,,,,,,,,,,,,,,,,,,,,,,,,,,,,,,,,,,,,,,,,,,,,,,,,,,,,,,,,,,,,,,,,,,,,,,,,,,,,,,,,,,,,,,,,,,,,,,,,,,,,,,,,,,,,,3824,3322,2006,1180,1560,3528,3126,1506,1024,943,1341,977,1164,505,1024,506,273,506,71,501,951,774,474,391,136,702,695,233,170,155,3824,1792,1448,1725,1432,1520,1100,820,1151,3528,1380,1328,1370,1368,1380,1050,816,1113,1341,741,667,663,301,567,152,94,261,506,273,71,273,322,273,188,273,273,951,488,361,497,272,90,321,120,74,702,320,201,241,95,299,239,273,267
ACSSF,2010m1,co,000,0005,0000032,,,,,,,,,,,,,,,,,,,,,,,,,,,,,,,,,,,,,,,,,,,,,,,,,,,,,,,,,,,,,,,,,,,,,,,,,,,,,,,,,,,,,,,,,,,,,,,,,,,,,,,,,,,,,,,,,,,,,,,,,,,,,,,,,,,,,,,,,,,,,,,,,,,,,,,,,,,,,,,,,,,,,,,,,,,,,,,,,,,,,,,,,,,,,,,,,,,,,,,,,,,
ACSSF,2010m1,co,000,0005,0000033,,,,,,,,,,,,,,,,,,,,,,,,,,,,,,,,,,,,,,,,,,,,,,,,,,,,,,,,,4263,1611,1291,1411,1345,2103,1316,873,1754,3769,1205,1195,1134,1150,1955,1142,861,1680,1597,746,484,574,771,516,416,231,424,560,162,200,355,283,137,124,273,163,536,272,145,383,120,273,273,273,89,470,222,273,268,273,273,238,92,208,704,436,96,137,335,110,173,146,306,4263,3959,1931,1652,1092,3769,3495,1469,1288,625,1597,1171,1108,713,831,560,519,262,157,215,723,568,468,418,191,704,704,273,273,273,4263,1611,1291,1411,1345,2103,1316,873,1754,3769,1205,1195,1134,1150,1955,1142,861,1680,1597,746,484,574,771,516,416,231,424,560,162,200,355,283,137,124,273,163,723,325,145,468,120,273,238,92,228,704,436,96,137,335,110,173,146,306
ACSSF,2010m1,co,000,0005,0000034,,,,,,,,,,,,,,,,,,,,,,,,,,,,,,,,,,,,,,,,,,,,,,,,,,,,,,,,,,,,,,,,,,,,,,,,,,,,,,,,,,,,,,,,,,,,,,,,,,,,,,,,,,,,,,,,,,,,,,,,2756,2538,1493,1119,937,2480,2382,1372,1036,912,992,913,347,340,102,296,296,273,273,273,697,662,176,100,147,773,723,231,231,273,2756,1489,850,1550,992,1205,998,526,1438,2480,1096,776,1435,863,1203,892,408,1431,992,684,286,386,323,242,153,208,180,296,273,273,273,273,133,259,273,273,697,420,117,396,172,273,65,273,221,773,230,127,388,322,241,200,162,318
ACSSF,2010m1,co,000,0005,0000035,,,,,,,,,,,,,,,,,,,,,,,,,,,,,,,,,,,,,,,,,,,,,,,,,,,,,,,,,,,,,,,,,,,,,,,,,,,,,,,,,,,,,,,,,,,,,,,,,,,,,,,,,,,,,,,,,,,,,,,,,,,,,,,,,,,,,,,,,,,,,,,,,,,,,,,,,,,,,,,,,,,,,,,,,,,,,,,,,,,,,,,,,,,,,,,,,,,,,,,,,,,
ACSSF,2010m1,co,000,0005,0000036,,,,,,,,,,,,,,,,,,,,,,,,,,,,,,,,,,,,,,,,,,,,,,,,,,,,,,,,,,,,,,,,,,,,,,,,,,,,,,,,,,,,,,,,,,,,,,,,,,,,,,,,,,,,,,,,,,,,,,,,3312,3455,1588,1191,992,3252,3217,1491,1147,787,1054,1067,341,219,294,417,400,104,104,273,669,533,478,246,426,644,557,294,273,294,,,,,,,,,,,,,,,,,,,,,,,,,,,,,,,,,,,,,,,,,,,,,,,,,,,,,,
ACSSF,2010m1,co,000,0005,0000037,,,,,,,,,,,,,,,,,,,,,,,,,,,,,,,,,,,,,,,,,,,,,,,,,,,,,,,,,,,,,,,,,,,,,,,,,,,,,,,,,,,,,,,,,,,,,,,,,,,,,,,,,,,,,,,,,,,,,,,,2754,2304,1561,843,1306,2268,1937,1039,752,583,1027,908,385,221,325,194,119,150,150,273,713,655,305,121,280,1169,579,1094,167,1079,,,,,,,,,,,,,,,,,,,,,,,,,,,,,,,,,,,,,,,,,,,,,,,,,,,,,,
ACSSF,2010m1,co,000,0005,0000038,,,,,,,,,,,,,,,,,,,,,,,,,,,,,,,,,,,,,,,,,,,,,,,,,,,,,,,,,,,,,,,,,,,,,,,,,,,,,,,,,,,,,,,,,,,,,,,,,,,,,,,,,,,,,,,,,,,,,,,,3278,2781,1446,1108,700,3021,2600,1325,1012,633,831,839,340,177,268,573,573,273,273,273,454,454,273,273,273,571,552,147,159,76,,,,,,,,,,,,,,,,,,,,,,,,,,,,,,,,,,,,,,,,,,,,,,,,,,,,,,
ACSSF,2010m1,co,000,0005,0000039,4393,4185,1473,1135,1212,1141,914,727,3588,3434,1150,954,785,979,679,686,1427,1239,536,533,452,433,234,342,1038,857,584,228,534,222,191,113,1460,1442,102,58,80,412,281,320,1470,1455,160,160,273,388,355,134,1292,1218,289,289,273,347,347,273,4393,1978,1619,1858,1838,1925,1466,1169,1797,3588,1426,1278,1178,1166,1669,1280,1059,1578,1427,800,482,786,373,608,525,200,514,1038,422,483,552,387,320,179,139,273,1460,938,213,527,651,388,173,406,219,1470,553,300,479,825,509,307,185,423,1292,515,606,378,459,414,372,229,489,4393,4185,1971,1565,1378,3588,3434,1620,1211,1032,1427,1239,707,607,581,1038,857,624,307,544,2267,2171,577,458,329,1292,1218,430,430,273,4393,1978,1619,1858,1838,1925,1466,1169,1797,3588,1426,1278,1178,1166,1669,1280,1059,1578,1427,800,482,786,373,608,525,200,514,1038,422,483,552,387,320,179,139,273,2267,1065,402,718,1192,623,340,451,481,1292,515,606,378,459,414,372,229,489
ACSSF,2010m1,co,000,0005,0000040,,,,,,,,,,,,,,,,,,,,,,,,,,,,,,,,,,,,,,,,,,,,,,,,,,,,,,,,,5412,3134,2545,3237,2766,2999,2076,1704,2505,5294,2612,2052,2851,2717,2898,1959,1520,2315,2383,898,1204,1162,957,920,619,256,694,1116,539,689,135,273,273,133,273,179,1429,648,570,584,418,513,273,325,193,1185,712,89,556,139,213,265,382,209,1748,841,262,410,534,558,353,373,810,5419,5786,3753,2282,2949,5299,5258,3196,2080,2254,2383,2138,1470,623,1385,1116,758,807,273,807,1784,1719,373,267,259,1748,1691,350,350,273,5412,3134,2545,3237,2766,2999,2076,1704,2505,5294,2612,2052,2851,2717,2898,1959,1520,2315,2383,898,1204,1162,957,920,619,256,694,1116,539,689,135,273,273,133,273,179,1784,948,595,840,435,575,385,526,282,1748,841,262,410,534,558,353,373,810
ACSSF,2010m1,co,000,0005,0000041,5208,4762,2786,1761,1887,1614,1074,1159,4389,4127,2501,1621,1605,1390,917,1061,2549,1794,1072,676,633,700,399,447,948,922,407,204,281,208,174,143,1046,954,513,470,212,273,273,273,661,557,337,228,224,128,273,128,1201,1025,469,76,478,253,238,86,5208,1769,1596,2428,2367,2108,1839,1471,1877,4389,1399,1512,1976,2079,1912,1768,1388,1571,2549,746,375,877,701,582,443,468,851,948,623,371,371,496,364,158,273,212,1046,422,301,623,357,273,66,273,182,661,198,211,149,205,264,149,172,407,1201,654,209,214,404,383,216,169,557,5208,4762,3091,2091,2207,4389,4127,2687,1806,1871,2549,1794,1296,789,748,948,922,448,264,320,1226,1163,646,584,315,1201,1025,521,241,483,5208,1769,1596,2428,2367,2108,1839,1471,1877,4389,1399,1512,1976,2079,1912,1768,1388,1571,2549,746,375,877,701,582,443,468,851,948,623,371,371,496,364,158,273,212,1226,454,363,642,420,264,165,172,422,1201,654,209,214,404,383,216,169,557
ACSSF,2010m1,co,000,0005,0000042,9630,8547,4100,2783,3059,3564,2815,1779,8534,7226,3533,2526,2616,2997,2506,1457,3628,2889,1960,1233,1686,1100,1132,500,2874,2288,1504,1031,1026,1250,804,877,1671,1503,553,504,337,412,357,210,1792,1614,634,498,360,463,447,102,2192,1950,703,500,486,414,408,97,9630,4922,2686,4325,4303,5166,3600,2550,4454,8534,3747,2377,3572,3422,4262,2956,2289,3744,3628,1585,1236,1579,1281,1374,1218,594,1094,2874,1093,995,1318,1124,1260,874,682,1300,1671,782,526,895,433,475,659,288,589,1792,612,380,767,762,669,443,642,600,2192,964,462,876,801,800,674,399,1116,9630,8547,5815,4164,3767,8534,7226,5306,3890,3250,3628,2889,2170,1643,1735,2874,2288,1751,1289,1314,2195,2113,952,897,556,2192,1950,855,683,497,9630,4922,2686,4325,4303,5166,3600,2550,4454,8534,3747,2377,3572,3422,4262,2956,2289,3744,3628,1585,1236,1579,1281,1374,1218,594,1094,2874,1093,995,1318,1124,1260,874,682,1300,2195,1064,640,1144,867,815,801,684,796,2192,964,462,876,801,800,674,399,1116
ACSSF,2010m1,co,000,0005,0000043,,,,,,,,,,,,,,,,,,,,,,,,,,,,,,,,,,,,,,,,,,,,,,,,,,,,,,,,,4412,2292,1445,2032,1683,1584,1317,1173,1741,4324,1913,1255,1834,1735,1547,1246,1102,1581,1377,905,466,514,361,473,397,175,475,347,260,179,65,273,93,70,273,273,853,520,238,268,367,233,104,273,106,1215,805,245,816,248,246,244,195,269,913,448,140,137,415,292,214,258,304,4412,4274,1560,1563,863,4324,4172,1411,1339,652,1377,1352,416,228,341,347,284,200,192,65,1386,1228,870,837,300,913,886,209,115,175,4412,2292,1445,2032,1683,1584,1317,1173,1741,4324,1913,1255,1834,1735,1547,1246,1102,1581,1377,905,466,514,361,473,397,175,475,347,260,179,65,273,93,70,273,273,1386,898,324,878,505,346,268,195,282,913,448,140,137,415,292,214,258,304
ACSSF,2010m1,co,000,0005,0000044,,,,,,,,,,,,,,,,,,,,,,,,,,,,,,,,,,,,,,,,,,,,,,,,,,,,,,,,,,,,,,,,,,,,,,,,,,,,,,,,,,,,,,,,,,,,,,,,,,,,,,,,,,,,,,,,,,,,,,,,,,,,,,,,,,,,,,,,,,,,,,,,,,,,,,,,,,,,,,,,,,,,,,,,,,,,,,,,,,,,,,,,,,,,,,,,,,,,,,,,,,,
ACSSF,2010m1,co,000,0005,0000045,,,,,,,,,,,,,,,,,,,,,,,,,,,,,,,,,,,,,,,,,,,,,,,,,,,,,,,,,,,,,,,,,,,,,,,,,,,,,,,,,,,,,,,,,,,,,,,,,,,,,,,,,,,,,,,,,,,,,,,,3824,3322,2006,1180,1560,3528,3126,1506,1024,943,1341,977,1164,505,1024,506,273,506,71,501,951,774,474,391,136,702,695,233,170,155,3824,1792,1448,1725,1432,1520,1100,820,1151,3528,1380,1328,1370,1368,1380,1050,816,1113,1341,741,667,663,301,567,152,94,261,506,273,71,273,322,273,188,273,273,951,488,361,497,272,90,321,120,74,702,320,201,241,95,299,239,273,267
ACSSF,2010m1,co,000,0005,0000046,,,,,,,,,,,,,,,,,,,,,,,,,,,,,,,,,,,,,,,,,,,,,,,,,,,,,,,,,,,,,,,,,,,,,,,,,,,,,,,,,,,,,,,,,,,,,,,,,,,,,,,,,,,,,,,,,,,,,,,,3312,3455,1588,1191,992,3252,3217,1491,1147,787,1054,1067,341,219,294,417,400,104,104,273,669,533,478,246,426,644,557,294,273,294,,,,,,,,,,,,,,,,,,,,,,,,,,,,,,,,,,,,,,,,,,,,,,,,,,,,,,
ACSSF,2010m1,co,000,0005,0000047,,,,,,,,,,,,,,,,,,,,,,,,,,,,,,,,,,,,,,,,,,,,,,,,,,,,,,,,,,,,,,,,,,,,,,,,,,,,,,,,,,,,,,,,,,,,,,,,,,,,,,,,,,,,,,,,,,,,,,,,,,,,,,,,,,,,,,,,,,,,,,,,,,,,,,,,,,,,,,,,,,,,,,,,,,,,,,,,,,,,,,,,,,,,,,,,,,,,,,,,,,,
ACSSF,2010m1,co,000,0005,0000048,,,,,,,,,,,,,,,,,,,,,,,,,,,,,,,,,,,,,,,,,,,,,,,,,,,,,,,,,,,,,,,,,,,,,,,,,,,,,,,,,,,,,,,,,,,,,,,,,,,,,,,,,,,,,,,,,,,,,,,,,,,,,,,,,,,,,,,,,,,,,,,,,,,,,,,,,,,,,,,,,,,,,,,,,,,,,,,,,,,,,,,,,,,,,,,,,,,,,,,,,,,
ACSSF,2010m1,co,000,0005,0000049,,,,,,,,,,,,,,,,,,,,,,,,,,,,,,,,,,,,,,,,,,,,,,,,,,,,,,,,,,,,,,,,,,,,,,,,,,,,,,,,,,,,,,,,,,,,,,,,,,,,,,,,,,,,,,,,,,,,,,,,,,,,,,,,,,,,,,,,,,,,,,,,,,,,,,,,,,,,,,,,,,,,,,,,,,,,,,,,,,,,,,,,,,,,,,,,,,,,,,,,,,,
ACSSF,2010m1,co,000,0005,0000050,,,,,,,,,,,,,,,,,,,,,,,,,,,,,,,,,,,,,,,,,,,,,,,,,,,,,,,,,,,,,,,,,,,,,,,,,,,,,,,,,,,,,,,,,,,,,,,,,,,,,,,,,,,,,,,,,,,,,,,,,,,,,,,,,,,,,,,,,,,,,,,,,,,,,,,,,,,,,,,,,,,,,,,,,,,,,,,,,,,,,,,,,,,,,,,,,,,,,,,,,,,
ACSSF,2010m1,co,000,0005,0000051,,,,,,,,,,,,,,,,,,,,,,,,,,,,,,,,,,,,,,,,,,,,,,,,,,,,,,,,,,,,,,,,,,,,,,,,,,,,,,,,,,,,,,,,,,,,,,,,,,,,,,,,,,,,,,,,,,,,,,,,,,,,,,,,,,,,,,,,,,,,,,,,,,,,,,,,,,,,,,,,,,,,,,,,,,,,,,,,,,,,,,,,,,,,,,,,,,,,,,,,,,,
ACSSF,2010m1,co,000,0005,0000052,,,,,,,,,,,,,,,,,,,,,,,,,,,,,,,,,,,,,,,,,,,,,,,,,,,,,,,,,,,,,,,,,,,,,,,,,,,,,,,,,,,,,,,,,,,,,,,,,,,,,,,,,,,,,,,,,,,,,,,,,,,,,,,,,,,,,,,,,,,,,,,,,,,,,,,,,,,,,,,,,,,,,,,,,,,,,,,,,,,,,,,,,,,,,,,,,,,,,,,,,,,
ACSSF,2010m1,co,000,0005,0000053,,,,,,,,,,,,,,,,,,,,,,,,,,,,,,,,,,,,,,,,,,,,,,,,,,,,,,,,,,,,,,,,,,,,,,,,,,,,,,,,,,,,,,,,,,,,,,,,,,,,,,,,,,,,,,,,,,,,,,,,,,,,,,,,,,,,,,,,,,,,,,,,,,,,,,,,,,,,,,,,,,,,,,,,,,,,,,,,,,,,,,,,,,,,,,,,,,,,,,,,,,,
ACSSF,2010m1,co,000,0005,0000054,,,,,,,,,,,,,,,,,,,,,,,,,,,,,,,,,,,,,,,,,,,,,,,,,,,,,,,,,,,,,,,,,,,,,,,,,,,,,,,,,,,,,,,,,,,,,,,,,,,,,,,,,,,,,,,,,,,,,,,,,,,,,,,,,,,,,,,,,,,,,,,,,,,,,,,,,,,,,,,,,,,,,,,,,,,,,,,,,,,,,,,,,,,,,,,,,,,,,,,,,,,
ACSSF,2010m1,co,000,0005,0000055,,,,,,,,,,,,,,,,,,,,,,,,,,,,,,,,,,,,,,,,,,,,,,,,,,,,,,,,,,,,,,,,,,,,,,,,,,,,,,,,,,,,,,,,,,,,,,,,,,,,,,,,,,,,,,,,,,,,,,,,,,,,,,,,,,,,,,,,,,,,,,,,,,,,,,,,,,,,,,,,,,,,,,,,,,,,,,,,,,,,,,,,,,,,,,,,,,,,,,,,,,,
ACSSF,2010m1,co,000,0005,0000056,,,,,,,,,,,,,,,,,,,,,,,,,,,,,,,,,,,,,,,,,,,,,,,,,,,,,,,,,,,,,,,,,,,,,,,,,,,,,,,,,,,,,,,,,,,,,,,,,,,,,,,,,,,,,,,,,,,,,,,,,,,,,,,,,,,,,,,,,,,,,,,,,,,,,,,,,,,,,,,,,,,,,,,,,,,,,,,,,,,,,,,,,,,,,,,,,,,,,,,,,,,
ACSSF,2010m1,co,000,0005,0000057,,,,,,,,,,,,,,,,,,,,,,,,,,,,,,,,,,,,,,,,,,,,,,,,,,,,,,,,,,,,,,,,,,,,,,,,,,,,,,,,,,,,,,,,,,,,,,,,,,,,,,,,,,,,,,,,,,,,,,,,,,,,,,,,,,,,,,,,,,,,,,,,,,,,,,,,,,,,,,,,,,,,,,,,,,,,,,,,,,,,,,,,,,,,,,,,,,,,,,,,,,,
ACSSF,2010m1,co,000,0005,0000058,,,,,,,,,,,,,,,,,,,,,,,,,,,,,,,,,,,,,,,,,,,,,,,,,,,,,,,,,,,,,,,,,,,,,,,,,,,,,,,,,,,,,,,,,,,,,,,,,,,,,,,,,,,,,,,,,,,,,,,,,,,,,,,,,,,,,,,,,,,,,,,,,,,,,,,,,,,,,,,,,,,,,,,,,,,,,,,,,,,,,,,,,,,,,,,,,,,,,,,,,,,
ACSSF,2010m1,co,000,0005,0000059,,,,,,,,,,,,,,,,,,,,,,,,,,,,,,,,,,,,,,,,,,,,,,,,,,,,,,,,,,,,,,,,,,,,,,,,,,,,,,,,,,,,,,,,,,,,,,,,,,,,,,,,,,,,,,,,,,,,,,,,,,,,,,,,,,,,,,,,,,,,,,,,,,,,,,,,,,,,,,,,,,,,,,,,,,,,,,,,,,,,,,,,,,,,,,,,,,,,,,,,,,,
ACSSF,2010m1,co,000,0005,0000060,,,,,,,,,,,,,,,,,,,,,,,,,,,,,,,,,,,,,,,,,,,,,,,,,,,,,,,,,,,,,,,,,,,,,,,,,,,,,,,,,,,,,,,,,,,,,,,,,,,,,,,,,,,,,,,,,,,,,,,,,,,,,,,,,,,,,,,,,,,,,,,,,,,,,,,,,,,,,,,,,,,,,,,,,,,,,,,,,,,,,,,,,,,,,,,,,,,,,,,,,,,
ACSSF,2010m1,co,000,0005,0000061,,,,,,,,,,,,,,,,,,,,,,,,,,,,,,,,,,,,,,,,,,,,,,,,,,,,,,,,,,,,,,,,,,,,,,,,,,,,,,,,,,,,,,,,,,,,,,,,,,,,,,,,,,,,,,,,,,,,,,,,,,,,,,,,,,,,,,,,,,,,,,,,,,,,,,,,,,,,,,,,,,,,,,,,,,,,,,,,,,,,,,,,,,,,,,,,,,,,,,,,,,,
ACSSF,2010m1,co,000,0005,0000062,,,,,,,,,,,,,,,,,,,,,,,,,,,,,,,,,,,,,,,,,,,,,,,,,,,,,,,,,,,,,,,,,,,,,,,,,,,,,,,,,,,,,,,,,,,,,,,,,,,,,,,,,,,,,,,,,,,,,,,,,,,,,,,,,,,,,,,,,,,,,,,,,,,,,,,,,,,,,,,,,,,,,,,,,,,,,,,,,,,,,,,,,,,,,,,,,,,,,,,,,,,
ACSSF,2010m1,co,000,0005,0000063,,,,,,,,,,,,,,,,,,,,,,,,,,,,,,,,,,,,,,,,,,,,,,,,,,,,,,,,,,,,,,,,,,,,,,,,,,,,,,,,,,,,,,,,,,,,,,,,,,,,,,,,,,,,,,,,,,,,,,,,,,,,,,,,,,,,,,,,,,,,,,,,,,,,,,,,,,,,,,,,,,,,,,,,,,,,,,,,,,,,,,,,,,,,,,,,,,,,,,,,,,,
ACSSF,2010m1,co,000,0005,0000064,,,,,,,,,,,,,,,,,,,,,,,,,,,,,,,,,,,,,,,,,,,,,,,,,,,,,,,,,,,,,,,,,,,,,,,,,,,,,,,,,,,,,,,,,,,,,,,,,,,,,,,,,,,,,,,,,,,,,,,,,,,,,,,,,,,,,,,,,,,,,,,,,,,,,,,,,,,,,,,,,,,,,,,,,,,,,,,,,,,,,,,,,,,,,,,,,,,,,,,,,,,
ACSSF,2010m1,co,000,0005,0000065,,,,,,,,,,,,,,,,,,,,,,,,,,,,,,,,,,,,,,,,,,,,,,,,,,,,,,,,,,,,,,,,,,,,,,,,,,,,,,,,,,,,,,,,,,,,,,,,,,,,,,,,,,,,,,,,,,,,,,,,,,,,,,,,,,,,,,,,,,,,,,,,,,,,,,,,,,,,,,,,,,,,,,,,,,,,,,,,,,,,,,,,,,,,,,,,,,,,,,,,,,,
ACSSF,2010m1,co,000,0005,0000066,,,,,,,,,,,,,,,,,,,,,,,,,,,,,,,,,,,,,,,,,,,,,,,,,,,,,,,,,,,,,,,,,,,,,,,,,,,,,,,,,,,,,,,,,,,,,,,,,,,,,,,,,,,,,,,,,,,,,,,,,,,,,,,,,,,,,,,,,,,,,,,,,,,,,,,,,,,,,,,,,,,,,,,,,,,,,,,,,,,,,,,,,,,,,,,,,,,,,,,,,,,
ACSSF,2010m1,co,000,0005,0000067,,,,,,,,,,,,,,,,,,,,,,,,,,,,,,,,,,,,,,,,,,,,,,,,,,,,,,,,,,,,,,,,,,,,,,,,,,,,,,,,,,,,,,,,,,,,,,,,,,,,,,,,,,,,,,,,,,,,,,,,,,,,,,,,,,,,,,,,,,,,,,,,,,,,,,,,,,,,,,,,,,,,,,,,,,,,,,,,,,,,,,,,,,,,,,,,,,,,,,,,,,,
ACSSF,2010m1,co,000,0005,0000068,,,,,,,,,,,,,,,,,,,,,,,,,,,,,,,,,,,,,,,,,,,,,,,,,,,,,,,,,,,,,,,,,,,,,,,,,,,,,,,,,,,,,,,,,,,,,,,,,,,,,,,,,,,,,,,,,,,,,,,,,,,,,,,,,,,,,,,,,,,,,,,,,,,,,,,,,,,,,,,,,,,,,,,,,,,,,,,,,,,,,,,,,,,,,,,,,,,,,,,,,,,
ACSSF,2010m1,co,000,0005,0000069,,,,,,,,,,,,,,,,,,,,,,,,,,,,,,,,,,,,,,,,,,,,,,,,,,,,,,,,,,,,,,,,,,,,,,,,,,,,,,,,,,,,,,,,,,,,,,,,,,,,,,,,,,,,,,,,,,,,,,,,,,,,,,,,,,,,,,,,,,,,,,,,,,,,,,,,,,,,,,,,,,,,,,,,,,,,,,,,,,,,,,,,,,,,,,,,,,,,,,,,,,,
ACSSF,2010m1,co,000,0005,0000070,,,,,,,,,,,,,,,,,,,,,,,,,,,,,,,,,,,,,,,,,,,,,,,,,,,,,,,,,,,,,,,,,,,,,,,,,,,,,,,,,,,,,,,,,,,,,,,,,,,,,,,,,,,,,,,,,,,,,,,,,,,,,,,,,,,,,,,,,,,,,,,,,,,,,,,,,,,,,,,,,,,,,,,,,,,,,,,,,,,,,,,,,,,,,,,,,,,,,,,,,,,
ACSSF,2010m1,co,000,0005,0000071,,,,,,,,,,,,,,,,,,,,,,,,,,,,,,,,,,,,,,,,,,,,,,,,,,,,,,,,,,,,,,,,,,,,,,,,,,,,,,,,,,,,,,,,,,,,,,,,,,,,,,,,,,,,,,,,,,,,,,,,,,,,,,,,,,,,,,,,,,,,,,,,,,,,,,,,,,,,,,,,,,,,,,,,,,,,,,,,,,,,,,,,,,,,,,,,,,,,,,,,,,,
ACSSF,2010m1,co,000,0005,0000072,,,,,,,,,,,,,,,,,,,,,,,,,,,,,,,,,,,,,,,,,,,,,,,,,,,,,,,,,,,,,,,,,,,,,,,,,,,,,,,,,,,,,,,,,,,,,,,,,,,,,,,,,,,,,,,,,,,,,,,,,,,,,,,,,,,,,,,,,,,,,,,,,,,,,,,,,,,,,,,,,,,,,,,,,,,,,,,,,,,,,,,,,,,,,,,,,,,,,,,,,,,
ACSSF,2010m1,co,000,0005,0000073,,,,,,,,,,,,,,,,,,,,,,,,,,,,,,,,,,,,,,,,,,,,,,,,,,,,,,,,,,,,,,,,,,,,,,,,,,,,,,,,,,,,,,,,,,,,,,,,,,,,,,,,,,,,,,,,,,,,,,,,,,,,,,,,,,,,,,,,,,,,,,,,,,,,,,,,,,,,,,,,,,,,,,,,,,,,,,,,,,,,,,,,,,,,,,,,,,,,,,,,,,,
ACSSF,2010m1,co,000,0005,0000074,,,,,,,,,,,,,,,,,,,,,,,,,,,,,,,,,,,,,,,,,,,,,,,,,,,,,,,,,,,,,,,,,,,,,,,,,,,,,,,,,,,,,,,,,,,,,,,,,,,,,,,,,,,,,,,,,,,,,,,,,,,,,,,,,,,,,,,,,,,,,,,,,,,,,,,,,,,,,,,,,,,,,,,,,,,,,,,,,,,,,,,,,,,,,,,,,,,,,,,,,,,
ACSSF,2010m1,co,000,0005,0000075,,,,,,,,,,,,,,,,,,,,,,,,,,,,,,,,,,,,,,,,,,,,,,,,,,,,,,,,,,,,,,,,,,,,,,,,,,,,,,,,,,,,,,,,,,,,,,,,,,,,,,,,,,,,,,,,,,,,,,,,,,,,,,,,,,,,,,,,,,,,,,,,,,,,,,,,,,,,,,,,,,,,,,,,,,,,,,,,,,,,,,,,,,,,,,,,,,,,,,,,,,,
ACSSF,2010m1,co,000,0005,0000076,,,,,,,,,,,,,,,,,,,,,,,,,,,,,,,,,,,,,,,,,,,,,,,,,,,,,,,,,,,,,,,,,,,,,,,,,,,,,,,,,,,,,,,,,,,,,,,,,,,,,,,,,,,,,,,,,,,,,,,,,,,,,,,,,,,,,,,,,,,,,,,,,,,,,,,,,,,,,,,,,,,,,,,,,,,,,,,,,,,,,,,,,,,,,,,,,,,,,,,,,,,
ACSSF,2010m1,co,000,0005,0000077,,,,,,,,,,,,,,,,,,,,,,,,,,,,,,,,,,,,,,,,,,,,,,,,,,,,,,,,,,,,,,,,,,,,,,,,,,,,,,,,,,,,,,,,,,,,,,,,,,,,,,,,,,,,,,,,,,,,,,,,,,,,,,,,,,,,,,,,,,,,,,,,,,,,,,,,,,,,,,,,,,,,,,,,,,,,,,,,,,,,,,,,,,,,,,,,,,,,,,,,,,,
ACSSF,2010m1,co,000,0005,0000078,,,,,,,,,,,,,,,,,,,,,,,,,,,,,,,,,,,,,,,,,,,,,,,,,,,,,,,,,,,,,,,,,,,,,,,,,,,,,,,,,,,,,,,,,,,,,,,,,,,,,,,,,,,,,,,,,,,,,,,,,,,,,,,,,,,,,,,,,,,,,,,,,,,,,,,,,,,,,,,,,,,,,,,,,,,,,,,,,,,,,,,,,,,,,,,,,,,,,,,,,,,
ACSSF,2010m1,co,000,0005,0000079,,,,,,,,,,,,,,,,,,,,,,,,,,,,,,,,,,,,,,,,,,,,,,,,,,,,,,,,,,,,,,,,,,,,,,,,,,,,,,,,,,,,,,,,,,,,,,,,,,,,,,,,,,,,,,,,,,,,,,,,,,,,,,,,,,,,,,,,,,,,,,,,,,,,,,,,,,,,,,,,,,,,,,,,,,,,,,,,,,,,,,,,,,,,,,,,,,,,,,,,,,,
ACSSF,2010m1,co,000,0005,0000080,,,,,,,,,,,,,,,,,,,,,,,,,,,,,,,,,,,,,,,,,,,,,,,,,,,,,,,,,,,,,,,,,,,,,,,,,,,,,,,,,,,,,,,,,,,,,,,,,,,,,,,,,,,,,,,,,,,,,,,,,,,,,,,,,,,,,,,,,,,,,,,,,,,,,,,,,,,,,,,,,,,,,,,,,,,,,,,,,,,,,,,,,,,,,,,,,,,,,,,,,,,
ACSSF,2010m1,co,000,0005,0000081,,,,,,,,,,,,,,,,,,,,,,,,,,,,,,,,,,,,,,,,,,,,,,,,,,,,,,,,,,,,,,,,,,,,,,,,,,,,,,,,,,,,,,,,,,,,,,,,,,,,,,,,,,,,,,,,,,,,,,,,,,,,,,,,,,,,,,,,,,,,,,,,,,,,,,,,,,,,,,,,,,,,,,,,,,,,,,,,,,,,,,,,,,,,,,,,,,,,,,,,,,,
ACSSF,2010m1,co,000,0005,0000082,,,,,,,,,,,,,,,,,,,,,,,,,,,,,,,,,,,,,,,,,,,,,,,,,,,,,,,,,,,,,,,,,,,,,,,,,,,,,,,,,,,,,,,,,,,,,,,,,,,,,,,,,,,,,,,,,,,,,,,,,,,,,,,,,,,,,,,,,,,,,,,,,,,,,,,,,,,,,,,,,,,,,,,,,,,,,,,,,,,,,,,,,,,,,,,,,,,,,,,,,,,
ACSSF,2010m1,co,000,0005,0000083,,,,,,,,,,,,,,,,,,,,,,,,,,,,,,,,,,,,,,,,,,,,,,,,,,,,,,,,,,,,,,,,,,,,,,,,,,,,,,,,,,,,,,,,,,,,,,,,,,,,,,,,,,,,,,,,,,,,,,,,,,,,,,,,,,,,,,,,,,,,,,,,,,,,,,,,,,,,,,,,,,,,,,,,,,,,,,,,,,,,,,,,,,,,,,,,,,,,,,,,,,,
ACSSF,2010m1,co,000,0005,0000084,,,,,,,,,,,,,,,,,,,,,,,,,,,,,,,,,,,,,,,,,,,,,,,,,,,,,,,,,,,,,,,,,,,,,,,,,,,,,,,,,,,,,,,,,,,,,,,,,,,,,,,,,,,,,,,,,,,,,,,,,,,,,,,,,,,,,,,,,,,,,,,,,,,,,,,,,,,,,,,,,,,,,,,,,,,,,,,,,,,,,,,,,,,,,,,,,,,,,,,,,,,
ACSSF,2010m1,co,000,0005,0000085,,,,,,,,,,,,,,,,,,,,,,,,,,,,,,,,,,,,,,,,,,,,,,,,,,,,,,,,,,,,,,,,,,,,,,,,,,,,,,,,,,,,,,,,,,,,,,,,,,,,,,,,,,,,,,,,,,,,,,,,,,,,,,,,,,,,,,,,,,,,,,,,,,,,,,,,,,,,,,,,,,,,,,,,,,,,,,,,,,,,,,,,,,,,,,,,,,,,,,,,,,,
ACSSF,2010m1,co,000,0005,0000086,,,,,,,,,,,,,,,,,,,,,,,,,,,,,,,,,,,,,,,,,,,,,,,,,,,,,,,,,,,,,,,,,,,,,,,,,,,,,,,,,,,,,,,,,,,,,,,,,,,,,,,,,,,,,,,,,,,,,,,,,,,,,,,,,,,,,,,,,,,,,,,,,,,,,,,,,,,,,,,,,,,,,,,,,,,,,,,,,,,,,,,,,,,,,,,,,,,,,,,,,,,
ACSSF,2010m1,co,000,0005,0000087,,,,,,,,,,,,,,,,,,,,,,,,,,,,,,,,,,,,,,,,,,,,,,,,,,,,,,,,,,,,,,,,,,,,,,,,,,,,,,,,,,,,,,,,,,,,,,,,,,,,,,,,,,,,,,,,,,,,,,,,,,,,,,,,,,,,,,,,,,,,,,,,,,,,,,,,,,,,,,,,,,,,,,,,,,,,,,,,,,,,,,,,,,,,,,,,,,,,,,,,,,,
ACSSF,2010m1,co,000,0005,0000088,,,,,,,,,,,,,,,,,,,,,,,,,,,,,,,,,,,,,,,,,,,,,,,,,,,,,,,,,,,,,,,,,,,,,,,,,,,,,,,,,,,,,,,,,,,,,,,,,,,,,,,,,,,,,,,,,,,,,,,,,,,,,,,,,,,,,,,,,,,,,,,,,,,,,,,,,,,,,,,,,,,,,,,,,,,,,,,,,,,,,,,,,,,,,,,,,,,,,,,,,,,
ACSSF,2010m1,co,000,0005,0000089,,,,,,,,,,,,,,,,,,,,,,,,,,,,,,,,,,,,,,,,,,,,,,,,,,,,,,,,,,,,,,,,,,,,,,,,,,,,,,,,,,,,,,,,,,,,,,,,,,,,,,,,,,,,,,,,,,,,,,,,,,,,,,,,,,,,,,,,,,,,,,,,,,,,,,,,,,,,,,,,,,,,,,,,,,,,,,,,,,,,,,,,,,,,,,,,,,,,,,,,,,,
ACSSF,2010m1,co,000,0005,0000090,,,,,,,,,,,,,,,,,,,,,,,,,,,,,,,,,,,,,,,,,,,,,,,,,,,,,,,,,,,,,,,,,,,,,,,,,,,,,,,,,,,,,,,,,,,,,,,,,,,,,,,,,,,,,,,,,,,,,,,,,,,,,,,,,,,,,,,,,,,,,,,,,,,,,,,,,,,,,,,,,,,,,,,,,,,,,,,,,,,,,,,,,,,,,,,,,,,,,,,,,,,
ACSSF,2010m1,co,000,0005,0000091,,,,,,,,,,,,,,,,,,,,,,,,,,,,,,,,,,,,,,,,,,,,,,,,,,,,,,,,,,,,,,,,,,,,,,,,,,,,,,,,,,,,,,,,,,,,,,,,,,,,,,,,,,,,,,,,,,,,,,,,,,,,,,,,,,,,,,,,,,,,,,,,,,,,,,,,,,,,,,,,,,,,,,,,,,,,,,,,,,,,,,,,,,,,,,,,,,,,,,,,,,,
ACSSF,2010m1,co,000,0005,0000092,,,,,,,,,,,,,,,,,,,,,,,,,,,,,,,,,,,,,,,,,,,,,,,,,,,,,,,,,,,,,,,,,,,,,,,,,,,,,,,,,,,,,,,,,,,,,,,,,,,,,,,,,,,,,,,,,,,,,,,,,,,,,,,,,,,,,,,,,,,,,,,,,,,,,,,,,,,,,,,,,,,,,,,,,,,,,,,,,,,,,,,,,,,,,,,,,,,,,,,,,,,
ACSSF,2010m1,co,000,0005,0000093,,,,,,,,,,,,,,,,,,,,,,,,,,,,,,,,,,,,,,,,,,,,,,,,,,,,,,,,,,,,,,,,,,,,,,,,,,,,,,,,,,,,,,,,,,,,,,,,,,,,,,,,,,,,,,,,,,,,,,,,,,,,,,,,,,,,,,,,,,,,,,,,,,,,,,,,,,,,,,,,,,,,,,,,,,,,,,,,,,,,,,,,,,,,,,,,,,,,,,,,,,,
ACSSF,2010m1,co,000,0005,0000094,,,,,,,,,,,,,,,,,,,,,,,,,,,,,,,,,,,,,,,,,,,,,,,,,,,,,,,,,,,,,,,,,,,,,,,,,,,,,,,,,,,,,,,,,,,,,,,,,,,,,,,,,,,,,,,,,,,,,,,,,,,,,,,,,,,,,,,,,,,,,,,,,,,,,,,,,,,,,,,,,,,,,,,,,,,,,,,,,,,,,,,,,,,,,,,,,,,,,,,,,,,
ACSSF,2010m1,co,000,0005,0000095,,,,,,,,,,,,,,,,,,,,,,,,,,,,,,,,,,,,,,,,,,,,,,,,,,,,,,,,,,,,,,,,,,,,,,,,,,,,,,,,,,,,,,,,,,,,,,,,,,,,,,,,,,,,,,,,,,,,,,,,,,,,,,,,,,,,,,,,,,,,,,,,,,,,,,,,,,,,,,,,,,,,,,,,,,,,,,,,,,,,,,,,,,,,,,,,,,,,,,,,,,,
ACSSF,2010m1,co,000,0005,0000096,,,,,,,,,,,,,,,,,,,,,,,,,,,,,,,,,,,,,,,,,,,,,,,,,,,,,,,,,,,,,,,,,,,,,,,,,,,,,,,,,,,,,,,,,,,,,,,,,,,,,,,,,,,,,,,,,,,,,,,,,,,,,,,,,,,,,,,,,,,,,,,,,,,,,,,,,,,,,,,,,,,,,,,,,,,,,,,,,,,,,,,,,,,,,,,,,,,,,,,,,,,
ACSSF,2010m1,co,000,0005,0000097,,,,,,,,,,,,,,,,,,,,,,,,,,,,,,,,,,,,,,,,,,,,,,,,,,,,,,,,,,,,,,,,,,,,,,,,,,,,,,,,,,,,,,,,,,,,,,,,,,,,,,,,,,,,,,,,,,,,,,,,,,,,,,,,,,,,,,,,,,,,,,,,,,,,,,,,,,,,,,,,,,,,,,,,,,,,,,,,,,,,,,,,,,,,,,,,,,,,,,,,,,,
ACSSF,2010m1,co,000,0005,0000098,,,,,,,,,,,,,,,,,,,,,,,,,,,,,,,,,,,,,,,,,,,,,,,,,,,,,,,,,,,,,,,,,,,,,,,,,,,,,,,,,,,,,,,,,,,,,,,,,,,,,,,,,,,,,,,,,,,,,,,,,,,,,,,,,,,,,,,,,,,,,,,,,,,,,,,,,,,,,,,,,,,,,,,,,,,,,,,,,,,,,,,,,,,,,,,,,,,,,,,,,,,
ACSSF,2010m1,co,000,0005,0000099,,,,,,,,,,,,,,,,,,,,,,,,,,,,,,,,,,,,,,,,,,,,,,,,,,,,,,,,,,,,,,,,,,,,,,,,,,,,,,,,,,,,,,,,,,,,,,,,,,,,,,,,,,,,,,,,,,,,,,,,,,,,,,,,,,,,,,,,,,,,,,,,,,,,,,,,,,,,,,,,,,,,,,,,,,,,,,,,,,,,,,,,,,,,,,,,,,,,,,,,,,,
ACSSF,2010m1,co,000,0005,0000100,,,,,,,,,,,,,,,,,,,,,,,,,,,,,,,,,,,,,,,,,,,,,,,,,,,,,,,,,,,,,,,,,,,,,,,,,,,,,,,,,,,,,,,,,,,,,,,,,,,,,,,,,,,,,,,,,,,,,,,,,,,,,,,,,,,,,,,,,,,,,,,,,,,,,,,,,,,,,,,,,,,,,,,,,,,,,,,,,,,,,,,,,,,,,,,,,,,,,,,,,,,
ACSSF,2010m1,co,000,0005,0000101,,,,,,,,,,,,,,,,,,,,,,,,,,,,,,,,,,,,,,,,,,,,,,,,,,,,,,,,,,,,,,,,,,,,,,,,,,,,,,,,,,,,,,,,,,,,,,,,,,,,,,,,,,,,,,,,,,,,,,,,,,,,,,,,,,,,,,,,,,,,,,,,,,,,,,,,,,,,,,,,,,,,,,,,,,,,,,,,,,,,,,,,,,,,,,,,,,,,,,,,,,,
ACSSF,2010m1,co,000,0005,0000102,,,,,,,,,,,,,,,,,,,,,,,,,,,,,,,,,,,,,,,,,,,,,,,,,,,,,,,,,,,,,,,,,,,,,,,,,,,,,,,,,,,,,,,,,,,,,,,,,,,,,,,,,,,,,,,,,,,,,,,,,,,,,,,,,,,,,,,,,,,,,,,,,,,,,,,,,,,,,,,,,,,,,,,,,,,,,,,,,,,,,,,,,,,,,,,,,,,,,,,,,,,
ACSSF,2010m1,co,000,0005,0000103,,,,,,,,,,,,,,,,,,,,,,,,,,,,,,,,,,,,,,,,,,,,,,,,,,,,,,,,,,,,,,,,,,,,,,,,,,,,,,,,,,,,,,,,,,,,,,,,,,,,,,,,,,,,,,,,,,,,,,,,,,,,,,,,,,,,,,,,,,,,,,,,,,,,,,,,,,,,,,,,,,,,,,,,,,,,,,,,,,,,,,,,,,,,,,,,,,,,,,,,,,,
ACSSF,2010m1,co,000,0005,0000104,,,,,,,,,,,,,,,,,,,,,,,,,,,,,,,,,,,,,,,,,,,,,,,,,,,,,,,,,,,,,,,,,,,,,,,,,,,,,,,,,,,,,,,,,,,,,,,,,,,,,,,,,,,,,,,,,,,,,,,,,,,,,,,,,,,,,,,,,,,,,,,,,,,,,,,,,,,,,,,,,,,,,,,,,,,,,,,,,,,,,,,,,,,,,,,,,,,,,,,,,,,
ACSSF,2010m1,co,000,0005,0000105,,,,,,,,,,,,,,,,,,,,,,,,,,,,,,,,,,,,,,,,,,,,,,,,,,,,,,,,,,,,,,,,,,,,,,,,,,,,,,,,,,,,,,,,,,,,,,,,,,,,,,,,,,,,,,,,,,,,,,,,,,,,,,,,,,,,,,,,,,,,,,,,,,,,,,,,,,,,,,,,,,,,,,,,,,,,,,,,,,,,,,,,,,,,,,,,,,,,,,,,,,,
ACSSF,2010m1,co,000,0005,0000106,,,,,,,,,,,,,,,,,,,,,,,,,,,,,,,,,,,,,,,,,,,,,,,,,,,,,,,,,,,,,,,,,,,,,,,,,,,,,,,,,,,,,,,,,,,,,,,,,,,,,,,,,,,,,,,,,,,,,,,,,,,,,,,,,,,,,,,,,,,,,,,,,,,,,,,,,,,,,,,,,,,,,,,,,,,,,,,,,,,,,,,,,,,,,,,,,,,,,,,,,,,
ACSSF,2010m1,co,000,0005,0000107,,,,,,,,,,,,,,,,,,,,,,,,,,,,,,,,,,,,,,,,,,,,,,,,,,,,,,,,,,,,,,,,,,,,,,,,,,,,,,,,,,,,,,,,,,,,,,,,,,,,,,,,,,,,,,,,,,,,,,,,,,,,,,,,,,,,,,,,,,,,,,,,,,,,,,,,,,,,,,,,,,,,,,,,,,,,,,,,,,,,,,,,,,,,,,,,,,,,,,,,,,,
ACSSF,2010m1,co,000,0005,0000108,,,,,,,,,,,,,,,,,,,,,,,,,,,,,,,,,,,,,,,,,,,,,,,,,,,,,,,,,,,,,,,,,,,,,,,,,,,,,,,,,,,,,,,,,,,,,,,,,,,,,,,,,,,,,,,,,,,,,,,,,,,,,,,,,,,,,,,,,,,,,,,,,,,,,,,,,,,,,,,,,,,,,,,,,,,,,,,,,,,,,,,,,,,,,,,,,,,,,,,,,,,
ACSSF,2010m1,co,000,0005,0000109,,,,,,,,,,,,,,,,,,,,,,,,,,,,,,,,,,,,,,,,,,,,,,,,,,,,,,,,,,,,,,,,,,,,,,,,,,,,,,,,,,,,,,,,,,,,,,,,,,,,,,,,,,,,,,,,,,,,,,,,,,,,,,,,,,,,,,,,,,,,,,,,,,,,,,,,,,,,,,,,,,,,,,,,,,,,,,,,,,,,,,,,,,,,,,,,,,,,,,,,,,,
ACSSF,2010m1,co,000,0005,0000110,,,,,,,,,,,,,,,,,,,,,,,,,,,,,,,,,,,,,,,,,,,,,,,,,,,,,,,,,,,,,,,,,,,,,,,,,,,,,,,,,,,,,,,,,,,,,,,,,,,,,,,,,,,,,,,,,,,,,,,,,,,,,,,,,,,,,,,,,,,,,,,,,,,,,,,,,,,,,,,,,,,,,,,,,,,,,,,,,,,,,,,,,,,,,,,,,,,,,,,,,,,
ACSSF,2010m1,co,000,0005,0000111,,,,,,,,,,,,,,,,,,,,,,,,,,,,,,,,,,,,,,,,,,,,,,,,,,,,,,,,,,,,,,,,,,,,,,,,,,,,,,,,,,,,,,,,,,,,,,,,,,,,,,,,,,,,,,,,,,,,,,,,,,,,,,,,,,,,,,,,,,,,,,,,,,,,,,,,,,,,,,,,,,,,,,,,,,,,,,,,,,,,,,,,,,,,,,,,,,,,,,,,,,,
