ACSSF,2010m1,co,000,0017,0000001,0,941,212,134,10895,2921,658,1234,1122,1006,1315,1085,435,657,1215,1748,403,891,2054,774,1240,804,2950,1291,619,3108,279,836,1114,238,2767,1094,3786,4013,1390,12329,815,6935,1943,5717,2786,16754,192,2435,101,2208,261,2179,12751,703,8094,350,1182,111,280,115,195,2482,5661,507,6629,1337,1291,3764,2391,4215,5618,821,1068,1514,1261,279,4481,279,2947,867,279,601,563,435,279,2095,585,2028,96,279,2809,1393,5915,2103,720,1773,3327,1771,69,279,96,79,96,83,515,1589,68,279,440,279,1896,17764,18601,0,10895,2921,2950,2767,3786,4013,12329,6935,5717,2786,16754,2435,2208,12751,8094,1182,5661,6629,1337,3764,4215,5618,1514,4481,5915,2103,1773,3327,1771,19068,18601
ACSSF,2010m1,co,000,0017,0000002,18978,941,212,90,9272,2776,316,1234,1122,957,1296,279,418,657,1221,1668,403,904,1803,708,851,637,2512,711,415,1987,279,818,1040,238,2283,893,3068,3566,1319,10387,701,6471,1681,5190,2361,14216,192,2383,101,1870,162,2106,11347,667,7213,331,733,111,280,115,127,2213,4909,466,5576,1116,1205,3545,1438,3449,4921,800,852,1330,1198,279,4261,279,2963,867,279,601,563,435,279,2095,575,2028,96,279,2876,867,5296,1819,717,1619,2688,1572,69,279,99,79,96,83,445,1512,68,279,150,279,1286,18145,16392,18978,9272,2776,2512,2283,3068,3566,10387,6471,5190,2361,14216,2383,1870,11347,7213,733,4909,5576,1116,3545,3449,4921,1330,4261,5296,1819,1619,2688,1572,19138,16392
ACSSF,2010m1,co,000,0017,0000003,,,,,,,,,,,,,,,,,,,,,,,,,,,,,,,,,,,,,,,,,,,,,,,,,,,,,,,,,,,,,,,,,,,,,,,,,,,,,,,,,,,,,,,,,,,,,,,,,,,,,,,,,,,,,,18978,6501,1259,1755,1459,1907,2255,7085,3702,3219,1630,9168,1367,1342,6061,4177,882,2489,2975,758,1355,2364,2851,756,1318,2739,1051,744,2107,960,13730,9349
ACSSF,2010m1,co,000,0017,0000004,3907,941,212,102,10592,2963,658,1234,1122,965,1315,1085,388,657,1221,1748,403,721,1875,365,1224,786,2898,1331,441,3049,279,836,1124,238,2767,1064,3560,3893,1393,11572,815,6638,1949,5651,2628,15421,188,2379,101,2190,261,2179,12493,667,8125,337,1176,111,280,84,127,2547,5420,484,6337,1314,1284,3827,2264,4008,5400,826,1062,1495,1257,279,4487,279,2947,867,279,601,563,435,279,2095,582,2028,96,279,2809,1393,5950,2008,720,1750,3298,1771,69,279,96,79,96,83,515,1589,68,279,440,279,1846,17833,17821,3907,10592,2963,2898,2767,3560,3893,11572,6638,5651,2628,15421,2379,2190,12493,8125,1176,5420,6337,1314,3827,4008,5400,1495,4487,5950,2008,1750,3298,1771,19405,17821
ACSSF,2010m1,co,000,0017,0000005,2953,941,212,102,10338,2991,658,1231,1149,902,1315,1085,384,657,1221,1728,403,673,1848,365,1225,786,2970,1331,441,3071,279,840,1060,238,2626,991,3508,3912,1402,11610,815,6480,1904,5378,2488,14430,188,2330,101,2107,254,2151,12177,667,8066,333,1162,111,280,84,127,2341,5322,435,6175,1298,1257,3820,2324,3635,5424,826,1008,1348,1266,279,4450,279,2719,867,279,601,563,435,279,1644,582,2028,96,279,2780,1393,5691,1991,720,1748,3323,1718,69,279,96,79,96,83,515,1534,68,279,440,279,1840,16577,16751,2953,10338,2991,2970,2626,3508,3912,11610,6480,5378,2488,14430,2330,2107,12177,8066,1162,5322,6175,1298,3820,3635,5424,1348,4450,5691,1991,1748,3323,1718,18225,16751
ACSSF,2010m1,co,000,0017,0000006,139,854,279,279,5839,2483,584,1196,1123,649,1272,1085,388,431,541,1533,403,268,1095,176,592,505,1788,256,394,2046,279,356,848,279,1716,658,1826,2333,752,7026,744,4087,1232,3043,1735,8469,188,1203,101,1246,162,1349,6877,472,5053,301,665,111,249,279,279,1641,3252,296,3683,927,861,2605,757,1882,3178,664,365,1128,948,279,4011,279,2685,529,279,279,418,416,279,960,465,1984,279,279,2031,886,3821,1468,246,1213,1944,1529,69,279,99,79,96,279,397,1509,68,279,119,279,1547,12364,10587,139,5839,2483,1788,1716,1826,2333,7026,4087,3043,1735,8469,1203,1246,6877,5053,665,3252,3683,927,2605,1882,3178,1128,4011,3821,1468,1213,1944,1529,12590,10587
ACSSF,2010m1,co,000,0017,0000007,2971,391,212,102,8952,1672,340,253,272,632,233,279,110,627,1030,754,279,615,1510,344,1033,585,2083,1284,201,2608,279,746,765,238,2086,659,2786,3093,1143,9639,317,5057,1399,4594,1765,12933,279,2037,279,1624,178,1680,9255,460,6798,142,1045,279,119,84,127,1614,4610,355,4922,819,805,2871,2190,2864,4018,531,843,857,891,279,3238,279,521,659,279,601,371,137,279,1351,362,593,96,279,2104,1066,4147,1629,666,1379,2522,1128,279,279,89,279,279,83,320,843,279,279,422,279,891,13315,12535,2971,8952,1672,2083,2086,2786,3093,9639,5057,4594,1765,12933,2037,1624,9255,6798,1045,4610,4922,819,2871,2864,4018,857,3238,4147,1629,1379,2522,1128,15410,12535
ACSSF,2010m1,co,000,0017,0000008,,,,,,,,,,,,,,,,,,,,,,,,,,,,,,,,,,,,,,,,,,,,,,,,,,,,,,,,,,,,,,,,,,,,,,,,,,,,,,,,,,,,,,,,,,,,,,,,,,,,,,,,,,,,,,2647,2183,337,380,1126,1040,895,2417,706,1148,1001,5082,454,389,3087,1569,167,1293,996,124,560,1659,1058,590,558,1547,362,105,546,525,4410,5055
ACSSF,2010m1,co,000,0017,0000009,,,,,,,,,,,,,,,,,,,,,,,,,,,,,,,,,,,,,,,,,,,,,,,,,,,,,,,,,,,,,,,,,,,,,,,,,,,,,,,,,,,,,,,,,,,,,,,,,,,,,,,,,,,,,,6704,1340,64,279,95,960,398,1062,642,779,1036,2673,220,111,1539,1002,128,600,641,279,92,494,889,508,548,964,184,279,278,279,4199,2608
ACSSF,2010m1,co,000,0017,0000010,,,,,,,,,,,,,,,,,,,,,,,,,,,,,,,,,,,,,,,,,,,,,,,,,,,,,,,,,,,,,,,,,,,,,,,,,,,,,,,,,,,,,,,,,,,,,,,,,,,,,,,,,,,,,,6387,1539,333,380,1106,477,893,2132,396,716,332,4240,391,370,2707,1446,112,1142,782,124,567,1664,795,283,84,1078,314,105,404,525,4877,4372
ACSSF,2010m1,co,000,0017,0000011,,,,,,,,,,,,,,,,,,,,,,,,,,,,,,,,,,,,,,,,,,,,,,,,,,,,,,,,,,,,,,,,,,,,,,,,,,,,,,,,,,,,,,,,,,,,,,,,,,,,,,,,,,,,,,3907,2900,274,271,395,1074,1356,2778,2019,1694,655,5321,397,700,3664,2122,174,1673,1294,333,785,1169,1457,184,113,1544,534,172,697,279,5388,5179
ACSSF,2010m1,co,000,0017,0000012,,,,,,,,,,,,,,,,,,,,,,,,,,,,,,,,,,,,,,,,,,,,,,,,,,,,,,,,,,,,,,,,,,,,,,,,,,,,,,,,,,,,,,,,,,,,,,,,,,,,,,,,,,,,,,2953,3507,435,435,1147,1553,1725,3697,2143,2106,1224,6864,609,794,3898,2592,260,2121,1725,368,959,2104,1612,605,565,2391,643,197,946,525,6480,7989
ACSSF,2010m1,co,000,0017,0000013,,,,,,,,,,,,,,,,,,,,,,,,,,,,,,,,,,,,,,,,,,,,,,,,,,,,,,,,,,,,,,,,,,,,,,,,,,,,,,,,,,,,,,,,,,,,,,,,,,,,,,,,,,,,,,0,5329,365,484,808,384,722,2511,1606,1488,727,4466,457,521,2776,2711,131,945,2331,317,786,1048,1901,257,1684,1578,574,174,643,263,6411,5619
ACSSF,2010m1,co,000,0017,0000014,,,,,,,,,,,,,,,,,,,,,,,,,,,,,,,,,,,,,,,,,,,,,,,,,,,,,,,,,,,,,,,,,,,,,,,,,,,,,,,,,,,,,,,,,,,,,,,,,,,,,,,,,,,,,,0,4122,1401,963,630,1336,1325,3929,2689,1855,1058,4521,910,648,3537,3222,377,2410,1759,434,1884,1178,2298,451,3194,2359,707,1006,464,1130,6442,4995
ACSSF,2010m1,co,000,0017,0000015,,,,,,,,,,,,,,,,,,,,,,,,,,,,,,,,,,,,,,,,,,,,,,,,,,,,,,,,,,,,,,,,,,,,,,,,,,,,,,,,,,,,,,,,,,,,,,,,,,,,,,,,,,,,,,0,1973,301,963,706,651,1158,2709,2363,1347,488,3921,576,874,3543,2124,347,1056,1396,181,1085,886,2076,298,559,1500,509,373,538,151,3081,3735
ACSSF,2010m1,co,000,0017,0000016,,,,,,,,,,,,,,,,,,,,,,,,,,,,,,,,,,,,,,,,,,,,,,,,,,,,,,,,,,,,,,,,,,,,,,,,,,,,,,,,,,,,,,,,,,,,,,,,,,,,,,,,,,,,,,0,2666,1325,1583,700,678,882,3169,3399,1527,605,4138,785,440,3358,2553,431,1586,1598,672,1838,735,1198,213,2859,1344,560,708,789,284,5885,5222
ACSSF,2010m1,co,000,0017,0000017,,,,,,,,,,,,,,,,,,,,,,,,,,,,,,,,,,,,,,,,,,,,,,,,,,,,,,,,,,,,,,,,,,,,,,,,,,,,,,,,,,,,,,,,,,,,,,,,,,,,,,,,,,,,,,0,2805,740,1006,674,1368,1605,4062,2024,2688,477,5138,1208,526,3462,2893,370,1405,1549,439,1230,1120,1735,565,512,1397,982,525,1310,122,5428,3953
ACSSF,2010m1,co,000,0017,0000018,,,,,,,,,,,,,,,,,,,,,,,,,,,,,,,,,,,,,,,,,,,,,,,,,,,,,,,,,,,,,,,,,,,,,,,,,,,,,,,,,,,,,,,,,,,,,,,,,,,,,,,,,,,,,,0,4608,1596,1147,1381,693,1741,4436,2079,2946,1333,5706,817,934,5072,2778,333,2606,2820,458,904,1452,2493,1014,1069,2828,681,491,2342,1187,6770,6897
ACSSF,2010m1,co,000,0017,0000019,,,,,,,,,,,,,,,,,,,,,,,,,,,,,,,,,,,,,,,,,,,,,,,,,,,,,,,,,,,,,,,,,,,,,,,,,,,,,,,,,,,,,,,,,,,,,,,,,,,,,,,,,,,,,,0,2973,1026,581,1004,1450,1319,3566,2283,1897,734,5370,1204,631,4048,3497,461,2373,2543,352,2146,1634,1519,368,525,1488,644,600,1031,120,5580,5102
ACSSF,2010m1,co,000,0017,0000020,,,,,,,,,,,,,,,,,,,,,,,,,,,,,,,,,,,,,,,,,,,,,,,,,,,,,,,,,,,,,,,,,,,,,,,,,,,,,,,,,,,,,,,,,,,,,,,,,,,,,,,,,,,,,,0,1976,1156,817,772,1294,1322,3449,2248,1382,1053,4544,653,577,3399,2393,300,1467,1078,517,668,775,1181,179,580,2457,1199,561,452,285,3634,5292
ACSSF,2010m1,co,000,0017,0000021,,,,,,,,,,,,,,,,,,,,,,,,,,,,,,,,,,,,,,,,,,,,,,,,,,,,,,,,,,,,,,,,,,,,,,,,,,,,,,,,,,,,,,,,,,,,,,,,,,,,,,,,,,,,,,0,2014,742,369,325,1137,837,1861,889,872,690,3961,179,175,2068,1720,279,699,699,203,319,727,734,279,259,852,282,346,395,279,2832,4743
ACSSF,2010m1,co,000,0017,0000022,,,,,,,,,,,,,,,,,,,,,,,,,,,,,,,,,,,,,,,,,,,,,,,,,,,,,,,,,,,,,,,,,,,,,,,,,,,,,,,,,,,,,,,,,,,,,,,,,,,,,,,,,,,,,,0,2140,279,212,153,431,326,2526,604,714,485,2984,292,188,1326,2014,359,731,807,279,453,420,401,417,279,826,279,127,431,1048,3332,2804
ACSSF,2010m1,co,000,0017,0000023,,,,,,,,,,,,,,,,,,,,,,,,,,,,,,,,,,,,,,,,,,,,,,,,,,,,,,,,,,,,,,,,,,,,,,,,,,,,,,,,,,,,,,,,,,,,,,,,,,,,,,,,,,,,,,0,2195,148,524,420,363,877,1888,1788,1324,357,3911,500,243,3136,1213,430,907,815,279,943,694,1306,135,545,1105,509,186,1133,89,3729,4776
ACSSF,2010m1,co,000,0017,0000024,,,,,,,,,,,,,,,,,,,,,,,,,,,,,,,,,,,,,,,,,,,,,,,,,,,,,,,,,,,,,,,,,,,,,,,,,,,,,,,,,,,,,,,,,,,,,,,,,,,,,,,,,,,,,,2957,1253,167,136,366,434,496,1405,1833,631,362,2452,1159,394,1729,2123,91,795,814,279,1357,594,486,85,335,862,226,526,464,279,4250,1853
ACSSF,2010m1,co,000,0017,0000025,,,,,,,,,,,,,,,,,,,,,,,,,,,,,,,,,,,,,,,,,,,,,,,,,,,,,,,,,,,,,,,,,,,,,,,,,,,,,,,,,,,,,,,,,,,,,,,,,,,,,,,,,,,,,,119,2876,1112,324,458,457,879,2322,903,1352,571,3202,522,304,2907,1881,219,862,945,245,958,679,1851,358,2356,1430,277,585,260,901,6737,3345
ACSSF,2010m1,co,000,0017,0000026,,,,,,,,,,,,,,,,,,,,,,,,,,,,,,,,,,,,,,,,,,,,,,,,,,,,,,,,,,,,,,,,,,,,,,,,,,,,,,,,,,,,,,,,,,,,,,,,,,,,,,,,,,,,,,51,796,252,627,426,473,737,2159,963,729,266,1568,564,558,1461,1276,113,636,943,279,790,748,1115,189,279,870,298,206,357,279,2926,1952
ACSSF,2010m1,co,000,0017,0000027,,,,,,,,,,,,,,,,,,,,,,,,,,,,,,,,,,,,,,,,,,,,,,,,,,,,,,,,,,,,,,,,,,,,,,,,,,,,,,,,,,,,,,,,,,,,,,,,,,,,,,,,,,,,,,39,1975,279,727,324,270,696,1810,1798,514,263,2288,318,345,1544,1800,134,1172,997,355,670,589,988,249,73,734,614,288,187,84,3171,3233
ACSSF,2010m1,co,000,0017,0000028,,,,,,,,,,,,,,,,,,,,,,,,,,,,,,,,,,,,,,,,,,,,,,,,,,,,,,,,,,,,,,,,,,,,,,,,,,,,,,,,,,,,,,,,,,,,,,,,,,,,,,,,,,,,,,45,3271,1592,1075,1015,513,1215,2929,1679,1822,1170,5378,360,570,3404,2441,313,2230,2132,400,826,1265,1466,990,991,1970,476,391,1629,863,6520,5880
ACSSF,2010m1,co,000,0017,0000029,,,,,,,,,,,,,,,,,,,,,,,,,,,,,,,,,,,,,,,,,,,,,,,,,,,,,,,,,,,,,,,,,,,,,,,,,,,,,,,,,,,,,,,,,,,,,,,,,,,,,,,,,,,,,,0,2666,1325,1583,700,678,882,3169,3399,1527,605,4138,785,440,3358,2553,431,1586,1598,672,1838,735,1198,213,2859,1344,560,708,789,284,5885,5222
ACSSF,2010m1,co,000,0017,0000030,,,,,,,,,,,,,,,,,,,,,,,,,,,,,,,,,,,,,,,,,,,,,,,,,,,,,,,,,,,,,,,,,,,,,,,,,,,,,,,,,,,,,,,,,,,,,,,,,,,,,,,,,,,,,,33,1318,1156,253,593,1006,1051,2310,1655,1050,686,3166,559,341,2398,1206,158,955,859,176,435,615,837,145,244,1510,1062,547,369,285,3345,2987
ACSSF,2010m1,co,000,0017,0000031,,,,,,,,,,,,,,,,,,,,,,,,,,,,,,,,,,,,,,,,,,,,,,,,,,,,,,,,,,,,,,,,,,,,,,,,,,,,,,,,,,,,,,,,,,,,,,,,,,,,,,,,,,,,,,53,1349,117,222,256,244,108,1012,161,646,85,3389,279,119,1576,523,196,608,579,279,539,381,528,143,545,986,202,115,654,279,3324,2762
ACSSF,2010m1,co,000,0017,0000032,,,,,,,,,,,,,,,,,,,,,,,,,,,,,,,,,,,,,,,,,,,,,,,,,,,,,,,,,,,,,,,,,,,,,,,,,,,,,,,,,,,,,,,,,,,,,,,,,,,,,,,,,,,,,,4861,1212,665,926,351,567,465,1952,1513,858,151,2622,582,296,1639,2090,81,771,1042,356,431,321,619,498,512,591,204,101,326,279,3796,1982
ACSSF,2010m1,co,000,0017,0000033,,,,,,,,,,,,,,,,,,,,,,,,,,,,,,,,,,,,,,,,,,,,,,,,,,,,,,,,,,,,,,,,,,,,,,,,,,,,,,,,,,,,,,,,,,,,,,,,,,,,,,,,,,,,,,59,1526,929,351,606,443,976,1288,868,886,180,2709,107,230,1575,1408,358,748,1017,142,376,1311,802,187,253,864,227,116,426,279,3670,2833
ACSSF,2010m1,co,000,0017,0000034,,,,,,,,,,,,,,,,,,,,,,,,,,,,,,,,,,,,,,,,,,,,,,,,,,,,,,,,,,,,,,,,,,,,,,,,,,,,,,,,,,,,,,,,,,,,,,,,,,,,,,,,,,,,,,35,1004,279,128,317,260,520,1488,2075,737,299,2050,96,81,1253,1008,164,651,620,279,275,377,506,133,537,946,90,140,236,132,2993,2312
ACSSF,2010m1,co,000,0017,0000035,,,,,,,,,,,,,,,,,,,,,,,,,,,,,,,,,,,,,,,,,,,,,,,,,,,,,,,,,,,,,,,,,,,,,,,,,,,,,,,,,,,,,,,,,,,,,,,,,,,,,,,,,,,,,,43,1095,279,244,189,586,517,1267,1285,512,693,2367,191,90,1551,783,148,457,553,388,483,213,659,95,465,1127,298,109,145,279,2874,2082
ACSSF,2010m1,co,000,0017,0000036,,,,,,,,,,,,,,,,,,,,,,,,,,,,,,,,,,,,,,,,,,,,,,,,,,,,,,,,,,,,,,,,,,,,,,,,,,,,,,,,,,,,,,,,,,,,,,,,,,,,,,,,,,,,,,,,,,,,,,,,,,,,,,,,,,,,,,,,,,,,,
ACSSF,2010m1,co,000,0017,0000037,,,,,,,,,,,,,,,,,,,,,,,,,,,,,,,,,,,,,,,,,,,,,,,,,,,,,,,,,,,,,,,,,,,,,,,,,,,,,,,,,,,,,,,,,,,,,,,,,,,,,,,,,,,,,,67,4004,359,347,445,171,477,1287,512,446,226,2603,414,478,1612,1206,279,687,560,317,468,463,1942,192,346,1232,167,279,502,238,4354,2395
ACSSF,2010m1,co,000,0017,0000038,,,,,,,,,,,,,,,,,,,,,,,,,,,,,,,,,,,,,,,,,,,,,,,,,,,,,,,,,,,,,,,,,,,,,,,,,,,,,,,,,,,,,,,,,,,,,,,,,,,,,,,,,,,,,,72,1202,279,232,208,455,432,1902,1065,1326,369,2096,153,231,1355,1639,279,343,614,248,1869,405,413,130,371,907,161,279,169,108,4968,2765
ACSSF,2010m1,co,000,0017,0000039,,,,,,,,,,,,,,,,,,,,,,,,,,,,,,,,,,,,,,,,,,,,,,,,,,,,,,,,,,,,,,,,,,,,,,,,,,,,,,,,,,,,,,,,,,,,,,,,,,,,,,,,,,,,,,51,796,252,627,426,473,737,2159,963,729,266,1568,564,558,1461,1276,113,636,943,279,790,748,1115,189,279,870,298,206,357,279,2926,1952
ACSSF,2010m1,co,000,0017,0000040,,,,,,,,,,,,,,,,,,,,,,,,,,,,,,,,,,,,,,,,,,,,,,,,,,,,,,,,,,,,,,,,,,,,,,,,,,,,,,,,,,,,,,,,,,,,,,,,,,,,,,,,,,,,,,45,3271,1592,1075,1015,513,1215,2929,1679,1822,1170,5378,360,570,3404,2441,313,2230,2132,400,826,1265,1466,990,991,1970,476,391,1629,863,6520,5880
ACSSF,2010m1,co,000,0017,0000041,,,,,,,,,,,,,,,,,,,,,,,,,,,,,,,,,,,,,,,,,,,,,,,,,,,,,,,,,,,,,,,,,,,,,,,,,,,,,,,,,,,,,,,,,,,,,,,,,,,,,,,,,,,,,,119,2876,1112,324,458,457,879,2322,903,1352,571,3202,522,304,2907,1881,219,862,945,245,958,679,1851,358,2356,1430,277,585,260,901,6737,3345
ACSSF,2010m1,co,000,0017,0000042,,,,,,,,,,,,,,,,,,,,,,,,,,,,,,,,,,,,,,,,,,,,,,,,,,,,,,,,,,,,,,,,,,,,,,,,,,,,,,,,,,,,,,,,,,,,,,,,,,,,,,,,,,,,,,0,2666,1325,1583,700,678,882,3169,3399,1527,605,4138,785,440,3358,2553,431,1586,1598,672,1838,735,1198,213,2859,1344,560,708,789,284,5885,5222
ACSSF,2010m1,co,000,0017,0000043,,,,,,,,,,,,,,,,,,,,,,,,,,,,,,,,,,,,,,,,,,,,,,,,,,,,,,,,,,,,,,,,,,,,,,,,,,,,,,,,,,,,,,,,,,,,,,,,,,,,,,,,,,,,,,33,1318,1156,253,593,1006,1051,2310,1655,1050,686,3166,559,341,2398,1206,158,955,859,176,435,615,837,145,244,1510,1062,547,369,285,3345,2987
ACSSF,2010m1,co,000,0017,0000044,,,,,,,,,,,,,,,,,,,,,,,,,,,,,,,,,,,,,,,,,,,,,,,,,,,,,,,,,,,,,,,,,,,,,,,,,,,,,,,,,,,,,,,,,,,,,,,,,,,,,,,,,,,,,,43,1095,279,244,189,586,517,1267,1285,512,693,2367,191,90,1551,783,148,457,553,388,483,213,659,95,465,1127,298,109,145,279,2874,2082
ACSSF,2010m1,co,000,0017,0000045,,,,,,,,,,,,,,,,,,,,,,,,,,,,,,,,,,,,,,,,,,,,,,,,,,,,,,,,,,,,,,,,,,,,,,,,,,,,,,,,,,,,,,,,,,,,,,,,,,,,,,,,,,,,,,53,1349,117,222,256,244,108,1012,161,646,85,3389,279,119,1576,523,196,608,579,279,539,381,528,143,545,986,202,115,654,279,3324,2762
ACSSF,2010m1,co,000,0017,0000046,,,,,,,,,,,,,,,,,,,,,,,,,,,,,,,,,,,,,,,,,,,,,,,,,,,,,,,,,,,,,,,,,,,,,,,,,,,,,,,,,,,,,,,,,,,,,,,,,,,,,,,,,,,,,,,,,,,,,,,,,,,,,,,,,,,,,,,,,,,,,
ACSSF,2010m1,co,000,0017,0000047,,,,,,,,,,,,,,,,,,,,,,,,,,,,,,,,,,,,,,,,,,,,,,,,,,,,,,,,,,,,,,,,,,,,,,,,,,,,,,,,,,,,,,,,,,,,,,,,,,,,,,,,,,,,,,3053,3017,1559,1575,789,1179,991,3454,3726,1583,889,4421,786,584,3550,2716,504,1658,1810,672,1945,788,1381,234,3086,2479,560,708,816,709,6193,5519
ACSSF,2010m1,co,000,0017,0000048,,,,,,,,,,,,,,,,,,,,,,,,,,,,,,,,,,,,,,,,,,,,,,,,,,,,,,,,,,,,,,,,,,,,,,,,,,,,,,,,,,,,,,,,,,,,,,,,,,,,,,,,,,,,,,6480,5013,595,1077,1350,917,1805,4536,2728,2347,1080,5899,877,1203,4621,3058,421,1651,2861,472,2260,2134,3082,460,1824,2328,659,393,814,273,9775,7628
ACSSF,2010m1,co,000,0017,0000049,,,,,,,,,,,,,,,,,,,,,,,,,,,,,,,,,,,,,,,,,,,,,,,,,,,,,,,,,,,,,,,,,,,,,,,,,,,,,,,,,,,,,,,,,,,,,,,,,,,,,,,,,,,,,,2748,4436,727,447,556,1608,1703,3756,2415,2142,1031,7539,532,753,3855,3167,410,1956,1570,413,1097,1694,1693,693,381,2188,699,396,815,1148,6758,7982
ACSSF,2010m1,co,000,0017,0000050,,,,,,,,,,,,,,,,,,,,,,,,,,,,,,,,,,,,,,,,,,,,,,,,,,,,,,,,,,,,,,,,,,,,,,,,,,,,,,,,,,,,,,,,,,,,,,,,,,,,,,,,,,,,,,4717,3170,1161,984,1143,1311,1621,4085,2970,2006,1189,7516,757,590,4973,2718,552,2055,1547,525,1226,1276,1823,251,1012,2675,1283,590,1341,312,6743,6805
ACSSF,2010m1,co,000,0017,0000051,,,,,,,,,,,,,,,,,,,,,,,,,,,,,,,,,,,,,,,,,,,,,,,,,,,,,,,,,,,,,,,,,,,,,,,,,,,,,,,,,,,,,,,,,,,,,,,,,,,,,,,,,,,,,,3277,4567,1596,1145,1409,1259,1835,4792,2165,3202,1335,6526,870,962,4877,2874,333,2753,2966,460,968,1646,2515,1014,1061,2917,681,504,2377,1187,7475,8051
ACSSF,2010m1,co,000,0017,0000052,,,,,,,,,,,,,,,,,,,,,,,,,,,,,,,,,,,,,,,,,,,,,,,,,,,,,,,,,,,,,,,,,,,,,,,,,,,,,,,,,,,,,,,,,,,,,,,,,,,,,,,,,,,,,,7512,4461,900,1449,1235,1974,2155,5636,3305,3321,1014,7551,1285,735,5705,3960,661,3247,2868,628,2255,1525,2158,793,1512,2075,1102,1011,1460,855,10622,5856
ACSSF,2010m1,co,000,0017,0000053,,,,,,,,,,,,,,,,,,,,,,,,,,,,,,,,,,,,,,,,,,,,,,,,,,,,,,,,,,,,,,,,,,,,,,,,,,,,,,,,,,,,,,,,,,,,,,,,,,,,,,,,,,,,,,8785,4549,1350,637,928,818,1244,3409,2264,2127,751,5448,1217,469,4242,3817,458,1448,2274,255,1439,1724,2038,238,2817,1464,763,874,839,357,10951,5760
ACSSF,2010m1,co,000,0017,0000054,,,,,,,,,,,,,,,,,,,,,,,,,,,,,,,,,,,,,,,,,,,,,,,,,,,,,,,,,,,,,,,,,,,,,,,,,,,,,,,,,,,,,,,,,,,,,,,,,,,,,,,,,,,,,,3155,1087,99,259,337,919,1102,1528,1667,876,642,3273,242,150,1612,1415,150,1376,637,179,505,636,795,184,266,776,432,279,299,279,2976,4433
ACSSF,2010m1,co,000,0017,0000055,,,,,,,,,,,,,,,,,,,,,,,,,,,,,,,,,,,,,,,,,,,,,,,,,,,,,,,,,,,,,,,,,,,,,,,,,,,,,,,,,,,,,,,,,,,,,,,,,,,,,,,,,,,,,,3022,1416,279,789,492,823,1002,2066,1597,887,808,3616,304,459,2451,1957,259,1152,762,484,622,404,882,95,465,1927,514,109,279,279,3817,4398
ACSSF,2010m1,co,000,0017,0000056,,,,,,,,,,,,,,,,,,,,,,,,,,,,,,,,,,,,,,,,,,,,,,,,,,,,,,,,,,,,,,,,,,,,,,,,,,,,,,,,,,,,,,,,,,,,,,,,,,,,,,,,,,,,,,1781,2014,742,369,325,1137,837,1853,889,880,690,4054,164,175,2024,1755,279,701,689,166,319,727,729,279,259,856,279,346,395,279,2653,4558
ACSSF,2010m1,co,000,0017,0000057,,,,,,,,,,,,,,,,,,,,,,,,,,,,,,,,,,,,,,,,,,,,,,,,,,,,,,,,,,,,,,,,,,,,,,,,,,,,,,,,,,,,,,,,,,,,,,,,,,,,,,,,,,,,,,2198,1300,1156,253,564,1006,1050,2159,1610,1033,682,2827,559,341,2261,1211,158,964,853,176,408,578,846,145,244,1537,1062,547,355,285,3129,2973
ACSSF,2010m1,co,000,0017,0000058,,,,,,,,,,,,,,,,,,,,,,,,,,,,,,,,,,,,,,,,,,,,,,,,,,,,,,,,,,,,,,,,,,,,,,,,,,,,,,,,,,,,,,,,,,,,,,,,,,,,,,,,,,,,,,259,2195,148,524,420,363,877,1888,1788,1324,357,3916,500,243,3136,1213,430,907,815,279,943,694,1306,135,545,1105,509,186,1133,89,3726,4773
ACSSF,2010m1,co,000,0017,0000059,,,,,,,,,,,,,,,,,,,,,,,,,,,,,,,,,,,,,,,,,,,,,,,,,,,,,,,,,,,,,,,,,,,,,,,,,,,,,,,,,,,,,,,,,,,,,,,,,,,,,,,,,,,,,,2613,1237,206,155,842,298,482,1382,777,1134,301,2842,197,36,1893,883,262,915,399,89,162,707,687,279,506,577,190,23,405,279,2870,2374
ACSSF,2010m1,co,000,0017,0000060,,,,,,,,,,,,,,,,,,,,,,,,,,,,,,,,,,,,,,,,,,,,,,,,,,,,,,,,,,,,,,,,,,,,,,,,,,,,,,,,,,,,,,,,,,,,,,,,,,,,,,,,,,,,,,3100,1227,142,279,99,458,376,1306,512,608,287,1934,177,460,1696,975,26,373,373,271,203,371,411,279,279,435,179,102,180,279,2733,1699
ACSSF,2010m1,co,000,0017,0000061,,,,,,,,,,,,,,,,,,,,,,,,,,,,,,,,,,,,,,,,,,,,,,,,,,,,,,,,,,,,,,,,,,,,,,,,,,,,,,,,,,,,,,,,,,,,,,,,,,,,,,,,,,,,,,1545,2111,279,212,153,412,326,2397,569,696,485,2898,292,188,1353,1977,359,675,807,279,446,420,336,417,279,824,279,103,431,1048,3261,2879
ACSSF,2010m1,co,000,0017,0000062,,,,,,,,,,,,,,,,,,,,,,,,,,,,,,,,,,,,,,,,,,,,,,,,,,,,,,,,,,,,,,,,,,,,,,,,,,,,,,,,,,,,,,,,,,,,,,,,,,,,,,,,,,,,,,1996,2039,279,23,191,296,1026,1816,908,926,275,2847,329,244,2311,1303,86,654,956,124,512,1208,1332,535,335,1210,346,79,416,525,3144,2988
ACSSF,2010m1,co,000,0017,0000063,,,,,,,,,,,,,,,,,,,,,,,,,,,,,,,,,,,,,,,,,,,,,,,,,,,,,,,,,,,,,,,,,,,,,,,,,,,,,,,,,,,,,,,,,,,,,,,,,,,,,,,,,,,,,,2471,1023,339,297,734,440,537,1933,532,838,1003,2922,312,554,2495,1289,209,1059,705,146,514,1502,862,242,279,1312,256,164,315,279,2889,4239
ACSSF,2010m1,co,000,0017,0000064,,,,,,,,,,,,,,,,,,,,,,,,,,,,,,,,,,,,,,,,,,,,,,,,,,,,,,,,,,,,,,,,,,,,,,,,,,,,,,,,,,,,,,,,,,,,,,,,,,,,,,,,,,,,,,6038,1671,826,620,590,281,857,1599,947,760,244,3403,227,387,2078,1320,321,1683,1155,91,629,570,759,272,312,769,563,258,273,279,3213,2421
ACSSF,2010m1,co,000,0017,0000065,,,,,,,,,,,,,,,,,,,,,,,,,,,,,,,,,,,,,,,,,,,,,,,,,,,,,,,,,,,,,,,,,,,,,,,,,,,,,,,,,,,,,,,,,,,,,,,,,,,,,,,,,,,,,,2330,1606,216,350,366,342,615,2062,2189,753,345,3037,120,112,2489,1020,185,735,870,192,297,423,1384,133,537,971,199,182,377,151,3433,2598
ACSSF,2010m1,co,000,0017,0000066,,,,,,,,,,,,,,,,,,,,,,,,,,,,,,,,,,,,,,,,,,,,,,,,,,,,,,,,,,,,,,,,,,,,,,,,,,,,,,,,,,,,,,,,,,,,,,,,,,,,,,,,,,,,,,1983,791,252,669,447,483,812,2089,973,930,266,1687,564,557,1781,1278,113,684,1001,87,812,747,1439,189,279,938,306,206,350,279,2932,2043
ACSSF,2010m1,co,000,0017,0000067,,,,,,,,,,,,,,,,,,,,,,,,,,,,,,,,,,,,,,,,,,,,,,,,,,,,,,,,,,,,,,,,,,,,,,,,,,,,,,,,,,,,,,,,,,,,,,,,,,,,,,,,,,,,,,4379,1859,107,273,521,570,847,2339,1963,1377,353,2537,192,704,1905,1715,184,538,1104,254,1506,671,924,123,160,805,298,157,125,279,3046,2461
ACSSF,2010m1,co,000,0017,0000068,,,,,,,,,,,,,,,,,,,,,,,,,,,,,,,,,,,,,,,,,,,,,,,,,,,,,,,,,,,,,,,,,,,,,,,,,,,,,,,,,,,,,,,,,,,,,,,,,,,,,,,,,,,,,,5036,1896,279,232,472,388,500,1624,940,688,374,2410,153,188,1760,1720,279,377,2105,279,1317,362,475,179,481,780,145,279,202,108,5072,3205
ACSSF,2010m1,co,000,0017,0000069,,,,,,,,,,,,,,,,,,,,,,,,,,,,,,,,,,,,,,,,,,,,,,,,,,,,,,,,,,,,,,,,,,,,,,,,,,,,,,,,,,,,,,,,,,,,,,,,,,,,,,,,,,,,,,4514,4133,359,374,310,174,470,1231,805,763,158,2881,414,124,1786,1175,279,705,583,317,585,859,1851,192,346,1226,111,279,492,279,5392,2720
ACSSF,2010m1,co,000,0017,0000070,,,,,,,,,,,,,,,,,,,,,,,,,,,,,,,,,,,,,,,,,,,,,,,,,,,,,,,,,,,,,,,,,,,,,,,,,,,,,,,,,,,,,,,,,,,,,,,,,,,,,,,,,,,,,,5325,3451,73,263,431,169,338,1517,1068,1071,407,2577,168,482,1858,2072,106,505,921,279,248,446,335,279,1652,710,515,279,397,238,5308,3018
ACSSF,2010m1,co,000,0017,0000071,,,,,,,,,,,,,,,,,,,,,,,,,,,,,,,,,,,,,,,,,,,,,,,,,,,,,,,,,,,,,,,,,,,,,,,,,,,,,,,,,,,,,,,,,,,,,,,,,,,,,,,,,,,,,,9242,2207,432,683,273,258,687,2066,1129,1170,406,2783,603,406,2974,1456,189,919,849,88,999,737,1209,433,1504,1088,592,304,252,279,7500,3531
ACSSF,2010m1,co,000,0017,0000072,,,,,,,,,,,,,,,,,,,,,,,,,,,,,,,,,,,,,,,,,,,,,,,,,,,,,,,,,,,,,,,,,,,,,,,,,,,,,,,,,,,,,,,,,,,,,,,,,,,,,,,,,,,,,,7158,2185,854,80,449,385,236,1642,630,618,332,2038,279,68,1852,1243,279,714,309,136,183,316,555,279,1047,765,178,501,230,911,5895,2453
ACSSF,2010m1,co,000,0017,0000073,,,,,,,,,,,,,,,,,,,,,,,,,,,,,,,,,,,,,,,,,,,,,,,,,,,,,,,,,,,,,,,,,,,,,,,,,,,,,,,,,,,,,,,,,,,,,,,,,,,,,,,,,,,,,,5710,1857,333,171,286,227,416,889,316,891,249,1338,469,127,1311,886,65,375,512,180,484,346,1567,279,1979,781,135,177,78,182,5986,1365
ACSSF,2010m1,co,000,0017,0000074,,,,,,,,,,,,,,,,,,,,,,,,,,,,,,,,,,,,,,,,,,,,,,,,,,,,,,,,,,,,,,,,,,,,,,,,,,,,,,,,,,,,,,,,,,,,,,,,,,,,,,,,,,,,,,5358,2768,122,411,496,294,710,1896,1703,864,784,2178,342,206,1714,2048,395,1726,1052,355,1149,509,748,279,339,814,292,563,167,84,3209,3056
ACSSF,2010m1,co,000,0017,0000075,,,,,,,,,,,,,,,,,,,,,,,,,,,,,,,,,,,,,,,,,,,,,,,,,,,,,,,,,,,,,,,,,,,,,,,,,,,,,,,,,,,,,,,,,,,,,,,,,,,,,,,,,,,,,,9765,851,196,1554,377,82,442,1073,2047,443,217,1446,610,178,1233,955,91,574,543,175,410,452,593,178,1203,478,127,83,234,269,8483,3472
ACSSF,2010m1,co,000,0017,0000076,,,,,,,,,,,,,,,,,,,,,,,,,,,,,,,,,,,,,,,,,,,,,,,,,,,,,,,,,,,,,,,,,,,,,,,,,,,,,,,,,,,,,,,,,,,,,,,,,,,,,,,,,,,,,,6818,584,297,368,75,348,220,1778,1004,542,318,2049,442,190,1200,1009,325,427,642,426,365,335,576,279,303,476,415,129,309,279,5133,2617
ACSSF,2010m1,co,000,0017,0000077,,,,,,,,,,,,,,,,,,,,,,,,,,,,,,,,,,,,,,,,,,,,,,,,,,,,,,,,,,,,,,,,,,,,,,,,,,,,,,,,,,,,,,,,,,,,,,,,,,,,,,,,,,,,,,5956,1429,308,334,590,260,485,1611,1512,677,300,2298,397,194,2259,1399,141,913,1006,417,938,351,686,279,293,939,270,217,203,279,4373,2964
ACSSF,2010m1,co,000,0017,0000078,,,,,,,,,,,,,,,,,,,,,,,,,,,,,,,,,,,,,,,,,,,,,,,,,,,,,,,,,,,,,,,,,,,,,,,,,,,,,,,,,,,,,,,,,,,,,,,,,,,,,,,,,,,,,,7695,2191,1495,508,177,461,568,2300,1601,870,354,2047,237,363,1650,1150,242,1063,982,119,1236,374,650,134,2754,578,232,868,485,79,5012,3269
ACSSF,2010m1,co,000,0017,0000079,,,,,,,,,,,,,,,,,,,,,,,,,,,,,,,,,,,,,,,,,,,,,,,,,,,,,,,,,,,,,,,,,,,,,,,,,,,,,,,,,,,,,,,,,,,,,,,,,,,,,,,,,,,,,,7809,1023,144,158,139,271,237,1306,1238,611,207,1513,279,351,1626,1544,220,384,516,120,530,343,305,279,678,450,96,279,451,81,6936,2058
ACSSF,2010m1,co,000,0017,0000080,,,,,,,,,,,,,,,,,,,,,,,,,,,,,,,,,,,,,,,,,,,,,,,,,,,,,,,,,,,,,,,,,,,,,,,,,,,,,,,,,,,,,,,,,,,,,,,,,,,,,,,,,,,,,,4291,1303,147,281,359,440,516,1798,1831,673,233,2359,1159,386,1790,2280,91,795,729,279,1352,578,543,85,335,898,251,542,475,279,5025,2183
ACSSF,2010m1,co,000,0017,0000081,,,,,,,,,,,,,,,,,,,,,,,,,,,,,,,,,,,,,,,,,,,,,,,,,,,,,,,,,,,,,,,,,,,,,,,,,,,,,,,,,,,,,,,,,,,,,,,,,,,,,,,,,,,,,,5454,1157,237,434,106,312,443,1199,755,590,184,2411,320,244,1190,1109,423,655,792,69,225,950,879,279,221,773,153,279,599,279,4432,2991
ACSSF,2010m1,co,000,0017,0000082,,,,,,,,,,,,,,,,,,,,,,,,,,,,,,,,,,,,,,,,,,,,,,,,,,,,,,,,,,,,,,,,,,,,,,,,,,,,,,,,,,,,,,,,,,,,,,,,,,,,,,,,,,,,,,6446,1632,342,165,605,395,926,1624,656,1016,338,2572,173,121,1844,1451,77,1236,1832,124,370,723,920,226,122,794,280,139,435,279,4715,2494
ACSSF,2010m1,co,000,0017,0000083,,,,,,,,,,,,,,,,,,,,,,,,,,,,,,,,,,,,,,,,,,,,,,,,,,,,,,,,,,,,,,,,,,,,,,,,,,,,,,,,,,,,,,,,,,,,,,,,,,,,,,,,,,,,,,3584,1284,131,378,452,1011,570,1378,1083,444,251,2701,111,121,2209,1101,139,774,944,178,338,521,638,262,211,1847,345,67,320,668,3017,1712
ACSSF,2010m1,co,000,0017,0000084,,,,,,,,,,,,,,,,,,,,,,,,,,,,,,,,,,,,,,,,,,,,,,,,,,,,,,,,,,,,,,,,,,,,,,,,,,,,,,,,,,,,,,,,,,,,,,,,,,,,,,,,,,,,,,5813,1797,703,868,484,1259,647,2277,1336,970,362,3841,633,306,2300,2356,128,878,715,377,382,335,781,425,515,747,282,206,473,94,4284,2643
ACSSF,2010m1,co,000,0017,0000085,,,,,,,,,,,,,,,,,,,,,,,,,,,,,,,,,,,,,,,,,,,,,,,,,,,,,,,,,,,,,,,,,,,,,,,,,,,,,,,,,,,,,,,,,,,,,,,,,,,,,,,,,,,,,,5005,2332,129,522,676,1329,1445,3544,1593,2445,447,4013,1212,492,2850,2268,363,1175,1456,223,1188,1072,1643,381,279,1056,946,499,1265,122,5155,3397
ACSSF,2010m1,co,000,0017,0000086,,,,,,,,,,,,,,,,,,,,,,,,,,,,,,,,,,,,,,,,,,,,,,,,,,,,,,,,,,,,,,,,,,,,,,,,,,,,,,,,,,,,,,,,,,,,,,,,,,,,,,,,,,,,,,7029,3478,581,477,334,471,1056,3061,1331,1089,487,3829,686,774,2791,1221,148,869,1958,231,552,800,1307,88,573,1636,408,267,1633,101,4978,2824
ACSSF,2010m1,co,000,0017,0000087,,,,,,,,,,,,,,,,,,,,,,,,,,,,,,,,,,,,,,,,,,,,,,,,,,,,,,,,,,,,,,,,,,,,,,,,,,,,,,,,,,,,,,,,,,,,,,,,,,,,,,,,,,,,,,5867,1243,279,518,392,363,463,1743,783,1145,429,2061,313,268,2218,1117,96,1024,1137,288,187,716,527,366,279,547,175,279,1489,863,4011,3228
ACSSF,2010m1,co,000,0017,0000088,,,,,,,,,,,,,,,,,,,,,,,,,,,,,,,,,,,,,,,,,,,,,,,,,,,,,,,,,,,,,,,,,,,,,,,,,,,,,,,,,,,,,,,,,,,,,,,,,,,,,,,,,,,,,,6308,1269,345,320,431,194,530,1725,865,1106,431,2378,156,152,1625,1157,196,1016,455,279,203,770,733,156,387,1335,139,177,406,279,4486,2489
ACSSF,2010m1,co,000,0017,0000089,,,,,,,,,,,,,,,,,,,,,,,,,,,,,,,,,,,,,,,,,,,,,,,,,,,,,,,,,,,,,,,,,,,,,,,,,,,,,,,,,,,,,,,,,,,,,,,,,,,,,,,,,,,,,,9045,2546,1441,775,1066,289,784,2665,1382,2020,915,3953,159,342,1910,1985,166,1730,1309,73,642,417,1910,921,732,812,418,193,740,745,4998,4188
ACSSF,2010m1,co,000,0017,0000090,,,,,,,,,,,,,,,,,,,,,,,,,,,,,,,,,,,,,,,,,,,,,,,,,,,,,,,,,,,,,,,,,,,,,,,,,,,,,,,,,,,,,,,,,,,,,,,,,,,,,,,,,,,,,,6193,1561,279,70,654,136,768,1995,570,792,408,2173,119,314,2023,867,110,558,505,279,185,126,472,147,638,178,279,279,332,313,5314,2616
ACSSF,2010m1,co,000,0017,0000091,,,,,,,,,,,,,,,,,,,,,,,,,,,,,,,,,,,,,,,,,,,,,,,,,,,,,,,,,,,,,,,,,,,,,,,,,,,,,,,,,,,,,,,,,,,,,,,,,,,,,,,,,,,,,,3271,1582,114,149,257,995,478,1461,875,487,199,2863,257,261,1915,1030,279,798,1002,37,349,969,707,279,325,793,279,76,590,279,3053,2932
ACSSF,2010m1,co,000,0017,0000092,,,,,,,,,,,,,,,,,,,,,,,,,,,,,,,,,,,,,,,,,,,,,,,,,,,,,,,,,,,,,,,,,,,,,,,,,,,,,,,,,,,,,,,,,,,,,,,,,,,,,,,,,,,,,,6184,2372,1079,780,370,160,634,1619,1276,1209,566,2744,710,470,1561,1202,279,1018,1546,107,673,522,777,349,96,971,270,308,1540,279,3645,2904
ACSSF,2010m1,co,000,0017,0000093,,,,,,,,,,,,,,,,,,,,,,,,,,,,,,,,,,,,,,,,,,,,,,,,,,,,,,,,,,,,,,,,,,,,,,,,,,,,,,,,,,,,,,,,,,,,,,,,,,,,,,,,,,,,,,6226,2543,843,203,459,416,321,1726,565,1204,386,2353,462,105,2543,1565,187,473,742,216,433,388,1552,350,2286,960,202,127,230,895,6706,2262
ACSSF,2010m1,co,000,0017,0000094,,,,,,,,,,,,,,,,,,,,,,,,,,,,,,,,,,,,,,,,,,,,,,,,,,,,,,,,,,,,,,,,,,,,,,,,,,,,,,,,,,,,,,,,,,,,,,,,,,,,,,,,,,,,,,4390,1717,256,917,639,612,1131,2740,1930,1084,334,3403,568,871,3213,1840,319,867,1357,125,1040,923,2042,280,141,1100,507,327,463,83,4499,3290
ACSSF,2010m1,co,000,0017,0000095,,,,,,,,,,,,,,,,,,,,,,,,,,,,,,,,,,,,,,,,,,,,,,,,,,,,,,,,,,,,,,,,,,,,,,,,,,,,,,,,,,,,,,,,,,,,,,,,,,,,,,,,,,,,,,4096,3308,279,263,399,181,351,1317,761,1049,356,2538,168,473,1185,2005,279,378,410,279,197,346,208,279,439,250,279,84,378,238,3795,2599
ACSSF,2010m1,co,000,0017,0000096,,,,,,,,,,,,,,,,,,,,,,,,,,,,,,,,,,,,,,,,,,,,,,,,,,,,,,,,,,,,,,,,,,,,,,,,,,,,,,,,,,,,,,,,,,,,,,,,,,,,,,,,,,,,,,7396,3639,1041,778,545,437,1096,2901,1828,1240,945,3234,688,567,2729,1994,358,1461,1120,112,1688,863,1413,278,2276,1374,624,995,277,159,6901,3515
ACSSF,2010m1,co,000,0017,0000097,,,,,,,,,,,,,,,,,,,,,,,,,,,,,,,,,,,,,,,,,,,,,,,,,,,,,,,,,,,,,,,,,,,,,,,,,,,,,,,,,,,,,,,,,,,,,,,,,,,,,,,,,,,,,,7227,2060,345,424,987,500,821,2067,1384,2422,800,4005,217,331,2734,1913,275,1996,1365,281,473,1015,979,923,649,1618,400,242,1528,289,5247,4796
ACSSF,2010m1,co,000,0017,0000098,,,,,,,,,,,,,,,,,,,,,,,,,,,,,,,,,,,,,,,,,,,,,,,,,,,,,,,,,,,,,,,,,,,,,,,,,,,,,,,,,,,,,,,,,,,,,,,,,,,,,,,,,,,,,,0,2666,1325,1583,700,678,882,3169,3399,1527,605,4138,785,440,3358,2553,431,1586,1598,672,1838,735,1198,213,2859,1344,560,708,789,284,5885,5222
ACSSF,2010m1,co,000,0017,0000099,,,,,,,,,,,,,,,,,,,,,,,,,,,,,,,,,,,,,,,,,,,,,,,,,,,,,,,,,,,,,,,,,,,,,,,,,,,,,,,,,,,,,,,,,,,,,,,,,,,,,,,,,,,,,,916,2803,740,1006,674,1368,1665,4100,2180,2712,483,5119,1208,526,3508,2898,370,1405,1549,439,1230,1154,1735,565,512,1397,982,525,1310,122,5405,3951
ACSSF,2010m1,co,000,0017,0000100,,,,,,,,,,,,,,,,,,,,,,,,,,,,,,,,,,,,,,,,,,,,,,,,,,,,,,,,,,,,,,,,,,,,,,,,,,,,,,,,,,,,,,,,,,,,,,,,,,,,,,,,,,,,,,6705,2336,1085,177,583,346,819,3023,924,453,706,2579,81,116,1903,939,279,799,1154,279,279,377,1794,102,457,347,242,279,660,745,3506,2243
ACSSF,2010m1,co,000,0017,0000101,,,,,,,,,,,,,,,,,,,,,,,,,,,,,,,,,,,,,,,,,,,,,,,,,,,,,,,,,,,,,,,,,,,,,,,,,,,,,,,,,,,,,,,,,,,,,,,,,,,,,,,,,,,,,,3697,1335,1156,302,707,1162,1151,2460,1714,1332,780,3376,575,491,3133,2120,203,1182,888,317,459,643,920,145,244,1632,1147,547,400,285,3345,3693
ACSSF,2010m1,co,000,0017,0000102,,,,,,,,,,,,,,,,,,,,,,,,,,,,,,,,,,,,,,,,,,,,,,,,,,,,,,,,,,,,,,,,,,,,,,,,,,,,,,,,,,,,,,,,,,,,,,,,,,,,,,,,,,,,,,1781,2014,742,369,325,1137,837,1853,889,880,690,4054,164,175,2024,1755,279,701,689,166,319,727,729,279,259,856,279,346,395,279,2653,4558
ACSSF,2010m1,co,000,0017,0000103,,,,,,,,,,,,,,,,,,,,,,,,,,,,,,,,,,,,,,,,,,,,,,,,,,,,,,,,,,,,,,,,,,,,,,,,,,,,,,,,,,,,,,,,,,,,,,,,,,,,,,,,,,,,,,5085,1512,117,222,372,279,546,1181,283,680,85,3618,279,88,2477,791,196,641,607,279,805,393,693,143,545,989,213,115,653,279,4714,3330
ACSSF,2010m1,co,000,0017,0000104,,,,,,,,,,,,,,,,,,,,,,,,,,,,,,,,,,,,,,,,,,,,,,,,,,,,,,,,,,,,,,,,,,,,,,,,,,,,,,,,,,,,,,,,,,,,,,,,,,,,,,,,,,,,,,,,,,,,,,,,,,,,,,,,,,,,,,,,,,,,,
ACSSF,2010m1,co,000,0017,0000105,,,,,,,,,,,,,,,,,,,,,,,,,,,,,,,,,,,,,,,,,,,,,,,,,,,,,,,,,,,,,,,,,,,,,,,,,,,,,,,,,,,,,,,,,,,,,,,,,,,,,,,,,,,,,,1501,2952,1026,581,1209,1450,1319,3574,2281,1851,734,5323,1204,631,4057,3497,461,2373,2543,352,2146,1634,1519,368,525,1496,644,600,1031,120,5587,5052
ACSSF,2010m1,co,000,0017,0000106,,,,,,,,,,,,,,,,,,,,,,,,,,,,,,,,,,,,,,,,,,,,,,,,,,,,,,,,,,,,,,,,,,,,,,,,,,,,,,,,,,,,,,,,,,,,,,,,,,,,,,,,,,,,,,3497,1482,92,520,511,522,461,1731,1729,528,120,2180,158,196,1177,1531,157,1064,1021,355,553,600,579,84,87,614,385,279,355,279,2840,2702
ACSSF,2010m1,co,000,0017,0000107,,,,,,,,,,,,,,,,,,,,,,,,,,,,,,,,,,,,,,,,,,,,,,,,,,,,,,,,,,,,,,,,,,,,,,,,,,,,,,,,,,,,,,,,,,,,,,,,,,,,,,,,,,,,,,4203,1390,161,375,341,428,739,1834,2850,1294,444,3370,311,219,1824,1098,427,915,770,141,510,518,758,154,537,1048,434,196,345,132,4149,3216
ACSSF,2010m1,co,000,0017,0000108,,,,,,,,,,,,,,,,,,,,,,,,,,,,,,,,,,,,,,,,,,,,,,,,,,,,,,,,,,,,,,,,,,,,,,,,,,,,,,,,,,,,,,,,,,,,,,,,,,,,,,,,,,,,,,3613,1478,279,782,183,640,564,1683,1611,609,693,3253,323,290,1688,979,148,710,695,388,621,357,809,95,465,1920,298,109,145,89,3182,4061
ACSSF,2010m1,co,000,0017,0000109,,,,,,,,,,,,,,,,,,,,,,,,,,,,,,,,,,,,,,,,,,,,,,,,,,,,,,,,,,,,,,,,,,,,,,,,,,,,,,,,,,,,,,,,,,,,,,,,,,,,,,,,,,,,,,,,,,,,,,,,,,,,,,,,,,,,,,,,,,,,,
ACSSF,2010m1,co,000,0017,0000110,,,,,,,,,,,,,,,,,,,,,,,,,,,,,,,,,,,,,,,,,,,,,,,,,,,,,,,,,,,,,,,,,,,,,,,,,,,,,,,,,,,,,,,,,,,,,,,,,,,,,,,,,,,,,,7578,4255,359,441,543,484,739,1945,1238,906,436,3370,466,217,1988,1612,106,788,2235,317,787,995,1966,189,1818,1330,223,132,517,108,6931,3907
ACSSF,2010m1,co,000,0017,0000111,,,,,,,,,,,,,,,,,,,,,,,,,,,,,,,,,,,,,,,,,,,,,,,,,,,,,,,,,,,,,,,,,,,,,,,,,,,,,,,,,,,,,,,,,,,,,,,,,,,,,,,,,,,,,,5746,934,279,139,128,154,299,740,1111,207,195,1663,279,97,916,1024,279,235,875,279,191,319,364,279,117,654,512,279,65,279,5241,2448
