ACSSF,2010m1,co,000,0018,0000001,0,279,138,279,279,1280,279,279,279,591,241,96,422,347,945,415,279,720,2593,227,873,271,1713,423,353,1074,279,170,1532,144,2497,1045,3202,3483,555,9002,414,2319,1614,4977,2010,10219,279,1275,279,1645,469,745,11555,94,5950,597,1209,351,152,107,128,403,4762,434,4801,1505,637,3012,1972,2522,3893,229,814,967,619,279,1029,279,178,316,279,279,84,279,279,126,166,227,279,279,801,377,4497,1974,421,912,3130,743,279,117,398,53,204,65,353,435,279,279,89,279,496,11548,25484,0,279,1280,1713,2497,3202,3483,9002,2319,4977,2010,10219,1275,1645,11555,5950,1209,4762,4801,1505,3012,2522,3893,967,1029,4497,1974,912,3130,743,12477,25484
ACSSF,2010m1,co,000,0018,0000002,18978,279,138,279,279,1224,279,279,279,412,241,96,422,347,945,399,279,651,2447,221,758,271,1432,382,316,930,279,104,1465,279,2182,915,2438,3031,495,8579,315,2116,1492,4666,1538,9446,279,1066,279,1142,348,738,9758,94,5426,289,1155,351,107,107,128,403,3962,157,4514,882,593,2129,1743,2086,3569,204,767,881,549,279,830,279,178,282,279,279,84,279,279,126,111,227,279,279,586,285,3659,1841,421,722,2548,551,279,117,279,53,279,279,353,377,279,279,89,279,493,10574,25670,18978,279,1224,1432,2182,2438,3031,8579,2116,4666,1538,9446,1066,1142,9758,5426,1155,3962,4514,882,2129,2086,3569,881,830,3659,1841,722,2548,551,11201,25670
ACSSF,2010m1,co,000,0018,0000003,,,,,,,,,,,,,,,,,,,,,,,,,,,,,,,,,,,,,,,,,,,,,,,,,,,,,,,,,,,,,,,,,,,,,,,,,,,,,,,,,,,,,,,,,,,,,,,,,,,,,,,,,,,,,,18978,279,407,923,1306,1896,1941,4299,711,2286,1019,5777,548,1157,5109,2610,322,2413,1894,983,1885,1186,1878,355,622,2484,865,579,1449,503,5696,14871
ACSSF,2010m1,co,000,0018,0000004,3907,279,138,279,279,1228,279,279,279,424,241,96,422,347,945,415,279,720,2562,227,869,233,1646,399,353,1080,279,170,1551,144,2368,1037,2855,3377,498,8746,414,2300,1482,4795,1886,10098,279,1274,279,1584,469,745,11392,94,5762,597,1204,351,107,107,128,394,4697,389,4695,1471,617,2963,1947,2379,3838,229,739,965,608,279,1026,279,178,316,279,279,84,279,279,126,111,227,279,279,801,377,4210,1592,421,904,3030,743,279,117,398,53,204,65,353,435,279,279,89,279,402,10663,24973,3907,279,1228,1646,2368,2855,3377,8746,2300,4795,1886,10098,1274,1584,11392,5762,1204,4697,4695,1471,2963,2379,3838,965,1026,4210,1592,904,3030,743,11815,24973
ACSSF,2010m1,co,000,0018,0000005,2953,279,138,279,279,1205,279,279,279,412,241,279,422,347,945,415,279,517,2588,227,867,233,1553,399,353,1044,279,149,1549,279,2353,1030,2718,3188,466,8357,414,2272,1483,4684,1850,10512,279,1260,279,1549,390,745,11819,94,5427,573,1212,351,107,107,128,394,4566,389,4544,1446,571,2765,1951,2387,3820,204,678,965,601,279,1026,279,178,316,279,279,84,279,279,126,111,227,279,279,801,377,4240,1489,421,903,3016,741,279,117,398,53,204,279,353,435,279,279,89,279,392,10306,25418,2953,279,1205,1553,2353,2718,3188,8357,2272,4684,1850,10512,1260,1549,11819,5427,1212,4566,4544,1446,2765,2387,3820,965,1026,4240,1489,903,3016,741,11567,25418
ACSSF,2010m1,co,000,0018,0000006,,,,,,,,,,,,,,,,,,,,,,,,,,,,,,,,,,,,,,,,,,,,,,,,,,,,,,,,,,,,,,,,,,,,,,,,,,,,,,,,,,,,,,,,,,,,,,,,,,,,,,,,,,,,,,139,279,1072,758,1741,1226,2465,4260,1751,3704,1190,6552,881,1106,6261,3116,901,2963,3014,740,1817,1319,2343,489,946,2529,1013,577,1866,695,7773,14134
ACSSF,2010m1,co,000,0018,0000007,,,,,,,,,,,,,,,,,,,,,,,,,,,,,,,,,,,,,,,,,,,,,,,,,,,,,,,,,,,,,,,,,,,,,,,,,,,,,,,,,,,,,,,,,,,,,,,,,,,,,,,,,,,,,,2971,279,626,1398,1682,2305,2410,6940,1349,3784,1585,7928,736,1108,9439,4504,788,3069,3112,1052,2107,2310,3222,830,480,3089,1066,614,2114,289,8373,20543
ACSSF,2010m1,co,000,0018,0000008,,,,,,,,,,,,,,,,,,,,,,,,,,,,,,,,,,,,,,,,,,,,,,,,,,,,,,,,,,,,,,,,,,,,,,,,,,,,,,,,,,,,,,,,,,,,,,,,,,,,,,,,,,,,,,2647,279,162,634,789,628,1087,2621,356,1316,507,2842,93,308,1985,1140,59,981,1279,110,1006,371,657,279,279,1052,386,104,407,65,2326,5687
ACSSF,2010m1,co,000,0018,0000009,,,,,,,,,,,,,,,,,,,,,,,,,,,,,,,,,,,,,,,,,,,,,,,,,,,,,,,,,,,,,,,,,,,,,,,,,,,,,,,,,,,,,,,,,,,,,,,,,,,,,,,,,,,,,,6704,279,96,99,658,235,772,1326,262,486,378,1525,279,59,1223,748,279,586,265,94,170,157,307,279,279,385,202,279,270,279,1311,6174
ACSSF,2010m1,co,000,0018,0000010,,,,,,,,,,,,,,,,,,,,,,,,,,,,,,,,,,,,,,,,,,,,,,,,,,,,,,,,,,,,,,,,,,,,,,,,,,,,,,,,,,,,,,,,,,,,,,,,,,,,,,,,,,,,,,6387,279,130,631,597,534,746,2115,215,1280,340,2488,93,304,1769,854,59,814,1248,57,980,355,546,279,279,991,358,104,285,65,1838,5680
ACSSF,2010m1,co,000,0018,0000011,,,,,,,,,,,,,,,,,,,,,,,,,,,,,,,,,,,,,,,,,,,,,,,,,,,,,,,,,,,,,,,,,,,,,,,,,,,,,,,,,,,,,,,,,,,,,,,,,,,,,,,,,,,,,,3907,279,378,388,516,1403,984,2469,421,1195,650,2353,91,217,3152,1239,92,1045,1125,202,410,459,1002,37,126,1088,1293,83,809,279,3420,7733
ACSSF,2010m1,co,000,0018,0000012,,,,,,,,,,,,,,,,,,,,,,,,,,,,,,,,,,,,,,,,,,,,,,,,,,,,,,,,,,,,,,,,,,,,,,,,,,,,,,,,,,,,,,,,,,,,,,,,,,,,,,,,,,,,,,2953,279,413,758,1057,1489,1699,3698,526,1678,687,3636,132,374,3789,1890,108,1504,1720,233,1198,647,1079,37,126,1518,1341,133,942,65,4555,9481
ACSSF,2010m1,co,000,0018,0000013,,,,,,,,,,,,,,,,,,,,,,,,,,,,,,,,,,,,,,,,,,,,,,,,,,,,,,,,,,,,,,,,,,,,,,,,,,,,,,,,,,,,,,,,,,,,,,,,,,,,,,,,,,,,,,0,279,96,271,557,462,1017,1940,377,1317,549,3422,265,226,2446,1269,97,874,819,171,438,500,671,450,282,624,580,276,530,319,3281,6092
ACSSF,2010m1,co,000,0018,0000014,,,,,,,,,,,,,,,,,,,,,,,,,,,,,,,,,,,,,,,,,,,,,,,,,,,,,,,,,,,,,,,,,,,,,,,,,,,,,,,,,,,,,,,,,,,,,,,,,,,,,,,,,,,,,,0,279,275,479,848,824,1031,2428,445,1095,735,3224,698,779,3134,1294,264,1286,1237,206,813,836,1193,381,322,1501,545,153,653,174,4182,6803
ACSSF,2010m1,co,000,0018,0000015,,,,,,,,,,,,,,,,,,,,,,,,,,,,,,,,,,,,,,,,,,,,,,,,,,,,,,,,,,,,,,,,,,,,,,,,,,,,,,,,,,,,,,,,,,,,,,,,,,,,,,,,,,,,,,0,279,279,577,549,292,529,2295,990,1227,195,2525,247,276,2569,1805,298,882,914,297,840,555,1252,450,275,1297,491,114,632,398,2755,5695
ACSSF,2010m1,co,000,0018,0000016,,,,,,,,,,,,,,,,,,,,,,,,,,,,,,,,,,,,,,,,,,,,,,,,,,,,,,,,,,,,,,,,,,,,,,,,,,,,,,,,,,,,,,,,,,,,,,,,,,,,,,,,,,,,,,0,279,326,356,959,558,910,2497,834,2112,394,3209,425,524,2514,1386,412,731,1145,491,670,421,1021,138,715,984,619,370,760,242,3005,5116
ACSSF,2010m1,co,000,0018,0000017,,,,,,,,,,,,,,,,,,,,,,,,,,,,,,,,,,,,,,,,,,,,,,,,,,,,,,,,,,,,,,,,,,,,,,,,,,,,,,,,,,,,,,,,,,,,,,,,,,,,,,,,,,,,,,0,279,279,694,885,704,1060,2348,646,1222,914,3190,304,514,3804,2220,106,987,988,533,1229,944,896,378,279,1505,413,244,687,279,3360,6473
ACSSF,2010m1,co,000,0018,0000018,,,,,,,,,,,,,,,,,,,,,,,,,,,,,,,,,,,,,,,,,,,,,,,,,,,,,,,,,,,,,,,,,,,,,,,,,,,,,,,,,,,,,,,,,,,,,,,,,,,,,,,,,,,,,,0,279,932,450,1026,1657,1724,3223,596,2386,681,3920,278,648,3930,1807,502,1466,1755,677,1812,588,2507,187,131,1071,646,359,1514,262,4657,8745
ACSSF,2010m1,co,000,0018,0000019,,,,,,,,,,,,,,,,,,,,,,,,,,,,,,,,,,,,,,,,,,,,,,,,,,,,,,,,,,,,,,,,,,,,,,,,,,,,,,,,,,,,,,,,,,,,,,,,,,,,,,,,,,,,,,0,279,535,854,677,657,1080,3152,690,1779,352,3792,338,431,3495,2101,588,1194,1739,130,495,874,1101,333,63,1352,433,264,869,279,3306,7989
ACSSF,2010m1,co,000,0018,0000020,,,,,,,,,,,,,,,,,,,,,,,,,,,,,,,,,,,,,,,,,,,,,,,,,,,,,,,,,,,,,,,,,,,,,,,,,,,,,,,,,,,,,,,,,,,,,,,,,,,,,,,,,,,,,,0,279,251,412,756,790,1333,2550,1016,1189,904,3204,389,457,2622,1378,554,2164,1198,515,497,403,1090,189,148,1515,538,539,906,342,2879,6339
ACSSF,2010m1,co,000,0018,0000021,,,,,,,,,,,,,,,,,,,,,,,,,,,,,,,,,,,,,,,,,,,,,,,,,,,,,,,,,,,,,,,,,,,,,,,,,,,,,,,,,,,,,,,,,,,,,,,,,,,,,,,,,,,,,,,,,,,,,,,,,,,,,,,,,,,,,,,,,,,,,
ACSSF,2010m1,co,000,0018,0000022,,,,,,,,,,,,,,,,,,,,,,,,,,,,,,,,,,,,,,,,,,,,,,,,,,,,,,,,,,,,,,,,,,,,,,,,,,,,,,,,,,,,,,,,,,,,,,,,,,,,,,,,,,,,,,,,,,,,,,,,,,,,,,,,,,,,,,,,,,,,,
ACSSF,2010m1,co,000,0018,0000023,,,,,,,,,,,,,,,,,,,,,,,,,,,,,,,,,,,,,,,,,,,,,,,,,,,,,,,,,,,,,,,,,,,,,,,,,,,,,,,,,,,,,,,,,,,,,,,,,,,,,,,,,,,,,,0,279,279,382,549,554,945,1216,482,1606,630,2196,382,532,2434,1149,155,1709,959,151,645,387,801,279,554,1178,529,279,149,279,2983,4863
ACSSF,2010m1,co,000,0018,0000024,,,,,,,,,,,,,,,,,,,,,,,,,,,,,,,,,,,,,,,,,,,,,,,,,,,,,,,,,,,,,,,,,,,,,,,,,,,,,,,,,,,,,,,,,,,,,,,,,,,,,,,,,,,,,,2957,279,327,300,199,192,556,1889,120,787,170,1743,106,80,1742,1003,279,437,777,279,245,374,492,235,279,427,112,90,344,279,1777,3828
ACSSF,2010m1,co,000,0018,0000025,,,,,,,,,,,,,,,,,,,,,,,,,,,,,,,,,,,,,,,,,,,,,,,,,,,,,,,,,,,,,,,,,,,,,,,,,,,,,,,,,,,,,,,,,,,,,,,,,,,,,,,,,,,,,,119,279,200,188,269,607,626,1580,383,703,414,1867,681,577,1635,822,73,549,978,69,686,715,681,360,262,767,171,153,401,312,3846,5353
ACSSF,2010m1,co,000,0018,0000026,,,,,,,,,,,,,,,,,,,,,,,,,,,,,,,,,,,,,,,,,,,,,,,,,,,,,,,,,,,,,,,,,,,,,,,,,,,,,,,,,,,,,,,,,,,,,,,,,,,,,,,,,,,,,,51,279,256,478,261,105,336,1074,520,686,116,1466,203,212,1027,695,226,394,569,131,434,330,653,147,279,637,297,112,330,398,1826,2793
ACSSF,2010m1,co,000,0018,0000027,,,,,,,,,,,,,,,,,,,,,,,,,,,,,,,,,,,,,,,,,,,,,,,,,,,,,,,,,,,,,,,,,,,,,,,,,,,,,,,,,,,,,,,,,,,,,,,,,,,,,,,,,,,,,,39,279,100,400,342,447,370,1081,201,716,604,1552,279,438,1597,466,279,427,356,133,373,339,523,96,279,873,85,279,306,164,1430,3621
ACSSF,2010m1,co,000,0018,0000028,,,,,,,,,,,,,,,,,,,,,,,,,,,,,,,,,,,,,,,,,,,,,,,,,,,,,,,,,,,,,,,,,,,,,,,,,,,,,,,,,,,,,,,,,,,,,,,,,,,,,,,,,,,,,,45,279,924,285,863,429,1501,2439,546,1988,681,2921,167,368,3486,1545,495,1075,1523,251,1564,542,882,107,85,1053,413,359,986,170,3576,7795
ACSSF,2010m1,co,000,0018,0000029,,,,,,,,,,,,,,,,,,,,,,,,,,,,,,,,,,,,,,,,,,,,,,,,,,,,,,,,,,,,,,,,,,,,,,,,,,,,,,,,,,,,,,,,,,,,,,,,,,,,,,,,,,,,,,0,279,326,356,959,558,910,2497,834,2112,394,3209,425,524,2514,1386,412,731,1145,491,670,421,1021,138,715,984,619,370,760,242,3005,5116
ACSSF,2010m1,co,000,0018,0000030,,,,,,,,,,,,,,,,,,,,,,,,,,,,,,,,,,,,,,,,,,,,,,,,,,,,,,,,,,,,,,,,,,,,,,,,,,,,,,,,,,,,,,,,,,,,,,,,,,,,,,,,,,,,,,33,279,219,211,489,413,712,1293,586,655,781,2184,279,397,1169,901,384,1785,785,279,359,249,720,72,148,1016,356,171,857,323,1932,3671
ACSSF,2010m1,co,000,0018,0000031,,,,,,,,,,,,,,,,,,,,,,,,,,,,,,,,,,,,,,,,,,,,,,,,,,,,,,,,,,,,,,,,,,,,,,,,,,,,,,,,,,,,,,,,,,,,,,,,,,,,,,,,,,,,,,,,,,,,,,,,,,,,,,,,,,,,,,,,,,,,,
ACSSF,2010m1,co,000,0018,0000032,,,,,,,,,,,,,,,,,,,,,,,,,,,,,,,,,,,,,,,,,,,,,,,,,,,,,,,,,,,,,,,,,,,,,,,,,,,,,,,,,,,,,,,,,,,,,,,,,,,,,,,,,,,,,,4861,279,279,612,584,323,426,1211,89,549,732,1881,279,213,2265,1640,279,560,688,279,1124,808,624,280,279,502,103,183,539,279,1716,4226
ACSSF,2010m1,co,000,0018,0000033,,,,,,,,,,,,,,,,,,,,,,,,,,,,,,,,,,,,,,,,,,,,,,,,,,,,,,,,,,,,,,,,,,,,,,,,,,,,,,,,,,,,,,,,,,,,,,,,,,,,,,,,,,,,,,59,279,95,659,244,339,466,1310,371,821,124,1958,155,305,1228,759,73,559,662,130,216,577,375,94,63,400,383,279,311,279,1948,3614
ACSSF,2010m1,co,000,0018,0000034,,,,,,,,,,,,,,,,,,,,,,,,,,,,,,,,,,,,,,,,,,,,,,,,,,,,,,,,,,,,,,,,,,,,,,,,,,,,,,,,,,,,,,,,,,,,,,,,,,,,,,,,,,,,,,35,279,279,64,168,279,187,987,764,829,95,1330,76,106,1801,475,67,548,382,225,274,181,726,333,275,694,254,279,330,279,1293,3051
ACSSF,2010m1,co,000,0018,0000035,,,,,,,,,,,,,,,,,,,,,,,,,,,,,,,,,,,,,,,,,,,,,,,,,,,,,,,,,,,,,,,,,,,,,,,,,,,,,,,,,,,,,,,,,,,,,,,,,,,,,,,,,,,,,,43,279,115,110,556,485,359,1265,655,517,279,1420,279,186,1141,739,279,1563,707,336,279,146,520,155,279,836,218,234,294,117,1654,3280
ACSSF,2010m1,co,000,0018,0000036,,,,,,,,,,,,,,,,,,,,,,,,,,,,,,,,,,,,,,,,,,,,,,,,,,,,,,,,,,,,,,,,,,,,,,,,,,,,,,,,,,,,,,,,,,,,,,,,,,,,,,,,,,,,,,,,,,,,,,,,,,,,,,,,,,,,,,,,,,,,,
ACSSF,2010m1,co,000,0018,0000037,,,,,,,,,,,,,,,,,,,,,,,,,,,,,,,,,,,,,,,,,,,,,,,,,,,,,,,,,,,,,,,,,,,,,,,,,,,,,,,,,,,,,,,,,,,,,,,,,,,,,,,,,,,,,,67,279,279,99,511,325,738,1120,88,544,272,1888,235,168,1733,370,279,707,358,138,174,359,289,279,279,337,413,133,430,279,1280,3999
ACSSF,2010m1,co,000,0018,0000038,,,,,,,,,,,,,,,,,,,,,,,,,,,,,,,,,,,,,,,,,,,,,,,,,,,,,,,,,,,,,,,,,,,,,,,,,,,,,,,,,,,,,,,,,,,,,,,,,,,,,,,,,,,,,,72,279,96,72,279,406,437,950,310,1040,116,1824,116,76,1634,593,504,375,1331,101,88,247,367,441,282,371,121,172,215,89,1869,3719
ACSSF,2010m1,co,000,0018,0000039,,,,,,,,,,,,,,,,,,,,,,,,,,,,,,,,,,,,,,,,,,,,,,,,,,,,,,,,,,,,,,,,,,,,,,,,,,,,,,,,,,,,,,,,,,,,,,,,,,,,,,,,,,,,,,51,279,256,478,261,105,336,1074,520,686,116,1466,203,212,1027,695,226,394,569,131,434,330,653,147,279,637,297,112,330,398,1826,2793
ACSSF,2010m1,co,000,0018,0000040,,,,,,,,,,,,,,,,,,,,,,,,,,,,,,,,,,,,,,,,,,,,,,,,,,,,,,,,,,,,,,,,,,,,,,,,,,,,,,,,,,,,,,,,,,,,,,,,,,,,,,,,,,,,,,45,279,924,285,863,429,1501,2439,546,1988,681,2921,167,368,3486,1545,495,1075,1523,251,1564,542,882,107,85,1053,413,359,986,170,3576,7795
ACSSF,2010m1,co,000,0018,0000041,,,,,,,,,,,,,,,,,,,,,,,,,,,,,,,,,,,,,,,,,,,,,,,,,,,,,,,,,,,,,,,,,,,,,,,,,,,,,,,,,,,,,,,,,,,,,,,,,,,,,,,,,,,,,,119,279,200,188,269,607,626,1580,383,703,414,1867,681,577,1635,822,73,549,978,69,686,715,681,360,262,767,171,153,401,312,3846,5353
ACSSF,2010m1,co,000,0018,0000042,,,,,,,,,,,,,,,,,,,,,,,,,,,,,,,,,,,,,,,,,,,,,,,,,,,,,,,,,,,,,,,,,,,,,,,,,,,,,,,,,,,,,,,,,,,,,,,,,,,,,,,,,,,,,,0,279,326,356,959,558,910,2497,834,2112,394,3209,425,524,2514,1386,412,731,1145,491,670,421,1021,138,715,984,619,370,760,242,3005,5116
ACSSF,2010m1,co,000,0018,0000043,,,,,,,,,,,,,,,,,,,,,,,,,,,,,,,,,,,,,,,,,,,,,,,,,,,,,,,,,,,,,,,,,,,,,,,,,,,,,,,,,,,,,,,,,,,,,,,,,,,,,,,,,,,,,,33,279,219,211,489,413,712,1293,586,655,781,2184,279,397,1169,901,384,1785,785,279,359,249,720,72,148,1016,356,171,857,323,1932,3671
ACSSF,2010m1,co,000,0018,0000044,,,,,,,,,,,,,,,,,,,,,,,,,,,,,,,,,,,,,,,,,,,,,,,,,,,,,,,,,,,,,,,,,,,,,,,,,,,,,,,,,,,,,,,,,,,,,,,,,,,,,,,,,,,,,,43,279,115,110,556,485,359,1265,655,517,279,1420,279,186,1141,739,279,1563,707,336,279,146,520,155,279,836,218,234,294,117,1654,3280
ACSSF,2010m1,co,000,0018,0000045,,,,,,,,,,,,,,,,,,,,,,,,,,,,,,,,,,,,,,,,,,,,,,,,,,,,,,,,,,,,,,,,,,,,,,,,,,,,,,,,,,,,,,,,,,,,,,,,,,,,,,,,,,,,,,,,,,,,,,,,,,,,,,,,,,,,,,,,,,,,,
ACSSF,2010m1,co,000,0018,0000046,,,,,,,,,,,,,,,,,,,,,,,,,,,,,,,,,,,,,,,,,,,,,,,,,,,,,,,,,,,,,,,,,,,,,,,,,,,,,,,,,,,,,,,,,,,,,,,,,,,,,,,,,,,,,,,,,,,,,,,,,,,,,,,,,,,,,,,,,,,,,
ACSSF,2010m1,co,000,0018,0000047,,,,,,,,,,,,,,,,,,,,,,,,,,,,,,,,,,,,,,,,,,,,,,,,,,,,,,,,,,,,,,,,,,,,,,,,,,,,,,,,,,,,,,,,,,,,,,,,,,,,,,,,,,,,,,3053,279,352,356,1022,558,985,2950,834,2187,400,3479,425,587,3177,1447,411,1319,1172,491,670,438,1175,138,722,1212,740,370,839,242,3257,6355
ACSSF,2010m1,co,000,0018,0000048,,,,,,,,,,,,,,,,,,,,,,,,,,,,,,,,,,,,,,,,,,,,,,,,,,,,,,,,,,,,,,,,,,,,,,,,,,,,,,,,,,,,,,,,,,,,,,,,,,,,,,,,,,,,,,6480,279,343,555,1270,983,1224,4008,884,2089,462,4813,407,682,3896,2386,666,1398,1873,233,948,895,1496,552,325,1390,852,293,1077,411,4488,10647
ACSSF,2010m1,co,000,0018,0000049,,,,,,,,,,,,,,,,,,,,,,,,,,,,,,,,,,,,,,,,,,,,,,,,,,,,,,,,,,,,,,,,,,,,,,,,,,,,,,,,,,,,,,,,,,,,,,,,,,,,,,,,,,,,,,2748,279,399,729,537,1475,1453,3076,487,2090,692,3405,137,318,3945,1898,108,1284,1579,282,671,1805,1512,80,126,1408,1256,83,1354,279,3419,9464
ACSSF,2010m1,co,000,0018,0000050,,,,,,,,,,,,,,,,,,,,,,,,,,,,,,,,,,,,,,,,,,,,,,,,,,,,,,,,,,,,,,,,,,,,,,,,,,,,,,,,,,,,,,,,,,,,,,,,,,,,,,,,,,,,,,4717,279,251,556,1163,899,1700,3123,1283,1709,1150,4496,499,505,4290,1859,571,2990,1817,574,999,639,1622,386,622,1992,796,539,1054,342,4152,10499
ACSSF,2010m1,co,000,0018,0000051,,,,,,,,,,,,,,,,,,,,,,,,,,,,,,,,,,,,,,,,,,,,,,,,,,,,,,,,,,,,,,,,,,,,,,,,,,,,,,,,,,,,,,,,,,,,,,,,,,,,,,,,,,,,,,3277,279,932,496,1157,1655,1840,3420,596,2452,724,3909,278,667,4087,1972,502,1518,1802,677,1817,781,2537,187,131,1115,707,359,1530,272,5035,9939
ACSSF,2010m1,co,000,0018,0000052,,,,,,,,,,,,,,,,,,,,,,,,,,,,,,,,,,,,,,,,,,,,,,,,,,,,,,,,,,,,,,,,,,,,,,,,,,,,,,,,,,,,,,,,,,,,,,,,,,,,,,,,,,,,,,7512,279,398,847,1318,1020,1303,3950,854,1815,1177,4850,791,1015,5112,3263,323,1678,1633,622,1388,1272,1608,429,279,2415,597,306,1083,174,4763,11798
ACSSF,2010m1,co,000,0018,0000053,,,,,,,,,,,,,,,,,,,,,,,,,,,,,,,,,,,,,,,,,,,,,,,,,,,,,,,,,,,,,,,,,,,,,,,,,,,,,,,,,,,,,,,,,,,,,,,,,,,,,,,,,,,,,,8785,279,439,865,574,818,1026,2852,622,1568,430,3504,299,325,2966,1758,133,1025,1161,192,644,864,939,485,271,1140,620,320,762,305,4340,10455
ACSSF,2010m1,co,000,0018,0000054,,,,,,,,,,,,,,,,,,,,,,,,,,,,,,,,,,,,,,,,,,,,,,,,,,,,,,,,,,,,,,,,,,,,,,,,,,,,,,,,,,,,,,,,,,,,,,,,,,,,,,,,,,,,,,3155,279,279,376,214,339,936,1391,345,655,558,1324,34,95,1653,418,279,387,400,279,229,260,584,27,124,619,1212,83,352,279,1486,4274
ACSSF,2010m1,co,000,0018,0000055,,,,,,,,,,,,,,,,,,,,,,,,,,,,,,,,,,,,,,,,,,,,,,,,,,,,,,,,,,,,,,,,,,,,,,,,,,,,,,,,,,,,,,,,,,,,,,,,,,,,,,,,,,,,,,3022,279,115,341,600,661,956,2066,791,974,199,2342,389,226,2278,894,298,1911,909,515,372,330,771,155,279,1046,411,510,398,117,2092,5058
ACSSF,2010m1,co,000,0018,0000056,,,,,,,,,,,,,,,,,,,,,,,,,,,,,,,,,,,,,,,,,,,,,,,,,,,,,,,,,,,,,,,,,,,,,,,,,,,,,,,,,,,,,,,,,,,,,,,,,,,,,,,,,,,,,,,,,,,,,,,,,,,,,,,,,,,,,,,,,,,,,
ACSSF,2010m1,co,000,0018,0000057,,,,,,,,,,,,,,,,,,,,,,,,,,,,,,,,,,,,,,,,,,,,,,,,,,,,,,,,,,,,,,,,,,,,,,,,,,,,,,,,,,,,,,,,,,,,,,,,,,,,,,,,,,,,,,2198,279,219,211,504,413,579,1302,594,651,781,2191,279,397,1179,896,384,1733,860,279,345,249,629,72,148,1002,350,171,862,323,1896,3732
ACSSF,2010m1,co,000,0018,0000058,,,,,,,,,,,,,,,,,,,,,,,,,,,,,,,,,,,,,,,,,,,,,,,,,,,,,,,,,,,,,,,,,,,,,,,,,,,,,,,,,,,,,,,,,,,,,,,,,,,,,,,,,,,,,,259,279,279,382,549,554,945,1216,482,1606,630,2196,382,532,2440,1149,155,1709,959,151,645,387,801,279,554,1178,529,279,149,279,2983,4864
ACSSF,2010m1,co,000,0018,0000059,,,,,,,,,,,,,,,,,,,,,,,,,,,,,,,,,,,,,,,,,,,,,,,,,,,,,,,,,,,,,,,,,,,,,,,,,,,,,,,,,,,,,,,,,,,,,,,,,,,,,,,,,,,,,,2613,279,279,114,590,430,689,1544,278,413,33,2001,141,92,1270,691,279,621,779,279,619,393,380,34,279,853,32,279,591,279,2032,3775
ACSSF,2010m1,co,000,0018,0000060,,,,,,,,,,,,,,,,,,,,,,,,,,,,,,,,,,,,,,,,,,,,,,,,,,,,,,,,,,,,,,,,,,,,,,,,,,,,,,,,,,,,,,,,,,,,,,,,,,,,,,,,,,,,,,,,,,,,,,,,,,,,,,,,,,,,,,,,,,,,,
ACSSF,2010m1,co,000,0018,0000061,,,,,,,,,,,,,,,,,,,,,,,,,,,,,,,,,,,,,,,,,,,,,,,,,,,,,,,,,,,,,,,,,,,,,,,,,,,,,,,,,,,,,,,,,,,,,,,,,,,,,,,,,,,,,,,,,,,,,,,,,,,,,,,,,,,,,,,,,,,,,
ACSSF,2010m1,co,000,0018,0000062,,,,,,,,,,,,,,,,,,,,,,,,,,,,,,,,,,,,,,,,,,,,,,,,,,,,,,,,,,,,,,,,,,,,,,,,,,,,,,,,,,,,,,,,,,,,,,,,,,,,,,,,,,,,,,1996,279,130,612,316,1440,732,1815,270,863,495,1877,279,29,1292,614,108,677,962,141,249,363,885,279,279,606,196,279,307,279,1811,3711
ACSSF,2010m1,co,000,0018,0000063,,,,,,,,,,,,,,,,,,,,,,,,,,,,,,,,,,,,,,,,,,,,,,,,,,,,,,,,,,,,,,,,,,,,,,,,,,,,,,,,,,,,,,,,,,,,,,,,,,,,,,,,,,,,,,2471,279,96,82,727,413,564,1673,178,1041,116,1979,123,314,1840,954,279,928,1020,136,717,318,530,279,279,966,435,104,338,279,1359,4677
ACSSF,2010m1,co,000,0018,0000064,,,,,,,,,,,,,,,,,,,,,,,,,,,,,,,,,,,,,,,,,,,,,,,,,,,,,,,,,,,,,,,,,,,,,,,,,,,,,,,,,,,,,,,,,,,,,,,,,,,,,,,,,,,,,,6038,279,426,223,350,175,288,1693,131,671,126,1448,180,250,1097,1012,279,349,641,279,324,335,974,279,279,511,347,27,558,398,1640,5412
ACSSF,2010m1,co,000,0018,0000065,,,,,,,,,,,,,,,,,,,,,,,,,,,,,,,,,,,,,,,,,,,,,,,,,,,,,,,,,,,,,,,,,,,,,,,,,,,,,,,,,,,,,,,,,,,,,,,,,,,,,,,,,,,,,,2330,279,91,179,221,72,309,1295,807,932,95,1739,76,106,2024,1639,174,666,691,268,607,338,725,388,275,824,306,279,440,279,1559,4220
ACSSF,2010m1,co,000,0018,0000066,,,,,,,,,,,,,,,,,,,,,,,,,,,,,,,,,,,,,,,,,,,,,,,,,,,,,,,,,,,,,,,,,,,,,,,,,,,,,,,,,,,,,,,,,,,,,,,,,,,,,,,,,,,,,,1983,279,268,478,412,150,341,1258,520,706,116,1543,203,228,1131,697,226,563,677,96,561,368,737,147,279,765,310,112,375,279,1884,2861
ACSSF,2010m1,co,000,0018,0000067,,,,,,,,,,,,,,,,,,,,,,,,,,,,,,,,,,,,,,,,,,,,,,,,,,,,,,,,,,,,,,,,,,,,,,,,,,,,,,,,,,,,,,,,,,,,,,,,,,,,,,,,,,,,,,4379,279,149,174,765,482,428,1495,404,804,338,1560,279,83,1852,915,295,656,575,88,223,426,754,175,170,520,90,88,867,279,1402,5003
ACSSF,2010m1,co,000,0018,0000068,,,,,,,,,,,,,,,,,,,,,,,,,,,,,,,,,,,,,,,,,,,,,,,,,,,,,,,,,,,,,,,,,,,,,,,,,,,,,,,,,,,,,,,,,,,,,,,,,,,,,,,,,,,,,,,,,,,,,,,,,,,,,,,,,,,,,,,,,,,,,
ACSSF,2010m1,co,000,0018,0000069,,,,,,,,,,,,,,,,,,,,,,,,,,,,,,,,,,,,,,,,,,,,,,,,,,,,,,,,,,,,,,,,,,,,,,,,,,,,,,,,,,,,,,,,,,,,,,,,,,,,,,,,,,,,,,4514,279,279,153,452,331,673,1045,88,535,183,1949,235,168,1832,441,279,697,358,114,174,357,227,279,279,323,427,279,445,279,1748,6098
ACSSF,2010m1,co,000,0018,0000070,,,,,,,,,,,,,,,,,,,,,,,,,,,,,,,,,,,,,,,,,,,,,,,,,,,,,,,,,,,,,,,,,,,,,,,,,,,,,,,,,,,,,,,,,,,,,,,,,,,,,,,,,,,,,,,,,,,,,,,,,,,,,,,,,,,,,,,,,,,,,
ACSSF,2010m1,co,000,0018,0000071,,,,,,,,,,,,,,,,,,,,,,,,,,,,,,,,,,,,,,,,,,,,,,,,,,,,,,,,,,,,,,,,,,,,,,,,,,,,,,,,,,,,,,,,,,,,,,,,,,,,,,,,,,,,,,9242,279,279,399,301,219,483,1321,358,714,354,1804,672,590,1605,800,279,719,952,133,371,524,506,96,279,1065,294,175,304,312,2846,7357
ACSSF,2010m1,co,000,0018,0000072,,,,,,,,,,,,,,,,,,,,,,,,,,,,,,,,,,,,,,,,,,,,,,,,,,,,,,,,,,,,,,,,,,,,,,,,,,,,,,,,,,,,,,,,,,,,,,,,,,,,,,,,,,,,,,,,,,,,,,,,,,,,,,,,,,,,,,,,,,,,,
ACSSF,2010m1,co,000,0018,0000073,,,,,,,,,,,,,,,,,,,,,,,,,,,,,,,,,,,,,,,,,,,,,,,,,,,,,,,,,,,,,,,,,,,,,,,,,,,,,,,,,,,,,,,,,,,,,,,,,,,,,,,,,,,,,,,,,,,,,,,,,,,,,,,,,,,,,,,,,,,,,
ACSSF,2010m1,co,000,0018,0000074,,,,,,,,,,,,,,,,,,,,,,,,,,,,,,,,,,,,,,,,,,,,,,,,,,,,,,,,,,,,,,,,,,,,,,,,,,,,,,,,,,,,,,,,,,,,,,,,,,,,,,,,,,,,,,5358,279,130,191,345,446,551,1405,226,721,608,1667,127,477,1570,500,279,170,662,279,472,346,561,80,279,911,435,279,313,164,1481,5211
ACSSF,2010m1,co,000,0018,0000075,,,,,,,,,,,,,,,,,,,,,,,,,,,,,,,,,,,,,,,,,,,,,,,,,,,,,,,,,,,,,,,,,,,,,,,,,,,,,,,,,,,,,,,,,,,,,,,,,,,,,,,,,,,,,,9765,279,247,190,454,224,168,896,105,319,290,1151,279,199,1227,553,131,412,423,396,152,216,227,114,447,565,307,240,386,214,1939,9012
ACSSF,2010m1,co,000,0018,0000076,,,,,,,,,,,,,,,,,,,,,,,,,,,,,,,,,,,,,,,,,,,,,,,,,,,,,,,,,,,,,,,,,,,,,,,,,,,,,,,,,,,,,,,,,,,,,,,,,,,,,,,,,,,,,,6818,279,279,87,352,159,353,1155,86,505,166,820,279,285,850,890,279,159,345,87,458,156,465,78,279,195,232,219,330,103,1605,6454
ACSSF,2010m1,co,000,0018,0000077,,,,,,,,,,,,,,,,,,,,,,,,,,,,,,,,,,,,,,,,,,,,,,,,,,,,,,,,,,,,,,,,,,,,,,,,,,,,,,,,,,,,,,,,,,,,,,,,,,,,,,,,,,,,,,5956,279,150,320,473,327,488,1146,701,997,279,1743,413,297,1297,575,233,304,764,103,398,212,809,279,279,535,157,256,523,279,1254,5281
ACSSF,2010m1,co,000,0018,0000078,,,,,,,,,,,,,,,,,,,,,,,,,,,,,,,,,,,,,,,,,,,,,,,,,,,,,,,,,,,,,,,,,,,,,,,,,,,,,,,,,,,,,,,,,,,,,,,,,,,,,,,,,,,,,,7695,279,188,94,384,151,415,1027,359,781,219,1866,94,306,1831,520,149,1049,552,106,264,207,226,279,543,339,258,279,136,279,1289,7717
ACSSF,2010m1,co,000,0018,0000079,,,,,,,,,,,,,,,,,,,,,,,,,,,,,,,,,,,,,,,,,,,,,,,,,,,,,,,,,,,,,,,,,,,,,,,,,,,,,,,,,,,,,,,,,,,,,,,,,,,,,,,,,,,,,,,,,,,,,,,,,,,,,,,,,,,,,,,,,,,,,
ACSSF,2010m1,co,000,0018,0000080,,,,,,,,,,,,,,,,,,,,,,,,,,,,,,,,,,,,,,,,,,,,,,,,,,,,,,,,,,,,,,,,,,,,,,,,,,,,,,,,,,,,,,,,,,,,,,,,,,,,,,,,,,,,,,4291,279,327,300,316,213,611,2091,120,737,170,1845,106,80,1665,1020,279,365,766,279,282,406,441,235,279,574,112,121,373,279,1779,4815
ACSSF,2010m1,co,000,0018,0000081,,,,,,,,,,,,,,,,,,,,,,,,,,,,,,,,,,,,,,,,,,,,,,,,,,,,,,,,,,,,,,,,,,,,,,,,,,,,,,,,,,,,,,,,,,,,,,,,,,,,,,,,,,,,,,,,,,,,,,,,,,,,,,,,,,,,,,,,,,,,,
ACSSF,2010m1,co,000,0018,0000082,,,,,,,,,,,,,,,,,,,,,,,,,,,,,,,,,,,,,,,,,,,,,,,,,,,,,,,,,,,,,,,,,,,,,,,,,,,,,,,,,,,,,,,,,,,,,,,,,,,,,,,,,,,,,,6446,279,95,102,391,316,517,1498,586,1183,100,2319,226,294,1464,1005,73,514,711,130,154,510,386,94,63,904,390,279,383,279,1771,5696
ACSSF,2010m1,co,000,0018,0000083,,,,,,,,,,,,,,,,,,,,,,,,,,,,,,,,,,,,,,,,,,,,,,,,,,,,,,,,,,,,,,,,,,,,,,,,,,,,,,,,,,,,,,,,,,,,,,,,,,,,,,,,,,,,,,3584,279,81,108,736,272,551,1333,145,530,137,1436,84,118,1998,1270,289,378,313,135,266,427,1059,279,279,834,119,279,465,279,1269,3556
ACSSF,2010m1,co,000,0018,0000084,,,,,,,,,,,,,,,,,,,,,,,,,,,,,,,,,,,,,,,,,,,,,,,,,,,,,,,,,,,,,,,,,,,,,,,,,,,,,,,,,,,,,,,,,,,,,,,,,,,,,,,,,,,,,,5813,279,279,612,221,337,738,1448,421,671,732,2193,304,213,1950,1693,126,1039,768,279,1047,776,696,214,279,799,103,183,564,279,1836,5279
ACSSF,2010m1,co,000,0018,0000085,,,,,,,,,,,,,,,,,,,,,,,,,,,,,,,,,,,,,,,,,,,,,,,,,,,,,,,,,,,,,,,,,,,,,,,,,,,,,,,,,,,,,,,,,,,,,,,,,,,,,,,,,,,,,,5005,279,279,342,876,638,687,2133,485,1152,500,2827,279,469,3237,1612,106,650,672,533,435,469,650,347,279,1353,399,166,520,279,3084,5910
ACSSF,2010m1,co,000,0018,0000086,,,,,,,,,,,,,,,,,,,,,,,,,,,,,,,,,,,,,,,,,,,,,,,,,,,,,,,,,,,,,,,,,,,,,,,,,,,,,,,,,,,,,,,,,,,,,,,,,,,,,,,,,,,,,,7029,279,279,419,551,564,1220,2193,295,1066,79,2480,279,534,1989,640,228,982,581,607,1490,432,970,279,101,448,442,325,1142,279,1996,6436
ACSSF,2010m1,co,000,0018,0000087,,,,,,,,,,,,,,,,,,,,,,,,,,,,,,,,,,,,,,,,,,,,,,,,,,,,,,,,,,,,,,,,,,,,,,,,,,,,,,,,,,,,,,,,,,,,,,,,,,,,,,,,,,,,,,5867,279,279,92,405,185,392,1102,263,1469,130,2002,121,145,1518,629,172,337,547,70,279,366,469,110,279,446,329,279,469,279,1432,5364
ACSSF,2010m1,co,000,0018,0000088,,,,,,,,,,,,,,,,,,,,,,,,,,,,,,,,,,,,,,,,,,,,,,,,,,,,,,,,,,,,,,,,,,,,,,,,,,,,,,,,,,,,,,,,,,,,,,,,,,,,,,,,,,,,,,6308,279,115,127,383,289,598,1262,271,1198,341,2166,111,123,1362,581,331,635,882,279,198,168,435,279,58,648,80,106,625,95,1105,5302
ACSSF,2010m1,co,000,0018,0000089,,,,,,,,,,,,,,,,,,,,,,,,,,,,,,,,,,,,,,,,,,,,,,,,,,,,,,,,,,,,,,,,,,,,,,,,,,,,,,,,,,,,,,,,,,,,,,,,,,,,,,,,,,,,,,9045,279,918,231,597,1236,758,1466,409,806,201,1586,225,221,2530,1323,237,879,1324,243,283,420,2211,107,63,769,270,104,652,226,3327,6722
ACSSF,2010m1,co,000,0018,0000090,,,,,,,,,,,,,,,,,,,,,,,,,,,,,,,,,,,,,,,,,,,,,,,,,,,,,,,,,,,,,,,,,,,,,,,,,,,,,,,,,,,,,,,,,,,,,,,,,,,,,,,,,,,,,,,,,,,,,,,,,,,,,,,,,,,,,,,,,,,,,
ACSSF,2010m1,co,000,0018,0000091,,,,,,,,,,,,,,,,,,,,,,,,,,,,,,,,,,,,,,,,,,,,,,,,,,,,,,,,,,,,,,,,,,,,,,,,,,,,,,,,,,,,,,,,,,,,,,,,,,,,,,,,,,,,,,3271,279,279,222,487,248,893,1915,279,771,183,1610,279,136,1605,670,279,600,245,279,100,602,522,170,14,320,320,139,180,65,1475,4206
ACSSF,2010m1,co,000,0018,0000092,,,,,,,,,,,,,,,,,,,,,,,,,,,,,,,,,,,,,,,,,,,,,,,,,,,,,,,,,,,,,,,,,,,,,,,,,,,,,,,,,,,,,,,,,,,,,,,,,,,,,,,,,,,,,,6184,279,918,161,557,124,1305,2015,368,992,103,1327,121,411,1208,652,113,776,887,87,1489,487,452,279,279,443,246,279,923,279,1290,5171
ACSSF,2010m1,co,000,0018,0000093,,,,,,,,,,,,,,,,,,,,,,,,,,,,,,,,,,,,,,,,,,,,,,,,,,,,,,,,,,,,,,,,,,,,,,,,,,,,,,,,,,,,,,,,,,,,,,,,,,,,,,,,,,,,,,,,,,,,,,,,,,,,,,,,,,,,,,,,,,,,,
ACSSF,2010m1,co,000,0018,0000094,,,,,,,,,,,,,,,,,,,,,,,,,,,,,,,,,,,,,,,,,,,,,,,,,,,,,,,,,,,,,,,,,,,,,,,,,,,,,,,,,,,,,,,,,,,,,,,,,,,,,,,,,,,,,,4390,279,268,559,847,326,475,2367,545,916,202,2358,203,229,1945,1699,346,850,901,194,721,472,1059,228,279,985,407,145,530,398,2555,5774
ACSSF,2010m1,co,000,0018,0000095,,,,,,,,,,,,,,,,,,,,,,,,,,,,,,,,,,,,,,,,,,,,,,,,,,,,,,,,,,,,,,,,,,,,,,,,,,,,,,,,,,,,,,,,,,,,,,,,,,,,,,,,,,,,,,,,,,,,,,,,,,,,,,,,,,,,,,,,,,,,,
ACSSF,2010m1,co,000,0018,0000096,,,,,,,,,,,,,,,,,,,,,,,,,,,,,,,,,,,,,,,,,,,,,,,,,,,,,,,,,,,,,,,,,,,,,,,,,,,,,,,,,,,,,,,,,,,,,,,,,,,,,,,,,,,,,,7396,279,244,409,431,494,881,1584,263,735,691,2385,698,653,1994,907,279,1151,987,170,738,201,595,381,180,1296,452,137,429,174,3254,8125
ACSSF,2010m1,co,000,0018,0000097,,,,,,,,,,,,,,,,,,,,,,,,,,,,,,,,,,,,,,,,,,,,,,,,,,,,,,,,,,,,,,,,,,,,,,,,,,,,,,,,,,,,,,,,,,,,,,,,,,,,,,,,,,,,,,7227,279,115,236,538,394,1112,1618,380,1528,395,2481,111,265,2266,1310,413,996,1455,236,331,326,2277,279,58,835,350,106,708,170,2336,6422
ACSSF,2010m1,co,000,0018,0000098,,,,,,,,,,,,,,,,,,,,,,,,,,,,,,,,,,,,,,,,,,,,,,,,,,,,,,,,,,,,,,,,,,,,,,,,,,,,,,,,,,,,,,,,,,,,,,,,,,,,,,,,,,,,,,0,279,326,356,959,558,910,2497,834,2112,394,3209,425,524,2514,1386,412,731,1145,491,670,421,1021,138,715,984,619,370,760,242,3005,5116
ACSSF,2010m1,co,000,0018,0000099,,,,,,,,,,,,,,,,,,,,,,,,,,,,,,,,,,,,,,,,,,,,,,,,,,,,,,,,,,,,,,,,,,,,,,,,,,,,,,,,,,,,,,,,,,,,,,,,,,,,,,,,,,,,,,916,279,279,694,885,711,1045,2333,646,1225,914,3235,304,514,3804,2220,106,987,988,533,1229,944,896,378,279,1505,413,244,687,279,3393,6458
ACSSF,2010m1,co,000,0018,0000100,,,,,,,,,,,,,,,,,,,,,,,,,,,,,,,,,,,,,,,,,,,,,,,,,,,,,,,,,,,,,,,,,,,,,,,,,,,,,,,,,,,,,,,,,,,,,,,,,,,,,,,,,,,,,,,,,,,,,,,,,,,,,,,,,,,,,,,,,,,,,
ACSSF,2010m1,co,000,0018,0000101,,,,,,,,,,,,,,,,,,,,,,,,,,,,,,,,,,,,,,,,,,,,,,,,,,,,,,,,,,,,,,,,,,,,,,,,,,,,,,,,,,,,,,,,,,,,,,,,,,,,,,,,,,,,,,3697,279,219,251,523,587,1270,1661,460,1060,805,2528,389,431,1918,1009,546,1100,787,390,458,262,815,72,148,1067,474,493,844,323,1932,5057
ACSSF,2010m1,co,000,0018,0000102,,,,,,,,,,,,,,,,,,,,,,,,,,,,,,,,,,,,,,,,,,,,,,,,,,,,,,,,,,,,,,,,,,,,,,,,,,,,,,,,,,,,,,,,,,,,,,,,,,,,,,,,,,,,,,,,,,,,,,,,,,,,,,,,,,,,,,,,,,,,,
ACSSF,2010m1,co,000,0018,0000103,,,,,,,,,,,,,,,,,,,,,,,,,,,,,,,,,,,,,,,,,,,,,,,,,,,,,,,,,,,,,,,,,,,,,,,,,,,,,,,,,,,,,,,,,,,,,,,,,,,,,,,,,,,,,,,,,,,,,,,,,,,,,,,,,,,,,,,,,,,,,
ACSSF,2010m1,co,000,0018,0000104,,,,,,,,,,,,,,,,,,,,,,,,,,,,,,,,,,,,,,,,,,,,,,,,,,,,,,,,,,,,,,,,,,,,,,,,,,,,,,,,,,,,,,,,,,,,,,,,,,,,,,,,,,,,,,,,,,,,,,,,,,,,,,,,,,,,,,,,,,,,,
ACSSF,2010m1,co,000,0018,0000105,,,,,,,,,,,,,,,,,,,,,,,,,,,,,,,,,,,,,,,,,,,,,,,,,,,,,,,,,,,,,,,,,,,,,,,,,,,,,,,,,,,,,,,,,,,,,,,,,,,,,,,,,,,,,,1501,279,535,854,677,657,1066,3182,690,1787,352,3871,338,431,3525,2101,588,1237,1739,130,495,874,1101,333,63,1352,433,264,869,279,3311,8103
ACSSF,2010m1,co,000,0018,0000106,,,,,,,,,,,,,,,,,,,,,,,,,,,,,,,,,,,,,,,,,,,,,,,,,,,,,,,,,,,,,,,,,,,,,,,,,,,,,,,,,,,,,,,,,,,,,,,,,,,,,,,,,,,,,,3497,279,100,181,613,421,476,1059,222,697,144,1292,279,340,1558,422,274,229,274,135,107,365,692,279,279,840,145,279,469,279,1244,3855
ACSSF,2010m1,co,000,0018,0000107,,,,,,,,,,,,,,,,,,,,,,,,,,,,,,,,,,,,,,,,,,,,,,,,,,,,,,,,,,,,,,,,,,,,,,,,,,,,,,,,,,,,,,,,,,,,,,,,,,,,,,,,,,,,,,4203,279,91,184,226,386,363,1280,899,1233,95,1988,166,539,2275,781,174,703,488,225,441,279,839,388,275,872,254,279,341,279,2276,4709
ACSSF,2010m1,co,000,0018,0000108,,,,,,,,,,,,,,,,,,,,,,,,,,,,,,,,,,,,,,,,,,,,,,,,,,,,,,,,,,,,,,,,,,,,,,,,,,,,,,,,,,,,,,,,,,,,,,,,,,,,,,,,,,,,,,3613,279,115,333,556,557,603,1629,875,573,127,2025,279,186,1798,800,112,2116,891,336,176,270,598,155,279,916,218,234,373,117,1928,4515
ACSSF,2010m1,co,000,0018,0000109,,,,,,,,,,,,,,,,,,,,,,,,,,,,,,,,,,,,,,,,,,,,,,,,,,,,,,,,,,,,,,,,,,,,,,,,,,,,,,,,,,,,,,,,,,,,,,,,,,,,,,,,,,,,,,,,,,,,,,,,,,,,,,,,,,,,,,,,,,,,,
ACSSF,2010m1,co,000,0018,0000110,,,,,,,,,,,,,,,,,,,,,,,,,,,,,,,,,,,,,,,,,,,,,,,,,,,,,,,,,,,,,,,,,,,,,,,,,,,,,,,,,,,,,,,,,,,,,,,,,,,,,,,,,,,,,,7578,279,177,192,543,422,766,1624,423,799,394,2902,265,244,1993,931,97,787,756,114,145,499,495,450,325,473,413,156,876,89,2407,8471
ACSSF,2010m1,co,000,0018,0000111,,,,,,,,,,,,,,,,,,,,,,,,,,,,,,,,,,,,,,,,,,,,,,,,,,,,,,,,,,,,,,,,,,,,,,,,,,,,,,,,,,,,,,,,,,,,,,,,,,,,,,,,,,,,,,,,,,,,,,,,,,,,,,,,,,,,,,,,,,,,,
