ACSSF,2010m1,co,000,0003,0000001,16499,16169,17445,10488,8776,3245,3350,4737,4144,442,1456,865,273,2690,5454,2861,7501,10815,12298,11732,7285,5503,2723,2960,3604,3324,296,972,512,273,2335,3989,2282,4986,12011,11304,11414,6329,5624,1758,1474,2959,2635,331,959,643,273,1365,3063,1519,4666,17040,5102,10043,9506,8824,9695,6282,10191,3622,5071,6761,5468,3675,12400,3582,7247,6034,6450,6364,4516,7389,2623,3957,5173,4362,3103,11919,3085,6323,6667,7011,6361,4286,6246,2849,2842,4051,3076,1729,16499,16223,10109,5255,9207,17445,15284,8531,3817,7694,10488,8244,4575,2523,3988,4737,4314,1868,985,1661,5454,4783,2096,525,2077,3931,3627,1408,701,1157,7501,6871,2506,1631,1521,16499,16169,17445,10488,8776,3245,3350,4737,5454,3931,7501,10815,12298,11732,7285,5503,2723,2960,3604,3989,2984,4986,12011,11304,11414,6329,5624,1758,1474,2959,3063,2185,4666,17040,12307,9506,8824,9695,6282,10191,6673,6761,6792,12400,8758,6034,6450,6364,4516,7389,4949,5173,5540,11919,6962,6667,7011,6361,4286,6246,4376,4051,3401,16499,16223,10109,5255,9207,17445,15284,8531,3817,7694,10488,8244,4575,2523,3988,4737,4314,1868,985,1661,6627,6008,2436,880,2227,7501,6871,2506,1631,1521
ACSSF,2010m1,co,000,0003,0000002,,,,,,,,,,,,,,,,,,,,,,,,,,,,,,,,,,,,,,,,,,,,,,,,,,,,,,,,,,,,,,,,,,,,,,,,,,,,,,,,,,,,,,,,,,,,,,,,,,,,,,,,,,,,,,,,,,,,,,,,,,,,,,,,,,,,,,,,,,,,,,,,,,,,,,,,,,,,,,,,,,,,,,,,,,,,,,,,,,,,,,,,,,,,,,,,,,,,,,,,,,,,,,,,,,,,,,,,,,
ACSSF,2010m1,co,000,0003,0000003,,,,,,,,,,,,,,,,,,,,,,,,,,,,,,,,,,,,,,,,,,,,,,,,,,,,,,,,,,,,,,,,,,,,,,,,,,,,,,,,,,,,,,,,,,,,,,,,,,,,,,,,,,,,,,,,,,,,,,,,,,,,,,,,,,,,,,,,,,,,,,,,,,,,,,,,,,,,,,,,,,,,,,,,,,,,,,,,,,,,,,,,,,,,,,,,,,,,,,,,,,,,,,,,,,,,,,,,,,
ACSSF,2010m1,co,000,0003,0000004,,,,,,,,,,,,,,,,,,,,,,,,,,,,,,,,,,,,,,,,,,,,,,,,,,,,,,,,,,,,,,,,,,,,,,,,,,,,,,,,,,,,,,,,,,,,,,,,,,,,,,,,,,,,,,,,,,,,,,,,,,,,,,,,,,,,,,,,,,,,,,,,,,,,,,,,,,,,,,,,,,,,,,,,,,,,,,,,,,,,,,,,,,,,,,,,,,,,,,,,,,,,,,,,,,,,,,,,,,
ACSSF,2010m1,co,000,0003,0000005,,,,,,,,,,,,,,,,,,,,,,,,,,,,,,,,,,,,,,,,,,,,,,,,,,,,,,,,,,,,,,,,,,,,,,,,,,,,,,,,,,,,,,,,,,,,,,,,,,,,,,,,,,,,,,,,,,,,,,,,,,,,,,,,,,,,,,,,,,,,,,,,,,,,,,,,,,,,,,,,,,,,,,,,,,,,,,,,,,,,,,,,,,,,,,,,,,,,,,,,,,,,,,,,,,,,,,,,,,
ACSSF,2010m1,co,000,0003,0000006,,,,,,,,,,,,,,,,,,,,,,,,,,,,,,,,,,,,,,,,,,,,,,,,,,,,,,,,,,,,,,,,,,,,,,,,,,,,,,,,,,,,,,,,,,,,,,,,,,,,,,,,,,,,,,,,,,,,,,,,,,,,,,,,,,,,,,,,,,,,,,,,,,,,,,,,,,,,,,,,,,,,,,,,,,,,,,,,,,,,,,,,,,,,,,,,,,,,,,,,,,,,,,,,,,,,,,,,,,
ACSSF,2010m1,co,000,0003,0000007,,,,,,,,,,,,,,,,,,,,,,,,,,,,,,,,,,,,,,,,,,,,,,,,,,,,,,,,,,,,,,,,,,,,,,,,,,,,,,,,,,,,,,,,,,,,,,,,,,,,,,,,,,,,,,,,,,,,,,,,,,,,,,,,,,,,,,,,,,,,,,,,,,,,,,,,,,,,,,,,,,,,,,,,,,,,,,,,,,,,,,,,,,,,,,,,,,,,,,,,,,,,,,,,,,,,,,,,,,
ACSSF,2010m1,co,000,0003,0000008,,,,,,,,,,,,,,,,,,,,,,,,,,,,,,,,,,,,,,,,,,,,,,,,,,,,,,,,,,,,,,,,,,,,,,,,,,,,,,,,,,,,,,,,,,,,,,,,,,,,,,,,,,,,,,,,,,,,,,,,,,,,,,,,,,,,,,,,,,,,,,,,,,,,,,,,,,,,,,,,,,,,,,,,,,,,,,,,,,,,,,,,,,,,,,,,,,,,,,,,,,,,,,,,,,,,,,,,,,
ACSSF,2010m1,co,000,0003,0000009,,,,,,,,,,,,,,,,,,,,,,,,,,,,,,,,,,,,,,,,,,,,,,,,,,,,,,,,,,,,,,,,,,,,,,,,,,,,,,,,,,,,,,,,,,,,,,,,,,,,,,,,,,,,,,,,,,,,,,,,,,,,,,,,,,,,,,,,,,,,,,,,,,,,,,,,,,,,,,,,,,,,,,,,,,,,,,,,,,,,,,,,,,,,,,,,,,,,,,,,,,,,,,,,,,,,,,,,,,
ACSSF,2010m1,co,000,0003,0000010,,,,,,,,,,,,,,,,,,,,,,,,,,,,,,,,,,,,,,,,,,,,,,,,,,,,,,,,,,,,,,,,,,,,,,,,,,,,,,,,,,,,,,,,,,,,,,,,,,,,,,,,,,,,,,,,,,,,,,,,,,,,,,,,,,,,,,,,,,,,,,,,,,,,,,,,,,,,,,,,,,,,,,,,,,,,,,,,,,,,,,,,,,,,,,,,,,,,,,,,,,,,,,,,,,,,,,,,,,
ACSSF,2010m1,co,000,0003,0000011,,,,,,,,,,,,,,,,,,,,,,,,,,,,,,,,,,,,,,,,,,,,,,,,,,,,,,,,,,,,,,,,,,,,,,,,,,,,,,,,,,,,,,,,,,,,,,,,,,,,,,,,,,,,,,,,,,,,,,,,,,,,,,,,,,,,,,,,,,,,,,,,,,,,,,,,,,,,,,,,,,,,,,,,,,,,,,,,,,,,,,,,,,,,,,,,,,,,,,,,,,,,,,,,,,,,,,,,,,
ACSSF,2010m1,co,000,0003,0000012,,,,,,,,,,,,,,,,,,,,,,,,,,,,,,,,,,,,,,,,,,,,,,,,,,,,,,,,,,,,,,,,,,,,,,,,,,,,,,,,,,,,,,,,,,,,,,,,,,,,,,,,,,,,,,,,,,,,,,,,,,,,,,,,,,,,,,,,,,,,,,,,,,,,,,,,,,,,,,,,,,,,,,,,,,,,,,,,,,,,,,,,,,,,,,,,,,,,,,,,,,,,,,,,,,,,,,,,,,
ACSSF,2010m1,co,000,0003,0000013,7526,6831,6318,2326,2232,793,453,955,912,273,273,142,273,507,1315,562,1551,5493,5041,4778,1717,1564,718,410,838,791,273,273,142,273,479,1094,434,934,3922,3683,3456,1348,1317,318,192,428,428,273,273,273,273,121,638,302,996,7373,606,1774,2290,2336,2669,1574,2653,992,1543,1905,1305,737,5468,332,1032,1511,1718,2149,1483,2104,699,1224,1415,1013,512,3833,477,1461,1639,1867,1461,777,1219,738,1102,1218,764,509,7526,6717,3024,1733,2624,6318,5278,2661,1449,2253,2326,1989,1334,531,1240,955,882,390,102,361,1315,1181,471,259,399,693,652,315,128,301,1551,995,1178,782,577,7526,6831,6318,2326,2232,793,453,955,1315,693,1551,5493,5041,4778,1717,1564,718,410,838,1094,574,934,3922,3683,3456,1348,1317,318,192,428,638,322,996,7373,1783,2290,2336,2669,1574,2653,1826,1905,1567,5468,1073,1511,1718,2149,1483,2104,1444,1415,1174,3833,1520,1639,1867,1461,777,1219,1297,1218,968,7526,6717,3024,1733,2624,6318,5278,2661,1449,2253,2326,1989,1334,531,1240,955,882,390,102,361,1462,1372,551,278,499,1551,995,1178,782,577
ACSSF,2010m1,co,000,0003,0000014,6082,6441,6518,2903,2828,605,666,1334,1123,222,180,489,273,603,1148,407,1791,4759,5032,4854,1852,1756,462,600,906,796,195,165,260,273,546,1012,410,1261,4582,4606,4483,1757,1682,379,322,948,866,99,79,398,273,270,496,184,944,6496,1018,2531,2979,2884,3534,2815,3714,1434,1606,2362,1843,1324,4975,748,1609,1874,2166,1918,2084,2707,997,1086,1791,1568,939,4612,710,1560,2021,1805,2575,1826,2317,1027,1168,1523,968,753,6082,6436,3266,1796,2777,6518,6190,2909,1903,2288,2903,2332,1524,719,1258,1334,1291,615,196,602,1148,1144,359,190,296,668,651,211,273,211,1791,1661,543,349,419,6082,6441,6518,2903,2828,605,666,1334,1148,668,1791,4759,5032,4854,1852,1756,462,600,906,1012,651,1261,4582,4606,4483,1757,1682,379,322,948,496,322,944,6496,2647,2979,2884,3534,2815,3714,2169,2362,2401,4975,1675,1874,2166,1918,2084,2707,1413,1791,1859,4612,1685,2021,1805,2575,1826,2317,1467,1523,1300,6082,6436,3266,1796,2777,6518,6190,2909,1903,2288,2903,2332,1524,719,1258,1334,1291,615,196,602,1314,1266,418,190,366,1791,1661,543,349,419
ACSSF,2010m1,co,000,0003,0000015,5314,5366,4991,2082,1846,574,793,1174,1174,273,273,273,273,1453,1829,582,2075,3690,3827,3724,1264,1167,382,313,778,778,273,273,273,273,1302,1041,567,1295,3528,3655,3434,1561,1352,375,687,805,805,273,273,273,273,643,1289,136,1348,5482,1288,2108,3220,2566,2398,1991,2088,1190,1379,2226,1389,731,3862,829,1745,1875,1807,1803,1344,1548,891,1119,1684,1061,459,3782,813,1230,2023,1471,1596,1180,1641,824,792,1273,702,590,5314,5618,2232,1407,1872,4991,4830,1788,1145,1442,2082,2075,764,459,634,1174,1016,567,197,559,1829,1706,535,159,522,1599,1593,374,253,279,2075,2030,457,339,254,5314,5366,4991,2082,1846,574,793,1174,1829,1599,2075,3690,3827,3724,1264,1167,382,313,778,1041,1428,1295,3528,3655,3434,1561,1352,375,687,805,1289,669,1348,5482,2522,3220,2566,2398,1991,2088,1817,2226,1602,3862,1963,1875,1807,1803,1344,1548,1478,1684,1205,3782,1422,2023,1471,1596,1180,1641,1172,1273,866,5314,5618,2232,1407,1872,4991,4830,1788,1145,1442,2082,2075,764,459,634,1174,1016,567,197,559,2626,2442,689,298,633,2075,2030,457,339,254
ACSSF,2010m1,co,000,0003,0000016,9630,9110,8534,3628,3559,1369,1048,2874,2409,355,1117,647,273,1315,1671,1260,2192,6794,6894,6521,2406,2289,1041,854,2149,1973,167,632,448,273,985,1281,1120,1473,6683,6511,6227,2321,2229,626,602,2036,1576,312,858,513,273,846,1302,608,1382,9594,1337,2325,3143,4100,4228,3591,4987,2202,2651,4296,2530,1605,6701,963,1709,2066,3196,2879,2431,3764,1530,1988,2693,1880,1412,6781,992,1379,2044,2583,2587,2276,3238,1522,1579,2918,1748,879,9630,9009,4351,2514,3995,8534,7925,3970,2220,3748,3628,3189,1877,1088,1730,2874,2597,1565,839,1172,1671,1652,438,134,415,1792,1638,552,346,410,2192,2134,734,288,644,9630,9110,8534,3628,3559,1369,1048,2874,1671,1792,2192,6794,6894,6521,2406,2289,1041,854,2149,1281,1561,1473,6683,6511,6227,2321,2229,626,602,2036,1302,922,1382,9594,2698,3143,4100,4228,3591,4987,3350,4296,2998,6701,2105,2066,3196,2879,2431,3764,2596,2693,2392,6781,1693,2044,2583,2587,2276,3238,2136,2918,1767,9630,9009,4351,2514,3995,8534,7925,3970,2220,3748,3628,3189,1877,1088,1730,2874,2597,1565,839,1172,2195,2100,719,364,604,2192,2134,734,288,644
ACSSF,2010m1,co,000,0003,0000017,5467,4921,4261,1747,1523,629,338,744,588,273,437,89,273,229,351,425,1966,3556,3271,3134,943,806,318,311,593,420,273,437,89,273,216,208,384,1149,3504,3385,3039,1416,1251,539,169,390,390,273,273,273,273,76,167,193,1391,5144,799,1765,1742,1956,1972,1462,2219,604,906,1555,932,624,3430,683,1102,1256,1330,1173,1058,1414,528,741,974,646,546,3473,453,1399,1126,1372,1432,840,1485,326,588,1040,705,241,5467,5038,1798,1196,1568,4261,4287,1413,948,1258,1747,1568,730,515,550,744,751,249,273,249,351,351,273,273,273,486,486,273,273,273,1966,1612,1046,746,716,5467,4921,4261,1747,1523,629,338,744,351,486,1966,3556,3271,3134,943,806,318,311,593,208,440,1149,3504,3385,3039,1416,1251,539,169,390,167,210,1391,5144,1961,1742,1956,1972,1462,2219,1095,1555,1184,3430,1415,1256,1330,1173,1058,1414,872,974,820,3473,1468,1126,1372,1432,840,1485,717,1040,788,5467,5038,1798,1196,1568,4261,4287,1413,948,1258,1747,1568,730,515,550,744,751,249,273,249,514,514,273,273,273,1966,1612,1046,746,716
ACSSF,2010m1,co,000,0003,0000018,5542,5595,6000,3007,2739,873,659,1097,1097,109,273,273,273,683,2232,993,2228,3911,4054,4408,2152,1928,545,519,712,719,109,273,273,273,628,1526,775,1584,4080,4055,4073,1594,1541,598,347,836,836,273,273,273,273,280,1273,480,1301,5873,1771,3307,3558,3870,3898,2030,3389,1221,1327,1682,1339,1080,4109,1454,2704,2680,2684,2597,1349,2145,866,792,1377,1029,973,4311,959,1564,2485,2825,2708,1579,2418,840,982,1119,803,417,5542,5737,3404,1374,3033,6000,5911,2981,1415,2328,3007,2629,1383,484,1329,1097,738,812,273,812,2232,2119,418,127,399,1200,1200,273,273,273,2228,2093,414,302,282,5542,5595,6000,3007,2739,873,659,1097,2232,1200,2228,3911,4054,4408,2152,1928,545,519,712,1526,985,1584,4080,4055,4073,1594,1541,598,347,836,1273,566,1301,5873,3553,3558,3870,3898,2030,3389,1804,1682,1618,4109,2846,2680,2684,2597,1349,2145,1145,1377,1273,4311,1781,2485,2825,2708,1579,2418,1367,1119,954,5542,5737,3404,1374,3033,6000,5911,2981,1415,2328,3007,2629,1383,484,1329,1097,738,812,273,812,2628,2509,418,127,399,2228,2093,414,302,282
ACSSF,2010m1,co,000,0003,0000019,5470,5795,5411,2509,2179,1028,564,894,851,273,172,273,273,477,849,1269,2301,4603,4626,4224,1832,1487,761,511,665,636,273,88,273,273,342,672,977,1459,3172,3351,3339,1332,1337,568,242,612,587,273,148,273,273,322,526,789,1586,5587,1016,2475,2554,2605,2366,1913,3508,1200,1357,2225,1382,1105,4603,684,1394,1818,2117,1978,1507,2373,753,1115,1480,1127,1007,3226,750,1649,1596,2060,1662,1086,1931,776,737,1376,824,488,5470,5143,2461,1229,2115,5411,5049,2097,1143,1739,2509,2397,1138,374,1092,894,786,415,273,415,849,784,240,273,240,1337,1331,477,382,180,2301,2262,286,198,179,5470,5795,5411,2509,2179,1028,564,894,849,1337,2301,4603,4626,4224,1832,1487,761,511,665,672,923,1459,3172,3351,3339,1332,1337,568,242,612,526,936,1586,5587,2660,2554,2605,2366,1913,3508,1707,2225,1684,4603,1632,1818,2117,1978,1507,2373,1310,1480,1541,3226,1692,1596,2060,1662,1086,1931,1013,1376,991,5470,5143,2461,1229,2115,5411,5049,2097,1143,1739,2509,2397,1138,374,1092,894,786,415,273,415,1604,1578,541,382,299,2301,2262,286,198,179
ACSSF,2010m1,co,000,0003,0000020,4681,4714,4420,1989,2013,583,245,424,424,273,273,273,273,1198,1150,536,1368,3421,3159,2967,1293,1229,511,233,479,479,273,273,273,273,949,888,487,858,3058,3134,3106,1303,1250,303,130,324,324,273,273,273,273,551,623,180,849,4902,1260,2714,2883,2801,2551,1530,2111,1019,828,1083,1011,709,3328,1084,1892,1984,2030,1860,880,1339,625,573,880,718,640,3226,528,1452,2002,1931,1391,1001,1335,709,587,745,689,340,4681,4789,1829,1107,1593,4420,4535,1330,729,1167,1989,1933,897,615,712,424,416,90,273,90,1150,1130,277,108,261,1253,966,830,132,819,1368,1267,386,331,195,4681,4714,4420,1989,2013,583,245,424,1150,1253,1368,3421,3159,2967,1293,1229,511,233,479,888,997,858,3058,3134,3106,1303,1250,303,130,324,623,576,849,4902,2723,2883,2801,2551,1530,2111,1341,1083,1205,3328,1964,1984,2030,1860,880,1339,835,880,957,3226,1482,2002,1931,1391,1001,1335,888,745,749,4681,4789,1829,1107,1593,4420,4535,1330,729,1167,1989,1933,897,615,712,424,416,90,273,90,1578,1457,887,226,855,1368,1267,386,331,195
ACSSF,2010m1,co,000,0003,0000021,,,,,,,,,,,,,,,,,,,,,,,,,,,,,,,,,,,,,,,,,,,,,,,,,,,,3751,1020,1835,2000,2091,1849,1558,770,788,364,670,608,325,2877,596,1357,1184,1330,1068,1408,525,384,187,617,519,271,1580,915,1161,1386,1390,1197,646,613,479,330,254,278,139,,,,,,,,,,,,,,,,,,,,,,,,,,,,,,,,,,,,3712,3724,3840,1578,1303,407,558,268,1125,459,1165,2864,2860,2802,1073,752,249,552,268,1095,399,672,1656,1639,1858,900,852,265,89,273,222,269,759,3751,2204,2000,2091,1849,1558,770,925,670,699,2877,1573,1184,1330,1068,1408,525,459,617,572,1580,1412,1386,1390,1197,646,613,601,254,333,,,,,,,,,,,,,,,,,,,,,,,,,,,,,,
ACSSF,2010m1,co,000,0003,0000022,,,,,,,,,,,,,,,,,,,,,,,,,,,,,,,,,,,,,,,,,,,,,,,,,,,,3443,885,1943,1785,2085,1857,771,935,416,335,1046,936,599,2287,682,1196,1243,1434,1432,423,636,318,288,767,946,602,2127,478,1251,1176,1306,1060,572,611,269,183,487,335,47,,,,,,,,,,,,,,,,,,,,,,,,,,,,,,,,,,,,3450,3594,3449,1294,1128,814,362,417,632,327,745,2361,2356,2162,1044,905,664,212,347,571,300,428,2139,2141,2204,739,625,351,293,217,239,302,615,3443,1899,1785,2085,1857,771,935,518,1046,1091,2287,1231,1243,1434,1432,423,636,392,767,1083,2127,1352,1176,1306,1060,572,611,340,487,335,,,,,,,,,,,,,,,,,,,,,,,,,,,,,,
ACSSF,2010m1,co,000,0003,0000023,,,,,,,,,,,,,,,,,,,,,,,,,,,,,,,,,,,,,,,,,,,,,,,,,,,,4951,980,1614,2028,2335,1844,1295,2521,761,821,1483,1321,805,3483,525,1410,1386,1590,1334,930,2044,696,646,1354,1118,816,3118,765,1219,1643,1615,1136,769,999,340,527,491,542,106,5305,4569,2497,1660,1878,4383,3840,1783,1027,1479,2249,1397,1990,1260,1141,629,344,501,501,273,882,851,176,145,97,647,480,378,74,373,1232,1186,265,217,143,5305,4789,4383,2249,1530,920,1648,629,882,647,1232,3664,3409,3239,1952,1179,504,1644,585,572,579,859,3416,2991,3034,991,838,515,155,229,664,256,922,4951,1906,2028,2335,1844,1295,2521,1050,1483,1478,3483,1582,1386,1590,1334,930,2044,894,1354,1301,3118,1428,1643,1615,1136,769,999,637,491,528,5305,4569,2497,1660,1878,4383,3840,1783,1027,1479,2249,1397,1990,1260,1141,629,344,501,501,273,1062,960,428,160,390,1232,1186,265,217,143
ACSSF,2010m1,co,000,0003,0000024,,,,,,,,,,,,,,,,,,,,,,,,,,,,,,,,,,,,,,,,,,,,,,,,,,,,2618,667,863,990,1185,944,551,875,253,572,577,368,451,1981,487,476,606,815,736,376,543,253,546,524,305,345,1495,448,599,783,675,510,391,765,273,258,208,201,245,,,,,,,,,,,,,,,,,,,,,,,,,,,,,,,,,,,,2695,2734,2586,933,740,473,390,232,184,508,736,1988,2014,1805,748,548,409,387,206,167,373,427,1609,1508,1410,518,499,112,65,112,68,340,526,2618,1043,990,1185,944,551,875,633,577,517,1981,666,606,815,736,376,543,623,524,457,1495,662,783,675,510,391,765,258,208,314,,,,,,,,,,,,,,,,,,,,,,,,,,,,,,
ACSSF,2010m1,co,000,0003,0000025,5208,4980,4389,2549,2343,523,434,948,859,113,273,336,273,541,1046,287,1201,3868,3914,3328,1505,1342,335,377,689,661,113,273,273,273,488,906,217,811,3628,3347,3367,1401,1321,344,246,744,657,273,273,336,273,259,360,217,717,5289,595,1613,2152,1954,2140,1613,2420,833,1049,1491,1381,831,3885,311,1207,1341,1316,1170,1205,1829,426,782,1086,1144,505,3661,469,922,1522,1377,1444,1193,1514,676,817,1031,761,591,5208,4822,2754,1463,2413,4389,4275,2325,1415,2078,2549,1890,1133,648,891,948,924,456,123,436,1046,977,524,140,499,661,574,298,128,272,1201,1040,526,223,478,5208,4980,4389,2549,2343,523,434,948,1046,661,1201,3868,3914,3328,1505,1342,335,377,689,906,495,811,3628,3347,3367,1401,1321,344,246,744,360,348,717,5289,1843,2152,1954,2140,1613,2420,1418,1491,1588,3885,1305,1341,1316,1170,1205,1829,921,1086,1201,3661,1020,1522,1377,1444,1193,1514,1100,1031,973,5208,4822,2754,1463,2413,4389,4275,2325,1415,2078,2549,1890,1133,648,891,948,924,456,123,436,1226,1195,571,140,550,1201,1040,526,223,478
ACSSF,2010m1,co,000,0003,0000026,4393,3775,3588,1427,1219,397,477,1038,1038,273,273,273,273,1431,1460,434,1292,3177,2681,2676,975,878,288,155,712,712,273,273,273,273,1235,809,417,888,2831,2433,2289,1045,944,274,400,726,726,273,273,273,273,615,1096,97,772,4395,876,1530,2201,1816,2002,1230,1838,846,1097,1376,1141,550,3127,610,1283,1382,1322,1587,859,1364,589,824,1153,814,398,2814,582,831,1366,1049,1391,864,1175,606,598,767,557,435,4393,4367,1734,1130,1405,3588,3610,1293,876,972,1427,1305,645,432,505,1038,915,559,197,548,1460,1339,528,131,522,1470,1443,343,253,226,1292,1228,259,223,150,4393,3775,3588,1427,1219,397,477,1038,1460,1470,1292,3177,2681,2676,975,878,288,155,712,809,1242,888,2831,2433,2289,1045,944,274,400,726,1096,628,772,4395,1814,2201,1816,2002,1230,1838,1430,1376,1242,3127,1479,1382,1322,1587,859,1364,1083,1153,967,2814,1028,1366,1049,1391,864,1175,861,767,625,4393,4367,1734,1130,1405,3588,3610,1293,876,972,1427,1305,645,432,505,1038,915,559,197,548,2267,2077,646,284,577,1292,1228,259,223,150
ACSSF,2010m1,co,000,0003,0000027,,,,,,,,,,,,,,,,,,,,,,,,,,,,,,,,,,,,,,,,,,,,,,,,,,,,3041,589,626,1033,1439,1519,1198,1362,427,655,873,570,674,2357,447,403,682,931,975,1139,1003,243,410,772,407,458,2126,304,455,774,854,1094,536,767,404,514,557,391,260,3003,3089,1190,901,846,2864,2881,1036,852,709,1142,975,543,288,462,688,592,303,79,291,196,196,273,273,273,202,202,273,273,273,806,801,223,210,82,3003,2927,2864,1142,1124,276,273,688,196,202,806,2404,2206,2146,577,576,150,273,487,151,189,517,2099,2114,2162,853,814,229,273,496,125,77,543,3041,852,1033,1439,1519,1198,1362,861,873,879,2357,598,682,931,975,1139,1003,503,772,618,2126,506,774,854,1094,536,767,720,557,466,3003,3089,1190,901,846,2864,2881,1036,852,709,1142,975,543,288,462,688,592,303,79,291,296,296,273,273,273,806,801,223,210,82
ACSSF,2010m1,co,000,0003,0000028,5419,5179,5299,2383,2250,769,658,1116,1117,109,273,273,273,643,1429,983,1748,4092,3936,4024,1736,1636,441,515,731,737,109,273,273,273,583,869,677,1181,4002,3981,3893,1433,1366,547,345,836,836,273,273,273,273,280,1067,480,1020,5254,1372,2582,3264,3243,3544,2032,2666,1078,939,1117,1300,836,3977,1020,2150,2355,2119,2211,1252,1910,737,582,1036,993,719,4058,905,1432,2395,2352,2483,1520,1911,739,744,802,775,387,5419,5615,3410,1256,3002,5299,5188,2902,1254,2275,2383,2183,1384,484,1335,1116,758,807,273,807,1429,1354,377,273,377,1185,1185,273,273,273,1748,1637,377,269,262,5419,5179,5299,2383,2250,769,658,1116,1429,1185,1748,4092,3936,4024,1736,1636,441,515,731,869,879,1181,4002,3981,3893,1433,1366,547,345,836,1067,566,1020,5254,2717,3264,3243,3544,2032,2666,1516,1117,1508,3977,2248,2355,2119,2211,1252,1910,1021,1036,1143,4058,1593,2395,2352,2483,1520,1911,1134,802,915,5419,5615,3410,1256,3002,5299,5188,2902,1254,2275,2383,2183,1384,484,1335,1116,758,807,273,807,1784,1705,377,273,377,1748,1637,377,269,262
ACSSF,2010m1,co,000,0003,0000029,9630,9110,8534,3628,3559,1369,1048,2874,2409,355,1117,647,273,1315,1671,1260,2192,6794,6894,6521,2406,2289,1041,854,2149,1973,167,632,448,273,985,1281,1120,1473,6683,6511,6227,2321,2229,626,602,2036,1576,312,858,513,273,846,1302,608,1382,9594,1337,2325,3143,4100,4228,3591,4987,2202,2651,4296,2530,1605,6701,963,1709,2066,3196,2879,2431,3764,1530,1988,2693,1880,1412,6781,992,1379,2044,2583,2587,2276,3238,1522,1579,2918,1748,879,9630,9009,4351,2514,3995,8534,7925,3970,2220,3748,3628,3189,1877,1088,1730,2874,2597,1565,839,1172,1671,1652,438,134,415,1792,1638,552,346,410,2192,2134,734,288,644,9630,9110,8534,3628,3559,1369,1048,2874,1671,1792,2192,6794,6894,6521,2406,2289,1041,854,2149,1281,1561,1473,6683,6511,6227,2321,2229,626,602,2036,1302,922,1382,9594,2698,3143,4100,4228,3591,4987,3350,4296,2998,6701,2105,2066,3196,2879,2431,3764,2596,2693,2392,6781,1693,2044,2583,2587,2276,3238,2136,2918,1767,9630,9009,4351,2514,3995,8534,7925,3970,2220,3748,3628,3189,1877,1088,1730,2874,2597,1565,839,1172,2195,2100,719,364,604,2192,2134,734,288,644
ACSSF,2010m1,co,000,0003,0000030,4412,4464,4324,1377,1427,410,148,347,347,273,273,273,273,1176,853,288,913,2928,2757,2611,937,928,348,115,154,154,273,273,273,273,920,523,258,598,2948,3042,2999,862,854,278,87,309,309,273,273,273,273,552,611,102,551,4600,575,2103,2163,2352,2338,1116,1208,571,668,804,900,442,2946,484,1408,1624,1514,1699,648,793,450,445,551,610,308,3027,268,1188,1497,1688,1225,820,905,364,527,596,615,256,4412,4643,1228,739,1160,4324,4360,931,672,834,1377,1411,469,125,437,347,333,90,273,90,853,814,277,108,245,1215,912,818,84,819,913,769,332,304,147,4412,4464,4324,1377,1427,410,148,347,853,1215,913,2928,2757,2611,937,928,348,115,154,523,964,598,2948,3042,2999,862,854,278,87,309,611,560,551,4600,2109,2163,2352,2338,1116,1208,872,804,874,2946,1479,1624,1514,1699,648,793,596,551,626,3027,1138,1497,1688,1225,820,905,627,596,635,4412,4643,1228,739,1160,4324,4360,931,672,834,1377,1411,469,125,437,347,333,90,273,90,1386,1223,860,132,846,913,769,332,304,147
ACSSF,2010m1,co,000,0003,0000031,,,,,,,,,,,,,,,,,,,,,,,,,,,,,,,,,,,,,,,,,,,,,,,,,,,,3793,838,1472,1446,1936,1089,1024,977,348,737,974,636,591,2987,445,1348,1082,1267,836,662,527,246,475,860,485,594,2373,664,872,1130,1338,633,581,727,234,481,494,462,106,,,,,,,,,,,,,,,,,,,,,,,,,,,,,,,,,,,,3824,3602,3528,1341,1200,511,452,506,677,619,702,3064,2808,2651,1031,952,183,436,506,340,550,388,2403,2293,2307,858,738,461,112,273,601,256,616,3793,1699,1446,1936,1089,1024,977,819,974,839,2987,1428,1082,1267,836,662,527,527,860,746,2373,1110,1130,1338,633,581,727,554,494,469,3824,3271,1768,1122,1506,3528,3190,1319,800,1045,1341,1007,1100,517,934,506,71,501,501,273,951,811,393,123,373,702,670,181,179,30
ACSSF,2010m1,co,000,0003,0000032,,,,,,,,,,,,,,,,,,,,,,,,,,,,,,,,,,,,,,,,,,,,,,,,,,,,2152,376,767,842,746,940,335,1023,460,363,743,477,273,1446,305,534,703,613,585,247,684,409,274,438,261,273,1541,223,714,475,456,820,212,707,143,240,614,356,273,,,,,,,,,,,,,,,,,,,,,,,,,,,,,,,,,,,,,,,,,,,,,,,,,,,,,,,,,,,,,,,,,,,,,2152,855,842,746,940,335,1023,594,743,477,1446,775,703,613,585,247,684,484,438,261,1541,718,475,456,820,212,707,279,614,356,,,,,,,,,,,,,,,,,,,,,,,,,,,,,,
ACSSF,2010m1,co,000,0003,0000033,4263,4050,3769,1597,1424,658,139,560,541,273,123,273,273,115,536,493,704,3255,3086,2883,1060,983,533,273,448,448,273,273,273,273,115,413,440,408,2521,2583,2431,967,908,312,139,366,338,273,123,273,273,273,305,208,557,4244,391,918,1613,1918,1873,1128,1840,850,899,1253,805,233,3147,243,536,1308,1348,1361,723,1216,558,703,959,703,105,2594,292,745,920,1095,1166,813,1163,564,559,814,476,205,4263,4049,1186,816,1171,3769,3600,1007,813,714,1597,1369,766,236,733,560,519,262,273,262,536,536,273,273,273,470,343,326,270,180,704,708,76,76,273,4263,4050,3769,1597,1424,658,139,560,536,470,704,3255,3086,2883,1060,983,533,273,448,413,415,408,2521,2583,2431,967,908,312,139,366,305,208,557,4244,1027,1613,1918,1873,1128,1840,1179,1253,823,3147,633,1308,1348,1361,723,1216,891,959,696,2594,787,920,1095,1166,813,1163,763,814,514,4263,4049,1186,816,1171,3769,3600,1007,813,714,1597,1369,766,236,733,560,519,262,273,262,723,666,326,270,180,704,708,76,76,273
ACSSF,2010m1,co,000,0003,0000034,,,,,,,,,,,,,,,,,,,,,,,,,,,,,,,,,,,,,,,,,,,,,,,,,,,,2792,585,1112,1328,935,1031,834,888,481,677,1002,588,216,1915,485,797,1017,686,513,549,735,410,584,486,572,138,2256,500,791,881,624,800,663,472,272,327,835,265,167,,,,,,,,,,,,,,,,,,,,,,,,,,,,,,,,,,,,2756,2834,2480,992,852,325,339,296,605,409,773,1906,1816,1774,565,463,116,237,259,494,388,372,2229,2245,1918,782,677,284,245,133,365,126,662,2792,1383,1328,935,1031,834,888,818,1002,606,1915,999,1017,686,513,549,735,739,486,580,2256,1013,881,624,800,663,472,399,835,323,,,,,,,,,,,,,,,,,,,,,,,,,,,,,,
ACSSF,2010m1,co,000,0003,0000035,,,,,,,,,,,,,,,,,,,,,,,,,,,,,,,,,,,,,,,,,,,,,,,,,,,,3012,680,1176,1139,1460,1050,848,1431,555,388,457,253,548,2120,467,819,745,740,621,669,918,145,218,301,197,529,2036,421,729,964,1129,845,504,779,494,310,318,147,137,,,,,,,,,,,,,,,,,,,,,,,,,,,,,,,,,,,,,,,,,,,,,,,,,,,,,,,,,,,,,,,,,,,,,3012,1380,1139,1460,1050,848,1431,650,457,580,2120,944,745,740,621,669,918,272,301,541,2036,830,964,1129,845,504,779,576,318,204,,,,,,,,,,,,,,,,,,,,,,,,,,,,,,
ACSSF,2010m1,co,000,0003,0000036,,,,,,,,,,,,,,,,,,,,,,,,,,,,,,,,,,,,,,,,,,,,,,,,,,,,3334,733,1752,1687,2084,1583,758,782,378,335,885,514,506,2001,453,973,1160,1327,1177,398,582,268,288,696,403,509,2086,485,1247,1129,1238,899,546,508,262,183,426,292,47,,,,,,,,,,,,,,,,,,,,,,,,,,,,,,,,,,,,3312,3446,3252,1054,1010,506,233,417,625,301,644,2058,2050,1858,757,701,360,197,347,562,273,259,2117,2084,2090,661,609,306,118,217,239,292,590,3334,1786,1687,2084,1583,758,782,488,885,729,2001,1001,1160,1327,1177,398,582,368,696,655,2086,1332,1129,1238,899,546,508,330,426,292,,,,,,,,,,,,,,,,,,,,,,,,,,,,,,
ACSSF,2010m1,co,000,0003,0000037,,,,,,,,,,,,,,,,,,,,,,,,,,,,,,,,,,,,,,,,,,,,,,,,,,,,2568,166,1142,921,906,1207,516,1360,502,396,572,511,232,1710,108,460,515,445,858,302,922,200,376,295,359,158,1693,130,990,736,737,845,439,789,438,96,490,316,171,2754,2371,1350,920,727,2268,1962,844,611,543,1027,951,330,134,303,194,169,93,273,93,668,640,259,259,273,215,215,273,273,273,1169,559,1034,667,401,,,,,,,,,,,,,,,,,,,,,,,,,,,,,,,,,,2568,1101,921,906,1207,516,1360,649,572,552,1710,473,515,445,858,302,922,427,295,414,1693,986,736,737,845,439,789,448,490,354,2754,2371,1350,920,727,2268,1962,844,611,543,1027,951,330,134,303,194,169,93,273,93,713,664,259,259,273,1169,559,1034,667,401
ACSSF,2010m1,co,000,0003,0000038,,,,,,,,,,,,,,,,,,,,,,,,,,,,,,,,,,,,,,,,,,,,,,,,,,,,3157,236,1144,1275,1416,1202,580,1004,434,371,1088,607,274,2088,140,612,896,872,860,417,777,293,250,880,448,189,2131,185,787,937,1150,788,449,604,325,273,531,384,199,,,,,,,,,,,,,,,,,,,,,,,,,,,,,,,,,,,,3278,3105,3021,831,860,298,77,573,291,352,571,2217,2060,1988,628,625,90,77,473,201,352,444,2133,2144,2048,509,482,288,273,340,208,273,330,3157,1190,1275,1416,1202,580,1004,604,1088,655,2088,627,896,872,860,417,777,404,880,474,2131,826,937,1150,788,449,604,414,531,433,3278,2873,1473,758,1187,3021,2645,1303,590,1147,831,841,328,216,247,573,573,273,273,273,454,454,273,273,273,571,598,187,171,71
ACSSF,2010m1,co,000,0003,0000039,4393,3775,3588,1427,1219,397,477,1038,1038,273,273,273,273,1431,1460,434,1292,3177,2681,2676,975,878,288,155,712,712,273,273,273,273,1235,809,417,888,2831,2433,2289,1045,944,274,400,726,726,273,273,273,273,615,1096,97,772,4395,876,1530,2201,1816,2002,1230,1838,846,1097,1376,1141,550,3127,610,1283,1382,1322,1587,859,1364,589,824,1153,814,398,2814,582,831,1366,1049,1391,864,1175,606,598,767,557,435,4393,4367,1734,1130,1405,3588,3610,1293,876,972,1427,1305,645,432,505,1038,915,559,197,548,1460,1339,528,131,522,1470,1443,343,253,226,1292,1228,259,223,150,4393,3775,3588,1427,1219,397,477,1038,1460,1470,1292,3177,2681,2676,975,878,288,155,712,809,1242,888,2831,2433,2289,1045,944,274,400,726,1096,628,772,4395,1814,2201,1816,2002,1230,1838,1430,1376,1242,3127,1479,1382,1322,1587,859,1364,1083,1153,967,2814,1028,1366,1049,1391,864,1175,861,767,625,4393,4367,1734,1130,1405,3588,3610,1293,876,972,1427,1305,645,432,505,1038,915,559,197,548,2267,2077,646,284,577,1292,1228,259,223,150
ACSSF,2010m1,co,000,0003,0000040,5419,5179,5299,2383,2250,769,658,1116,1117,109,273,273,273,643,1429,983,1748,4092,3936,4024,1736,1636,441,515,731,737,109,273,273,273,583,869,677,1181,4002,3981,3893,1433,1366,547,345,836,836,273,273,273,273,280,1067,480,1020,5254,1372,2582,3264,3243,3544,2032,2666,1078,939,1117,1300,836,3977,1020,2150,2355,2119,2211,1252,1910,737,582,1036,993,719,4058,905,1432,2395,2352,2483,1520,1911,739,744,802,775,387,5419,5615,3410,1256,3002,5299,5188,2902,1254,2275,2383,2183,1384,484,1335,1116,758,807,273,807,1429,1354,377,273,377,1185,1185,273,273,273,1748,1637,377,269,262,5419,5179,5299,2383,2250,769,658,1116,1429,1185,1748,4092,3936,4024,1736,1636,441,515,731,869,879,1181,4002,3981,3893,1433,1366,547,345,836,1067,566,1020,5254,2717,3264,3243,3544,2032,2666,1516,1117,1508,3977,2248,2355,2119,2211,1252,1910,1021,1036,1143,4058,1593,2395,2352,2483,1520,1911,1134,802,915,5419,5615,3410,1256,3002,5299,5188,2902,1254,2275,2383,2183,1384,484,1335,1116,758,807,273,807,1784,1705,377,273,377,1748,1637,377,269,262
ACSSF,2010m1,co,000,0003,0000041,5208,4980,4389,2549,2343,523,434,948,859,113,273,336,273,541,1046,287,1201,3868,3914,3328,1505,1342,335,377,689,661,113,273,273,273,488,906,217,811,3628,3347,3367,1401,1321,344,246,744,657,273,273,336,273,259,360,217,717,5289,595,1613,2152,1954,2140,1613,2420,833,1049,1491,1381,831,3885,311,1207,1341,1316,1170,1205,1829,426,782,1086,1144,505,3661,469,922,1522,1377,1444,1193,1514,676,817,1031,761,591,5208,4822,2754,1463,2413,4389,4275,2325,1415,2078,2549,1890,1133,648,891,948,924,456,123,436,1046,977,524,140,499,661,574,298,128,272,1201,1040,526,223,478,5208,4980,4389,2549,2343,523,434,948,1046,661,1201,3868,3914,3328,1505,1342,335,377,689,906,495,811,3628,3347,3367,1401,1321,344,246,744,360,348,717,5289,1843,2152,1954,2140,1613,2420,1418,1491,1588,3885,1305,1341,1316,1170,1205,1829,921,1086,1201,3661,1020,1522,1377,1444,1193,1514,1100,1031,973,5208,4822,2754,1463,2413,4389,4275,2325,1415,2078,2549,1890,1133,648,891,948,924,456,123,436,1226,1195,571,140,550,1201,1040,526,223,478
ACSSF,2010m1,co,000,0003,0000042,9630,9110,8534,3628,3559,1369,1048,2874,2409,355,1117,647,273,1315,1671,1260,2192,6794,6894,6521,2406,2289,1041,854,2149,1973,167,632,448,273,985,1281,1120,1473,6683,6511,6227,2321,2229,626,602,2036,1576,312,858,513,273,846,1302,608,1382,9594,1337,2325,3143,4100,4228,3591,4987,2202,2651,4296,2530,1605,6701,963,1709,2066,3196,2879,2431,3764,1530,1988,2693,1880,1412,6781,992,1379,2044,2583,2587,2276,3238,1522,1579,2918,1748,879,9630,9009,4351,2514,3995,8534,7925,3970,2220,3748,3628,3189,1877,1088,1730,2874,2597,1565,839,1172,1671,1652,438,134,415,1792,1638,552,346,410,2192,2134,734,288,644,9630,9110,8534,3628,3559,1369,1048,2874,1671,1792,2192,6794,6894,6521,2406,2289,1041,854,2149,1281,1561,1473,6683,6511,6227,2321,2229,626,602,2036,1302,922,1382,9594,2698,3143,4100,4228,3591,4987,3350,4296,2998,6701,2105,2066,3196,2879,2431,3764,2596,2693,2392,6781,1693,2044,2583,2587,2276,3238,2136,2918,1767,9630,9009,4351,2514,3995,8534,7925,3970,2220,3748,3628,3189,1877,1088,1730,2874,2597,1565,839,1172,2195,2100,719,364,604,2192,2134,734,288,644
ACSSF,2010m1,co,000,0003,0000043,4412,4464,4324,1377,1427,410,148,347,347,273,273,273,273,1176,853,288,913,2928,2757,2611,937,928,348,115,154,154,273,273,273,273,920,523,258,598,2948,3042,2999,862,854,278,87,309,309,273,273,273,273,552,611,102,551,4600,575,2103,2163,2352,2338,1116,1208,571,668,804,900,442,2946,484,1408,1624,1514,1699,648,793,450,445,551,610,308,3027,268,1188,1497,1688,1225,820,905,364,527,596,615,256,4412,4643,1228,739,1160,4324,4360,931,672,834,1377,1411,469,125,437,347,333,90,273,90,853,814,277,108,245,1215,912,818,84,819,913,769,332,304,147,4412,4464,4324,1377,1427,410,148,347,853,1215,913,2928,2757,2611,937,928,348,115,154,523,964,598,2948,3042,2999,862,854,278,87,309,611,560,551,4600,2109,2163,2352,2338,1116,1208,872,804,874,2946,1479,1624,1514,1699,648,793,596,551,626,3027,1138,1497,1688,1225,820,905,627,596,635,4412,4643,1228,739,1160,4324,4360,931,672,834,1377,1411,469,125,437,347,333,90,273,90,1386,1223,860,132,846,913,769,332,304,147
ACSSF,2010m1,co,000,0003,0000044,,,,,,,,,,,,,,,,,,,,,,,,,,,,,,,,,,,,,,,,,,,,,,,,,,,,3012,680,1176,1139,1460,1050,848,1431,555,388,457,253,548,2120,467,819,745,740,621,669,918,145,218,301,197,529,2036,421,729,964,1129,845,504,779,494,310,318,147,137,,,,,,,,,,,,,,,,,,,,,,,,,,,,,,,,,,,,,,,,,,,,,,,,,,,,,,,,,,,,,,,,,,,,,3012,1380,1139,1460,1050,848,1431,650,457,580,2120,944,745,740,621,669,918,272,301,541,2036,830,964,1129,845,504,779,576,318,204,,,,,,,,,,,,,,,,,,,,,,,,,,,,,,
ACSSF,2010m1,co,000,0003,0000045,,,,,,,,,,,,,,,,,,,,,,,,,,,,,,,,,,,,,,,,,,,,,,,,,,,,3793,838,1472,1446,1936,1089,1024,977,348,737,974,636,591,2987,445,1348,1082,1267,836,662,527,246,475,860,485,594,2373,664,872,1130,1338,633,581,727,234,481,494,462,106,,,,,,,,,,,,,,,,,,,,,,,,,,,,,,,,,,,,3824,3602,3528,1341,1200,511,452,506,677,619,702,3064,2808,2651,1031,952,183,436,506,340,550,388,2403,2293,2307,858,738,461,112,273,601,256,616,3793,1699,1446,1936,1089,1024,977,819,974,839,2987,1428,1082,1267,836,662,527,527,860,746,2373,1110,1130,1338,633,581,727,554,494,469,3824,3271,1768,1122,1506,3528,3190,1319,800,1045,1341,1007,1100,517,934,506,71,501,501,273,951,811,393,123,373,702,670,181,179,30
ACSSF,2010m1,co,000,0003,0000046,,,,,,,,,,,,,,,,,,,,,,,,,,,,,,,,,,,,,,,,,,,,,,,,,,,,3334,733,1752,1687,2084,1583,758,782,378,335,885,514,506,2001,453,973,1160,1327,1177,398,582,268,288,696,403,509,2086,485,1247,1129,1238,899,546,508,262,183,426,292,47,,,,,,,,,,,,,,,,,,,,,,,,,,,,,,,,,,,,3312,3446,3252,1054,1010,506,233,417,625,301,644,2058,2050,1858,757,701,360,197,347,562,273,259,2117,2084,2090,661,609,306,118,217,239,292,590,3334,1786,1687,2084,1583,758,782,488,885,729,2001,1001,1160,1327,1177,398,582,368,696,655,2086,1332,1129,1238,899,546,508,330,426,292,,,,,,,,,,,,,,,,,,,,,,,,,,,,,,
ACSSF,2010m1,co,000,0003,0000047,,,,,,,,,,,,,,,,,,,,,,,,,,,,,,,,,,,,,,,,,,,,,,,,,,,,,,,,,,,,,,,,,,,,,,,,,,,,,,,,,,,,,,,,,,,,,,,,,,,,,,,,,,,,,,,,,,,,,,,,,,,,,,,,,,,,,,,,,,,,,,,,,,,,,,,,,,,,,,,,,,,,,,,,,,,,,,,,,,,,,,,,,,,,,,,,,,,,,,,,,,,,,,,,,,,,,,,,,,
ACSSF,2010m1,co,000,0003,0000048,,,,,,,,,,,,,,,,,,,,,,,,,,,,,,,,,,,,,,,,,,,,,,,,,,,,,,,,,,,,,,,,,,,,,,,,,,,,,,,,,,,,,,,,,,,,,,,,,,,,,,,,,,,,,,,,,,,,,,,,,,,,,,,,,,,,,,,,,,,,,,,,,,,,,,,,,,,,,,,,,,,,,,,,,,,,,,,,,,,,,,,,,,,,,,,,,,,,,,,,,,,,,,,,,,,,,,,,,,
ACSSF,2010m1,co,000,0003,0000049,,,,,,,,,,,,,,,,,,,,,,,,,,,,,,,,,,,,,,,,,,,,,,,,,,,,,,,,,,,,,,,,,,,,,,,,,,,,,,,,,,,,,,,,,,,,,,,,,,,,,,,,,,,,,,,,,,,,,,,,,,,,,,,,,,,,,,,,,,,,,,,,,,,,,,,,,,,,,,,,,,,,,,,,,,,,,,,,,,,,,,,,,,,,,,,,,,,,,,,,,,,,,,,,,,,,,,,,,,
ACSSF,2010m1,co,000,0003,0000050,,,,,,,,,,,,,,,,,,,,,,,,,,,,,,,,,,,,,,,,,,,,,,,,,,,,,,,,,,,,,,,,,,,,,,,,,,,,,,,,,,,,,,,,,,,,,,,,,,,,,,,,,,,,,,,,,,,,,,,,,,,,,,,,,,,,,,,,,,,,,,,,,,,,,,,,,,,,,,,,,,,,,,,,,,,,,,,,,,,,,,,,,,,,,,,,,,,,,,,,,,,,,,,,,,,,,,,,,,
ACSSF,2010m1,co,000,0003,0000051,,,,,,,,,,,,,,,,,,,,,,,,,,,,,,,,,,,,,,,,,,,,,,,,,,,,,,,,,,,,,,,,,,,,,,,,,,,,,,,,,,,,,,,,,,,,,,,,,,,,,,,,,,,,,,,,,,,,,,,,,,,,,,,,,,,,,,,,,,,,,,,,,,,,,,,,,,,,,,,,,,,,,,,,,,,,,,,,,,,,,,,,,,,,,,,,,,,,,,,,,,,,,,,,,,,,,,,,,,
ACSSF,2010m1,co,000,0003,0000052,,,,,,,,,,,,,,,,,,,,,,,,,,,,,,,,,,,,,,,,,,,,,,,,,,,,,,,,,,,,,,,,,,,,,,,,,,,,,,,,,,,,,,,,,,,,,,,,,,,,,,,,,,,,,,,,,,,,,,,,,,,,,,,,,,,,,,,,,,,,,,,,,,,,,,,,,,,,,,,,,,,,,,,,,,,,,,,,,,,,,,,,,,,,,,,,,,,,,,,,,,,,,,,,,,,,,,,,,,
ACSSF,2010m1,co,000,0003,0000053,,,,,,,,,,,,,,,,,,,,,,,,,,,,,,,,,,,,,,,,,,,,,,,,,,,,,,,,,,,,,,,,,,,,,,,,,,,,,,,,,,,,,,,,,,,,,,,,,,,,,,,,,,,,,,,,,,,,,,,,,,,,,,,,,,,,,,,,,,,,,,,,,,,,,,,,,,,,,,,,,,,,,,,,,,,,,,,,,,,,,,,,,,,,,,,,,,,,,,,,,,,,,,,,,,,,,,,,,,
ACSSF,2010m1,co,000,0003,0000054,,,,,,,,,,,,,,,,,,,,,,,,,,,,,,,,,,,,,,,,,,,,,,,,,,,,,,,,,,,,,,,,,,,,,,,,,,,,,,,,,,,,,,,,,,,,,,,,,,,,,,,,,,,,,,,,,,,,,,,,,,,,,,,,,,,,,,,,,,,,,,,,,,,,,,,,,,,,,,,,,,,,,,,,,,,,,,,,,,,,,,,,,,,,,,,,,,,,,,,,,,,,,,,,,,,,,,,,,,
ACSSF,2010m1,co,000,0003,0000055,,,,,,,,,,,,,,,,,,,,,,,,,,,,,,,,,,,,,,,,,,,,,,,,,,,,,,,,,,,,,,,,,,,,,,,,,,,,,,,,,,,,,,,,,,,,,,,,,,,,,,,,,,,,,,,,,,,,,,,,,,,,,,,,,,,,,,,,,,,,,,,,,,,,,,,,,,,,,,,,,,,,,,,,,,,,,,,,,,,,,,,,,,,,,,,,,,,,,,,,,,,,,,,,,,,,,,,,,,
ACSSF,2010m1,co,000,0003,0000056,,,,,,,,,,,,,,,,,,,,,,,,,,,,,,,,,,,,,,,,,,,,,,,,,,,,,,,,,,,,,,,,,,,,,,,,,,,,,,,,,,,,,,,,,,,,,,,,,,,,,,,,,,,,,,,,,,,,,,,,,,,,,,,,,,,,,,,,,,,,,,,,,,,,,,,,,,,,,,,,,,,,,,,,,,,,,,,,,,,,,,,,,,,,,,,,,,,,,,,,,,,,,,,,,,,,,,,,,,
ACSSF,2010m1,co,000,0003,0000057,,,,,,,,,,,,,,,,,,,,,,,,,,,,,,,,,,,,,,,,,,,,,,,,,,,,,,,,,,,,,,,,,,,,,,,,,,,,,,,,,,,,,,,,,,,,,,,,,,,,,,,,,,,,,,,,,,,,,,,,,,,,,,,,,,,,,,,,,,,,,,,,,,,,,,,,,,,,,,,,,,,,,,,,,,,,,,,,,,,,,,,,,,,,,,,,,,,,,,,,,,,,,,,,,,,,,,,,,,
ACSSF,2010m1,co,000,0003,0000058,,,,,,,,,,,,,,,,,,,,,,,,,,,,,,,,,,,,,,,,,,,,,,,,,,,,,,,,,,,,,,,,,,,,,,,,,,,,,,,,,,,,,,,,,,,,,,,,,,,,,,,,,,,,,,,,,,,,,,,,,,,,,,,,,,,,,,,,,,,,,,,,,,,,,,,,,,,,,,,,,,,,,,,,,,,,,,,,,,,,,,,,,,,,,,,,,,,,,,,,,,,,,,,,,,,,,,,,,,
ACSSF,2010m1,co,000,0003,0000059,,,,,,,,,,,,,,,,,,,,,,,,,,,,,,,,,,,,,,,,,,,,,,,,,,,,,,,,,,,,,,,,,,,,,,,,,,,,,,,,,,,,,,,,,,,,,,,,,,,,,,,,,,,,,,,,,,,,,,,,,,,,,,,,,,,,,,,,,,,,,,,,,,,,,,,,,,,,,,,,,,,,,,,,,,,,,,,,,,,,,,,,,,,,,,,,,,,,,,,,,,,,,,,,,,,,,,,,,,
ACSSF,2010m1,co,000,0003,0000060,,,,,,,,,,,,,,,,,,,,,,,,,,,,,,,,,,,,,,,,,,,,,,,,,,,,,,,,,,,,,,,,,,,,,,,,,,,,,,,,,,,,,,,,,,,,,,,,,,,,,,,,,,,,,,,,,,,,,,,,,,,,,,,,,,,,,,,,,,,,,,,,,,,,,,,,,,,,,,,,,,,,,,,,,,,,,,,,,,,,,,,,,,,,,,,,,,,,,,,,,,,,,,,,,,,,,,,,,,
ACSSF,2010m1,co,000,0003,0000061,,,,,,,,,,,,,,,,,,,,,,,,,,,,,,,,,,,,,,,,,,,,,,,,,,,,,,,,,,,,,,,,,,,,,,,,,,,,,,,,,,,,,,,,,,,,,,,,,,,,,,,,,,,,,,,,,,,,,,,,,,,,,,,,,,,,,,,,,,,,,,,,,,,,,,,,,,,,,,,,,,,,,,,,,,,,,,,,,,,,,,,,,,,,,,,,,,,,,,,,,,,,,,,,,,,,,,,,,,
ACSSF,2010m1,co,000,0003,0000062,,,,,,,,,,,,,,,,,,,,,,,,,,,,,,,,,,,,,,,,,,,,,,,,,,,,,,,,,,,,,,,,,,,,,,,,,,,,,,,,,,,,,,,,,,,,,,,,,,,,,,,,,,,,,,,,,,,,,,,,,,,,,,,,,,,,,,,,,,,,,,,,,,,,,,,,,,,,,,,,,,,,,,,,,,,,,,,,,,,,,,,,,,,,,,,,,,,,,,,,,,,,,,,,,,,,,,,,,,
ACSSF,2010m1,co,000,0003,0000063,,,,,,,,,,,,,,,,,,,,,,,,,,,,,,,,,,,,,,,,,,,,,,,,,,,,,,,,,,,,,,,,,,,,,,,,,,,,,,,,,,,,,,,,,,,,,,,,,,,,,,,,,,,,,,,,,,,,,,,,,,,,,,,,,,,,,,,,,,,,,,,,,,,,,,,,,,,,,,,,,,,,,,,,,,,,,,,,,,,,,,,,,,,,,,,,,,,,,,,,,,,,,,,,,,,,,,,,,,
ACSSF,2010m1,co,000,0003,0000064,,,,,,,,,,,,,,,,,,,,,,,,,,,,,,,,,,,,,,,,,,,,,,,,,,,,,,,,,,,,,,,,,,,,,,,,,,,,,,,,,,,,,,,,,,,,,,,,,,,,,,,,,,,,,,,,,,,,,,,,,,,,,,,,,,,,,,,,,,,,,,,,,,,,,,,,,,,,,,,,,,,,,,,,,,,,,,,,,,,,,,,,,,,,,,,,,,,,,,,,,,,,,,,,,,,,,,,,,,
ACSSF,2010m1,co,000,0003,0000065,,,,,,,,,,,,,,,,,,,,,,,,,,,,,,,,,,,,,,,,,,,,,,,,,,,,,,,,,,,,,,,,,,,,,,,,,,,,,,,,,,,,,,,,,,,,,,,,,,,,,,,,,,,,,,,,,,,,,,,,,,,,,,,,,,,,,,,,,,,,,,,,,,,,,,,,,,,,,,,,,,,,,,,,,,,,,,,,,,,,,,,,,,,,,,,,,,,,,,,,,,,,,,,,,,,,,,,,,,
ACSSF,2010m1,co,000,0003,0000066,,,,,,,,,,,,,,,,,,,,,,,,,,,,,,,,,,,,,,,,,,,,,,,,,,,,,,,,,,,,,,,,,,,,,,,,,,,,,,,,,,,,,,,,,,,,,,,,,,,,,,,,,,,,,,,,,,,,,,,,,,,,,,,,,,,,,,,,,,,,,,,,,,,,,,,,,,,,,,,,,,,,,,,,,,,,,,,,,,,,,,,,,,,,,,,,,,,,,,,,,,,,,,,,,,,,,,,,,,
ACSSF,2010m1,co,000,0003,0000067,,,,,,,,,,,,,,,,,,,,,,,,,,,,,,,,,,,,,,,,,,,,,,,,,,,,,,,,,,,,,,,,,,,,,,,,,,,,,,,,,,,,,,,,,,,,,,,,,,,,,,,,,,,,,,,,,,,,,,,,,,,,,,,,,,,,,,,,,,,,,,,,,,,,,,,,,,,,,,,,,,,,,,,,,,,,,,,,,,,,,,,,,,,,,,,,,,,,,,,,,,,,,,,,,,,,,,,,,,
ACSSF,2010m1,co,000,0003,0000068,,,,,,,,,,,,,,,,,,,,,,,,,,,,,,,,,,,,,,,,,,,,,,,,,,,,,,,,,,,,,,,,,,,,,,,,,,,,,,,,,,,,,,,,,,,,,,,,,,,,,,,,,,,,,,,,,,,,,,,,,,,,,,,,,,,,,,,,,,,,,,,,,,,,,,,,,,,,,,,,,,,,,,,,,,,,,,,,,,,,,,,,,,,,,,,,,,,,,,,,,,,,,,,,,,,,,,,,,,
ACSSF,2010m1,co,000,0003,0000069,,,,,,,,,,,,,,,,,,,,,,,,,,,,,,,,,,,,,,,,,,,,,,,,,,,,,,,,,,,,,,,,,,,,,,,,,,,,,,,,,,,,,,,,,,,,,,,,,,,,,,,,,,,,,,,,,,,,,,,,,,,,,,,,,,,,,,,,,,,,,,,,,,,,,,,,,,,,,,,,,,,,,,,,,,,,,,,,,,,,,,,,,,,,,,,,,,,,,,,,,,,,,,,,,,,,,,,,,,
ACSSF,2010m1,co,000,0003,0000070,,,,,,,,,,,,,,,,,,,,,,,,,,,,,,,,,,,,,,,,,,,,,,,,,,,,,,,,,,,,,,,,,,,,,,,,,,,,,,,,,,,,,,,,,,,,,,,,,,,,,,,,,,,,,,,,,,,,,,,,,,,,,,,,,,,,,,,,,,,,,,,,,,,,,,,,,,,,,,,,,,,,,,,,,,,,,,,,,,,,,,,,,,,,,,,,,,,,,,,,,,,,,,,,,,,,,,,,,,
ACSSF,2010m1,co,000,0003,0000071,,,,,,,,,,,,,,,,,,,,,,,,,,,,,,,,,,,,,,,,,,,,,,,,,,,,,,,,,,,,,,,,,,,,,,,,,,,,,,,,,,,,,,,,,,,,,,,,,,,,,,,,,,,,,,,,,,,,,,,,,,,,,,,,,,,,,,,,,,,,,,,,,,,,,,,,,,,,,,,,,,,,,,,,,,,,,,,,,,,,,,,,,,,,,,,,,,,,,,,,,,,,,,,,,,,,,,,,,,
ACSSF,2010m1,co,000,0003,0000072,,,,,,,,,,,,,,,,,,,,,,,,,,,,,,,,,,,,,,,,,,,,,,,,,,,,,,,,,,,,,,,,,,,,,,,,,,,,,,,,,,,,,,,,,,,,,,,,,,,,,,,,,,,,,,,,,,,,,,,,,,,,,,,,,,,,,,,,,,,,,,,,,,,,,,,,,,,,,,,,,,,,,,,,,,,,,,,,,,,,,,,,,,,,,,,,,,,,,,,,,,,,,,,,,,,,,,,,,,
ACSSF,2010m1,co,000,0003,0000073,,,,,,,,,,,,,,,,,,,,,,,,,,,,,,,,,,,,,,,,,,,,,,,,,,,,,,,,,,,,,,,,,,,,,,,,,,,,,,,,,,,,,,,,,,,,,,,,,,,,,,,,,,,,,,,,,,,,,,,,,,,,,,,,,,,,,,,,,,,,,,,,,,,,,,,,,,,,,,,,,,,,,,,,,,,,,,,,,,,,,,,,,,,,,,,,,,,,,,,,,,,,,,,,,,,,,,,,,,
ACSSF,2010m1,co,000,0003,0000074,,,,,,,,,,,,,,,,,,,,,,,,,,,,,,,,,,,,,,,,,,,,,,,,,,,,,,,,,,,,,,,,,,,,,,,,,,,,,,,,,,,,,,,,,,,,,,,,,,,,,,,,,,,,,,,,,,,,,,,,,,,,,,,,,,,,,,,,,,,,,,,,,,,,,,,,,,,,,,,,,,,,,,,,,,,,,,,,,,,,,,,,,,,,,,,,,,,,,,,,,,,,,,,,,,,,,,,,,,
ACSSF,2010m1,co,000,0003,0000075,,,,,,,,,,,,,,,,,,,,,,,,,,,,,,,,,,,,,,,,,,,,,,,,,,,,,,,,,,,,,,,,,,,,,,,,,,,,,,,,,,,,,,,,,,,,,,,,,,,,,,,,,,,,,,,,,,,,,,,,,,,,,,,,,,,,,,,,,,,,,,,,,,,,,,,,,,,,,,,,,,,,,,,,,,,,,,,,,,,,,,,,,,,,,,,,,,,,,,,,,,,,,,,,,,,,,,,,,,
ACSSF,2010m1,co,000,0003,0000076,,,,,,,,,,,,,,,,,,,,,,,,,,,,,,,,,,,,,,,,,,,,,,,,,,,,,,,,,,,,,,,,,,,,,,,,,,,,,,,,,,,,,,,,,,,,,,,,,,,,,,,,,,,,,,,,,,,,,,,,,,,,,,,,,,,,,,,,,,,,,,,,,,,,,,,,,,,,,,,,,,,,,,,,,,,,,,,,,,,,,,,,,,,,,,,,,,,,,,,,,,,,,,,,,,,,,,,,,,
ACSSF,2010m1,co,000,0003,0000077,,,,,,,,,,,,,,,,,,,,,,,,,,,,,,,,,,,,,,,,,,,,,,,,,,,,,,,,,,,,,,,,,,,,,,,,,,,,,,,,,,,,,,,,,,,,,,,,,,,,,,,,,,,,,,,,,,,,,,,,,,,,,,,,,,,,,,,,,,,,,,,,,,,,,,,,,,,,,,,,,,,,,,,,,,,,,,,,,,,,,,,,,,,,,,,,,,,,,,,,,,,,,,,,,,,,,,,,,,
ACSSF,2010m1,co,000,0003,0000078,,,,,,,,,,,,,,,,,,,,,,,,,,,,,,,,,,,,,,,,,,,,,,,,,,,,,,,,,,,,,,,,,,,,,,,,,,,,,,,,,,,,,,,,,,,,,,,,,,,,,,,,,,,,,,,,,,,,,,,,,,,,,,,,,,,,,,,,,,,,,,,,,,,,,,,,,,,,,,,,,,,,,,,,,,,,,,,,,,,,,,,,,,,,,,,,,,,,,,,,,,,,,,,,,,,,,,,,,,
ACSSF,2010m1,co,000,0003,0000079,,,,,,,,,,,,,,,,,,,,,,,,,,,,,,,,,,,,,,,,,,,,,,,,,,,,,,,,,,,,,,,,,,,,,,,,,,,,,,,,,,,,,,,,,,,,,,,,,,,,,,,,,,,,,,,,,,,,,,,,,,,,,,,,,,,,,,,,,,,,,,,,,,,,,,,,,,,,,,,,,,,,,,,,,,,,,,,,,,,,,,,,,,,,,,,,,,,,,,,,,,,,,,,,,,,,,,,,,,
ACSSF,2010m1,co,000,0003,0000080,,,,,,,,,,,,,,,,,,,,,,,,,,,,,,,,,,,,,,,,,,,,,,,,,,,,,,,,,,,,,,,,,,,,,,,,,,,,,,,,,,,,,,,,,,,,,,,,,,,,,,,,,,,,,,,,,,,,,,,,,,,,,,,,,,,,,,,,,,,,,,,,,,,,,,,,,,,,,,,,,,,,,,,,,,,,,,,,,,,,,,,,,,,,,,,,,,,,,,,,,,,,,,,,,,,,,,,,,,
ACSSF,2010m1,co,000,0003,0000081,,,,,,,,,,,,,,,,,,,,,,,,,,,,,,,,,,,,,,,,,,,,,,,,,,,,,,,,,,,,,,,,,,,,,,,,,,,,,,,,,,,,,,,,,,,,,,,,,,,,,,,,,,,,,,,,,,,,,,,,,,,,,,,,,,,,,,,,,,,,,,,,,,,,,,,,,,,,,,,,,,,,,,,,,,,,,,,,,,,,,,,,,,,,,,,,,,,,,,,,,,,,,,,,,,,,,,,,,,
ACSSF,2010m1,co,000,0003,0000082,,,,,,,,,,,,,,,,,,,,,,,,,,,,,,,,,,,,,,,,,,,,,,,,,,,,,,,,,,,,,,,,,,,,,,,,,,,,,,,,,,,,,,,,,,,,,,,,,,,,,,,,,,,,,,,,,,,,,,,,,,,,,,,,,,,,,,,,,,,,,,,,,,,,,,,,,,,,,,,,,,,,,,,,,,,,,,,,,,,,,,,,,,,,,,,,,,,,,,,,,,,,,,,,,,,,,,,,,,
ACSSF,2010m1,co,000,0003,0000083,,,,,,,,,,,,,,,,,,,,,,,,,,,,,,,,,,,,,,,,,,,,,,,,,,,,,,,,,,,,,,,,,,,,,,,,,,,,,,,,,,,,,,,,,,,,,,,,,,,,,,,,,,,,,,,,,,,,,,,,,,,,,,,,,,,,,,,,,,,,,,,,,,,,,,,,,,,,,,,,,,,,,,,,,,,,,,,,,,,,,,,,,,,,,,,,,,,,,,,,,,,,,,,,,,,,,,,,,,
ACSSF,2010m1,co,000,0003,0000084,,,,,,,,,,,,,,,,,,,,,,,,,,,,,,,,,,,,,,,,,,,,,,,,,,,,,,,,,,,,,,,,,,,,,,,,,,,,,,,,,,,,,,,,,,,,,,,,,,,,,,,,,,,,,,,,,,,,,,,,,,,,,,,,,,,,,,,,,,,,,,,,,,,,,,,,,,,,,,,,,,,,,,,,,,,,,,,,,,,,,,,,,,,,,,,,,,,,,,,,,,,,,,,,,,,,,,,,,,
ACSSF,2010m1,co,000,0003,0000085,,,,,,,,,,,,,,,,,,,,,,,,,,,,,,,,,,,,,,,,,,,,,,,,,,,,,,,,,,,,,,,,,,,,,,,,,,,,,,,,,,,,,,,,,,,,,,,,,,,,,,,,,,,,,,,,,,,,,,,,,,,,,,,,,,,,,,,,,,,,,,,,,,,,,,,,,,,,,,,,,,,,,,,,,,,,,,,,,,,,,,,,,,,,,,,,,,,,,,,,,,,,,,,,,,,,,,,,,,
ACSSF,2010m1,co,000,0003,0000086,,,,,,,,,,,,,,,,,,,,,,,,,,,,,,,,,,,,,,,,,,,,,,,,,,,,,,,,,,,,,,,,,,,,,,,,,,,,,,,,,,,,,,,,,,,,,,,,,,,,,,,,,,,,,,,,,,,,,,,,,,,,,,,,,,,,,,,,,,,,,,,,,,,,,,,,,,,,,,,,,,,,,,,,,,,,,,,,,,,,,,,,,,,,,,,,,,,,,,,,,,,,,,,,,,,,,,,,,,
ACSSF,2010m1,co,000,0003,0000087,,,,,,,,,,,,,,,,,,,,,,,,,,,,,,,,,,,,,,,,,,,,,,,,,,,,,,,,,,,,,,,,,,,,,,,,,,,,,,,,,,,,,,,,,,,,,,,,,,,,,,,,,,,,,,,,,,,,,,,,,,,,,,,,,,,,,,,,,,,,,,,,,,,,,,,,,,,,,,,,,,,,,,,,,,,,,,,,,,,,,,,,,,,,,,,,,,,,,,,,,,,,,,,,,,,,,,,,,,
ACSSF,2010m1,co,000,0003,0000088,,,,,,,,,,,,,,,,,,,,,,,,,,,,,,,,,,,,,,,,,,,,,,,,,,,,,,,,,,,,,,,,,,,,,,,,,,,,,,,,,,,,,,,,,,,,,,,,,,,,,,,,,,,,,,,,,,,,,,,,,,,,,,,,,,,,,,,,,,,,,,,,,,,,,,,,,,,,,,,,,,,,,,,,,,,,,,,,,,,,,,,,,,,,,,,,,,,,,,,,,,,,,,,,,,,,,,,,,,
ACSSF,2010m1,co,000,0003,0000089,,,,,,,,,,,,,,,,,,,,,,,,,,,,,,,,,,,,,,,,,,,,,,,,,,,,,,,,,,,,,,,,,,,,,,,,,,,,,,,,,,,,,,,,,,,,,,,,,,,,,,,,,,,,,,,,,,,,,,,,,,,,,,,,,,,,,,,,,,,,,,,,,,,,,,,,,,,,,,,,,,,,,,,,,,,,,,,,,,,,,,,,,,,,,,,,,,,,,,,,,,,,,,,,,,,,,,,,,,
ACSSF,2010m1,co,000,0003,0000090,,,,,,,,,,,,,,,,,,,,,,,,,,,,,,,,,,,,,,,,,,,,,,,,,,,,,,,,,,,,,,,,,,,,,,,,,,,,,,,,,,,,,,,,,,,,,,,,,,,,,,,,,,,,,,,,,,,,,,,,,,,,,,,,,,,,,,,,,,,,,,,,,,,,,,,,,,,,,,,,,,,,,,,,,,,,,,,,,,,,,,,,,,,,,,,,,,,,,,,,,,,,,,,,,,,,,,,,,,
ACSSF,2010m1,co,000,0003,0000091,,,,,,,,,,,,,,,,,,,,,,,,,,,,,,,,,,,,,,,,,,,,,,,,,,,,,,,,,,,,,,,,,,,,,,,,,,,,,,,,,,,,,,,,,,,,,,,,,,,,,,,,,,,,,,,,,,,,,,,,,,,,,,,,,,,,,,,,,,,,,,,,,,,,,,,,,,,,,,,,,,,,,,,,,,,,,,,,,,,,,,,,,,,,,,,,,,,,,,,,,,,,,,,,,,,,,,,,,,
ACSSF,2010m1,co,000,0003,0000092,,,,,,,,,,,,,,,,,,,,,,,,,,,,,,,,,,,,,,,,,,,,,,,,,,,,,,,,,,,,,,,,,,,,,,,,,,,,,,,,,,,,,,,,,,,,,,,,,,,,,,,,,,,,,,,,,,,,,,,,,,,,,,,,,,,,,,,,,,,,,,,,,,,,,,,,,,,,,,,,,,,,,,,,,,,,,,,,,,,,,,,,,,,,,,,,,,,,,,,,,,,,,,,,,,,,,,,,,,
ACSSF,2010m1,co,000,0003,0000093,,,,,,,,,,,,,,,,,,,,,,,,,,,,,,,,,,,,,,,,,,,,,,,,,,,,,,,,,,,,,,,,,,,,,,,,,,,,,,,,,,,,,,,,,,,,,,,,,,,,,,,,,,,,,,,,,,,,,,,,,,,,,,,,,,,,,,,,,,,,,,,,,,,,,,,,,,,,,,,,,,,,,,,,,,,,,,,,,,,,,,,,,,,,,,,,,,,,,,,,,,,,,,,,,,,,,,,,,,
ACSSF,2010m1,co,000,0003,0000094,,,,,,,,,,,,,,,,,,,,,,,,,,,,,,,,,,,,,,,,,,,,,,,,,,,,,,,,,,,,,,,,,,,,,,,,,,,,,,,,,,,,,,,,,,,,,,,,,,,,,,,,,,,,,,,,,,,,,,,,,,,,,,,,,,,,,,,,,,,,,,,,,,,,,,,,,,,,,,,,,,,,,,,,,,,,,,,,,,,,,,,,,,,,,,,,,,,,,,,,,,,,,,,,,,,,,,,,,,
ACSSF,2010m1,co,000,0003,0000095,,,,,,,,,,,,,,,,,,,,,,,,,,,,,,,,,,,,,,,,,,,,,,,,,,,,,,,,,,,,,,,,,,,,,,,,,,,,,,,,,,,,,,,,,,,,,,,,,,,,,,,,,,,,,,,,,,,,,,,,,,,,,,,,,,,,,,,,,,,,,,,,,,,,,,,,,,,,,,,,,,,,,,,,,,,,,,,,,,,,,,,,,,,,,,,,,,,,,,,,,,,,,,,,,,,,,,,,,,
ACSSF,2010m1,co,000,0003,0000096,,,,,,,,,,,,,,,,,,,,,,,,,,,,,,,,,,,,,,,,,,,,,,,,,,,,,,,,,,,,,,,,,,,,,,,,,,,,,,,,,,,,,,,,,,,,,,,,,,,,,,,,,,,,,,,,,,,,,,,,,,,,,,,,,,,,,,,,,,,,,,,,,,,,,,,,,,,,,,,,,,,,,,,,,,,,,,,,,,,,,,,,,,,,,,,,,,,,,,,,,,,,,,,,,,,,,,,,,,
ACSSF,2010m1,co,000,0003,0000097,,,,,,,,,,,,,,,,,,,,,,,,,,,,,,,,,,,,,,,,,,,,,,,,,,,,,,,,,,,,,,,,,,,,,,,,,,,,,,,,,,,,,,,,,,,,,,,,,,,,,,,,,,,,,,,,,,,,,,,,,,,,,,,,,,,,,,,,,,,,,,,,,,,,,,,,,,,,,,,,,,,,,,,,,,,,,,,,,,,,,,,,,,,,,,,,,,,,,,,,,,,,,,,,,,,,,,,,,,
ACSSF,2010m1,co,000,0003,0000098,,,,,,,,,,,,,,,,,,,,,,,,,,,,,,,,,,,,,,,,,,,,,,,,,,,,,,,,,,,,,,,,,,,,,,,,,,,,,,,,,,,,,,,,,,,,,,,,,,,,,,,,,,,,,,,,,,,,,,,,,,,,,,,,,,,,,,,,,,,,,,,,,,,,,,,,,,,,,,,,,,,,,,,,,,,,,,,,,,,,,,,,,,,,,,,,,,,,,,,,,,,,,,,,,,,,,,,,,,
ACSSF,2010m1,co,000,0003,0000099,,,,,,,,,,,,,,,,,,,,,,,,,,,,,,,,,,,,,,,,,,,,,,,,,,,,,,,,,,,,,,,,,,,,,,,,,,,,,,,,,,,,,,,,,,,,,,,,,,,,,,,,,,,,,,,,,,,,,,,,,,,,,,,,,,,,,,,,,,,,,,,,,,,,,,,,,,,,,,,,,,,,,,,,,,,,,,,,,,,,,,,,,,,,,,,,,,,,,,,,,,,,,,,,,,,,,,,,,,
ACSSF,2010m1,co,000,0003,0000100,,,,,,,,,,,,,,,,,,,,,,,,,,,,,,,,,,,,,,,,,,,,,,,,,,,,,,,,,,,,,,,,,,,,,,,,,,,,,,,,,,,,,,,,,,,,,,,,,,,,,,,,,,,,,,,,,,,,,,,,,,,,,,,,,,,,,,,,,,,,,,,,,,,,,,,,,,,,,,,,,,,,,,,,,,,,,,,,,,,,,,,,,,,,,,,,,,,,,,,,,,,,,,,,,,,,,,,,,,
ACSSF,2010m1,co,000,0003,0000101,,,,,,,,,,,,,,,,,,,,,,,,,,,,,,,,,,,,,,,,,,,,,,,,,,,,,,,,,,,,,,,,,,,,,,,,,,,,,,,,,,,,,,,,,,,,,,,,,,,,,,,,,,,,,,,,,,,,,,,,,,,,,,,,,,,,,,,,,,,,,,,,,,,,,,,,,,,,,,,,,,,,,,,,,,,,,,,,,,,,,,,,,,,,,,,,,,,,,,,,,,,,,,,,,,,,,,,,,,
ACSSF,2010m1,co,000,0003,0000102,,,,,,,,,,,,,,,,,,,,,,,,,,,,,,,,,,,,,,,,,,,,,,,,,,,,,,,,,,,,,,,,,,,,,,,,,,,,,,,,,,,,,,,,,,,,,,,,,,,,,,,,,,,,,,,,,,,,,,,,,,,,,,,,,,,,,,,,,,,,,,,,,,,,,,,,,,,,,,,,,,,,,,,,,,,,,,,,,,,,,,,,,,,,,,,,,,,,,,,,,,,,,,,,,,,,,,,,,,
ACSSF,2010m1,co,000,0003,0000103,,,,,,,,,,,,,,,,,,,,,,,,,,,,,,,,,,,,,,,,,,,,,,,,,,,,,,,,,,,,,,,,,,,,,,,,,,,,,,,,,,,,,,,,,,,,,,,,,,,,,,,,,,,,,,,,,,,,,,,,,,,,,,,,,,,,,,,,,,,,,,,,,,,,,,,,,,,,,,,,,,,,,,,,,,,,,,,,,,,,,,,,,,,,,,,,,,,,,,,,,,,,,,,,,,,,,,,,,,
ACSSF,2010m1,co,000,0003,0000104,,,,,,,,,,,,,,,,,,,,,,,,,,,,,,,,,,,,,,,,,,,,,,,,,,,,,,,,,,,,,,,,,,,,,,,,,,,,,,,,,,,,,,,,,,,,,,,,,,,,,,,,,,,,,,,,,,,,,,,,,,,,,,,,,,,,,,,,,,,,,,,,,,,,,,,,,,,,,,,,,,,,,,,,,,,,,,,,,,,,,,,,,,,,,,,,,,,,,,,,,,,,,,,,,,,,,,,,,,
ACSSF,2010m1,co,000,0003,0000105,,,,,,,,,,,,,,,,,,,,,,,,,,,,,,,,,,,,,,,,,,,,,,,,,,,,,,,,,,,,,,,,,,,,,,,,,,,,,,,,,,,,,,,,,,,,,,,,,,,,,,,,,,,,,,,,,,,,,,,,,,,,,,,,,,,,,,,,,,,,,,,,,,,,,,,,,,,,,,,,,,,,,,,,,,,,,,,,,,,,,,,,,,,,,,,,,,,,,,,,,,,,,,,,,,,,,,,,,,
ACSSF,2010m1,co,000,0003,0000106,,,,,,,,,,,,,,,,,,,,,,,,,,,,,,,,,,,,,,,,,,,,,,,,,,,,,,,,,,,,,,,,,,,,,,,,,,,,,,,,,,,,,,,,,,,,,,,,,,,,,,,,,,,,,,,,,,,,,,,,,,,,,,,,,,,,,,,,,,,,,,,,,,,,,,,,,,,,,,,,,,,,,,,,,,,,,,,,,,,,,,,,,,,,,,,,,,,,,,,,,,,,,,,,,,,,,,,,,,
ACSSF,2010m1,co,000,0003,0000107,,,,,,,,,,,,,,,,,,,,,,,,,,,,,,,,,,,,,,,,,,,,,,,,,,,,,,,,,,,,,,,,,,,,,,,,,,,,,,,,,,,,,,,,,,,,,,,,,,,,,,,,,,,,,,,,,,,,,,,,,,,,,,,,,,,,,,,,,,,,,,,,,,,,,,,,,,,,,,,,,,,,,,,,,,,,,,,,,,,,,,,,,,,,,,,,,,,,,,,,,,,,,,,,,,,,,,,,,,
ACSSF,2010m1,co,000,0003,0000108,,,,,,,,,,,,,,,,,,,,,,,,,,,,,,,,,,,,,,,,,,,,,,,,,,,,,,,,,,,,,,,,,,,,,,,,,,,,,,,,,,,,,,,,,,,,,,,,,,,,,,,,,,,,,,,,,,,,,,,,,,,,,,,,,,,,,,,,,,,,,,,,,,,,,,,,,,,,,,,,,,,,,,,,,,,,,,,,,,,,,,,,,,,,,,,,,,,,,,,,,,,,,,,,,,,,,,,,,,
ACSSF,2010m1,co,000,0003,0000109,,,,,,,,,,,,,,,,,,,,,,,,,,,,,,,,,,,,,,,,,,,,,,,,,,,,,,,,,,,,,,,,,,,,,,,,,,,,,,,,,,,,,,,,,,,,,,,,,,,,,,,,,,,,,,,,,,,,,,,,,,,,,,,,,,,,,,,,,,,,,,,,,,,,,,,,,,,,,,,,,,,,,,,,,,,,,,,,,,,,,,,,,,,,,,,,,,,,,,,,,,,,,,,,,,,,,,,,,,
ACSSF,2010m1,co,000,0003,0000110,,,,,,,,,,,,,,,,,,,,,,,,,,,,,,,,,,,,,,,,,,,,,,,,,,,,,,,,,,,,,,,,,,,,,,,,,,,,,,,,,,,,,,,,,,,,,,,,,,,,,,,,,,,,,,,,,,,,,,,,,,,,,,,,,,,,,,,,,,,,,,,,,,,,,,,,,,,,,,,,,,,,,,,,,,,,,,,,,,,,,,,,,,,,,,,,,,,,,,,,,,,,,,,,,,,,,,,,,,
ACSSF,2010m1,co,000,0003,0000111,,,,,,,,,,,,,,,,,,,,,,,,,,,,,,,,,,,,,,,,,,,,,,,,,,,,,,,,,,,,,,,,,,,,,,,,,,,,,,,,,,,,,,,,,,,,,,,,,,,,,,,,,,,,,,,,,,,,,,,,,,,,,,,,,,,,,,,,,,,,,,,,,,,,,,,,,,,,,,,,,,,,,,,,,,,,,,,,,,,,,,,,,,,,,,,,,,,,,,,,,,,,,,,,,,,,,,,,,,
