ACSSF,2011e1,co,000,0095,0000001,4087156,2040728,1001711,0,1001711,3235,2326,6494,6020,18054,10267,17011,17852,35137,26656,56718,75450,62537,66955,54667,74441,87510,72023,123711,184647,1039017,175977,863040,100046,62252,57407,64494,68044,43132,48481,38227,40785,29415,49924,44793,35274,29677,22882,22043,29238,19059,26185,31682,2046428,716971,0,716971,1044,1910,6171,5396,18899,12726,23320,20407,35348,28643,59237,68057,58613,60385,47896,46892,62288,43002,63477,53260,1329457,299804,1029653,115403,80769,104005,105836,106239,69236,58125,50945,51070,36282,53863,43466,30224,23933,16646,17947,20399,14083,14529,16653,28857,35406,51864,16864,22749,41158,12593
ACSSF,2011e1,co,000,0095,0000002,3168191,1574198,765011,0,765011,2173,1959,5923,5191,15029,8453,14572,14870,28358,22367,45351,61226,48800,53384,43134,55809,64592,54632,87659,131529,809187,137679,671508,74684,50860,48216,54491,56530,32560,39828,29952,32104,21468,37952,33752,27460,22496,16637,17124,21071,12245,18586,23492,1593993,554155,0,554155,718,1211,4063,4708,14758,10969,18152,16995,27681,22438,48104,53697,45412,46166,37304,35642,48111,31723,45461,40842,1039838,230661,809177,92054,64949,80481,84284,82053,55657,46276,41658,41240,27671,41573,34079,23740,17966,12971,13735,15518,10509,10899,11864,27529,33508,50719,16156,22274,40678,12534
ACSSF,2011e1,co,000,0095,0000003,918965,466530,236700,0,236700,1062,367,571,829,3025,1814,2439,2982,6779,4289,11367,14224,13737,13571,11533,18632,22918,17391,36052,53118,229830,38298,191532,25362,11392,9191,10003,11514,10572,8653,8275,8681,7947,11972,11041,7814,7181,6245,4919,8167,6814,7599,8190,452435,162816,0,162816,326,699,2108,688,4141,1757,5168,3412,7667,6205,11133,14360,13201,14219,10592,11250,14177,11279,18016,12418,289619,69143,220476,23349,15820,23524,21552,24186,13579,11849,9287,9830,8611,12290,9387,6484,5967,3675,4212,4881,3574,3630,4789,32494,41471,60297,20232,24644,42676,12833
ACSSF,2011e1,co,000,0095,0000004,3756815,1867616,931178,0,931178,2850,2174,5941,5296,16733,9088,15558,15919,32121,25066,52518,68953,56567,61515,50950,68161,81969,67388,116531,175880,936438,160296,776142,87345,55887,52647,58533,60778,36571,43430,34340,36954,26769,46408,39940,32106,27577,19924,19237,27065,17621,24099,28911,1889199,669513,0,669513,920,1709,5535,4589,16533,11654,21728,18811,32884,25793,54604,62056,54408,56093,46235,43802,58388,41429,61011,51331,1219686,278607,941079,105441,72483,94851,95207,96761,62872,53238,46635,46363,33890,49866,39957,27257,22364,15499,16604,19646,13386,13136,15623,29514,35960,52183,17090,23216,41579,12730
ACSSF,2011e1,co,000,0095,0000005,3527745,1744187,876541,0,876541,2306,2174,4942,4483,16198,8512,14702,14201,29355,24297,47401,65454,52127,56827,46831,62516,77385,64313,113186,169331,867646,149073,718573,76965,52969,49460,54158,56139,33568,41042,31971,34758,24997,41244,37342,30036,25210,18428,18532,25103,16679,22582,27390,1783558,634099,0,634099,703,1617,4799,3977,15263,11297,19443,17560,30714,24370,51258,58473,51712,53824,44348,41806,55438,39536,58307,49654,1149459,263399,886060,98452,67376,89064,89063,91579,60371,50447,43289,44186,31807,47571,37407,25417,21096,14920,15731,18187,12799,12434,14864,29923,36374,52869,17195,23429,41801,12810
ACSSF,2011e1,co,000,0095,0000006,1615909,794981,372013,0,372013,1019,729,2882,2133,7781,4903,8213,6888,13643,12279,24732,32229,24081,23970,22695,23767,32791,23604,41987,61687,422968,68125,354843,38035,29448,28899,31256,30809,19344,21856,14433,16274,11851,17699,15910,12890,12420,8476,6697,10156,6957,9738,11695,820928,284006,0,284006,293,371,1829,2368,6385,6014,11343,10128,16256,11297,24236,27064,22593,24484,20537,20385,23130,15765,20462,19066,536922,121120,415802,47435,35468,43550,43571,43425,27933,23292,21907,20849,12815,20486,15870,13614,8844,6228,6914,7637,5082,5278,5604,26203,31457,49397,14952,21657,40254,12181
ACSSF,2011e1,co,000,0095,0000007,1911836,949206,504528,0,504528,1287,1445,2060,2350,8417,3609,6489,7313,15712,12018,22669,33225,28046,32857,24136,38749,44594,40709,71199,107644,444678,80948,363730,38930,23521,20561,22902,25330,14224,19186,17538,18484,13146,23545,21432,17146,12790,9952,11835,14947,9722,12844,15695,962630,350093,0,350093,410,1246,2970,1609,8878,5283,8100,7432,14458,13073,27022,31409,29119,29340,23811,21421,32308,23771,37845,30588,612537,142279,470258,51017,31908,45514,45492,48154,32438,27155,21382,23337,18992,27085,21537,11803,12252,8692,8817,10550,7717,7156,9260,32230,41081,57337,19953,25101,43837,13505
ACSSF,2011e1,co,000,0095,0000008,229070,123429,54637,0,54637,544,0,999,813,535,576,856,1718,2766,769,5117,3499,4440,4688,4119,5645,4584,3075,3345,6549,68792,11223,57569,10380,2918,3187,4375,4639,3003,2388,2369,2196,1772,5164,2598,2070,2367,1496,705,1962,942,1517,1521,105641,35414,0,35414,217,92,736,612,1270,357,2285,1251,2170,1423,3346,3583,2696,2269,1887,1996,2950,1893,2704,1677,70227,15208,55019,6989,5107,5787,6144,5182,2501,2791,3346,2177,2083,2295,2550,1840,1268,579,873,1459,587,702,759,25500,29321,44997,15296,20316,35644,11680
ACSSF,2011e1,co,000,0095,0000009,76283,39587,18720,0,18720,0,0,692,798,294,209,462,747,1496,196,1847,900,822,1456,1781,2073,1371,942,749,1885,20867,3943,16924,2337,1046,1545,1190,1781,746,921,808,1054,720,698,880,452,878,389,253,397,127,267,435,36696,12171,0,12171,67,53,680,551,537,277,1023,523,606,527,1214,818,884,695,652,242,1070,554,496,702,24525,4682,19843,3101,2257,1797,2676,1759,633,910,1084,516,767,459,1001,362,347,260,424,635,281,476,98,21583,26075,42481,14387,17094,30111,10129
ACSSF,2011e1,co,000,0095,0000010,152787,83842,35917,0,35917,544,0,307,15,241,367,394,971,1270,573,3270,2599,3618,3232,2338,3572,3213,2133,2596,4664,47925,7280,40645,8043,1872,1642,3185,2858,2257,1467,1561,1142,1052,4466,1718,1618,1489,1107,452,1565,815,1250,1086,68945,23243,0,23243,150,39,56,61,733,80,1262,728,1564,896,2132,2765,1812,1574,1235,1754,1880,1339,2208,975,45702,10526,35176,3888,2850,3990,3468,3423,1868,1881,2262,1661,1316,1836,1549,1478,921,319,449,824,306,226,661,26930,30681,45898,15793,21915,37506,12477
ACSSF,2011e1,co,000,0095,0000011,330341,173112,70533,0,70533,385,152,553,724,1321,1179,1453,1933,3016,1590,4200,6497,5970,5440,3717,6280,5541,4635,7180,8767,102579,15681,86898,12701,6365,4760,5961,7266,6561,5051,3887,3831,2646,3516,4853,3168,2100,2958,2806,2173,1438,2086,2771,157229,47458,0,47458,124,201,636,807,2366,1072,1592,1596,2464,2850,4633,6001,4205,4292,1661,3090,3900,1573,2466,1929,109771,21197,88574,9962,8286,9154,10629,9478,6364,4887,4310,4707,2392,3997,3509,2967,1569,1147,1343,753,697,1393,1030,22763,29674,45920,14937,18540,34193,11650
ACSSF,2011e1,co,000,0095,0000012,559411,296541,125170,0,125170,929,152,1552,1537,1856,1755,2309,3651,5782,2359,9317,9996,10410,10128,7836,11925,10125,7710,10525,15316,171371,26904,144467,23081,9283,7947,10336,11905,9564,7439,6256,6027,4418,8680,7451,5238,4467,4454,3511,4135,2380,3603,4292,262870,82872,0,82872,341,293,1372,1419,3636,1429,3877,2847,4634,4273,7979,9584,6901,6561,3548,5086,6850,3466,5170,3606,179998,36405,143593,16951,13393,14941,16773,14660,8865,7678,7656,6884,4475,6292,6059,4807,2837,1726,2216,2212,1284,2095,1789,23956,29468,45445,15039,19310,34804,11661
ACSSF,2011e1,co,000,0095,0000013,341634,170790,84607,0,84607,88,461,440,674,1099,1125,1937,2265,3347,2345,4533,7223,5344,8298,4129,9783,8122,7137,8120,8137,86183,16630,69553,8261,3566,4339,5795,6608,4258,3758,3635,4434,2856,4795,4454,2845,1296,1996,1985,1145,1345,1462,720,170844,59509,0,59509,0,231,448,240,1582,1108,1304,1567,2338,2327,4905,8368,6290,5440,4599,4368,4852,2727,4472,2343,111335,31750,79585,9983,4466,8102,9722,9094,5414,4331,2444,5157,4708,5518,4678,812,1011,974,488,1194,240,299,950,27216,32049,48676,16297,23216,38947,12067
ACSSF,2011e1,co,000,0095,0000014,461786,223850,115850,0,115850,0,426,686,608,1453,1092,1801,1203,3624,2752,7387,10814,6994,7175,6413,8640,8961,8601,13402,23818,108000,20425,87575,10451,6182,6129,5308,7428,3792,5774,3595,3976,3592,4893,4640,4426,3112,2608,1144,2878,1448,2600,3599,237936,89345,0,89345,147,42,726,820,1691,894,2378,3009,4738,4271,6249,7909,5747,7436,7806,6754,7541,6320,7916,6951,148591,36471,112120,9957,7680,11547,11056,9210,8814,6902,4938,5311,4182,7662,4246,4241,3456,2659,2296,2712,1514,1653,2084,31184,36225,52172,16947,25761,43117,14375
ACSSF,2011e1,co,000,0095,0000015,247863,123833,58978,0,58978,126,0,499,25,1309,700,1007,484,2094,1924,2475,2169,2526,3208,2362,3359,4522,3871,7912,18406,64855,10150,54705,6651,4330,5599,3457,4394,1809,2656,2307,2262,2591,2231,2124,2369,1681,1023,862,1986,1739,1873,2761,124030,39087,0,39087,127,372,21,151,794,794,936,833,1830,1122,3567,2137,2528,1945,2487,1986,3700,2590,5302,5865,84943,14968,69975,8722,6639,5978,5513,6585,3084,4189,2827,3547,2277,3813,2660,2122,2096,1580,1566,1444,858,1425,3050,29367,38372,66466,16047,23669,49691,13757
ACSSF,2011e1,co,000,0095,0000016,503224,251215,119671,0,119671,293,196,1045,743,1530,1947,2621,1952,3587,4349,7675,10841,6223,7772,8022,7692,11594,7754,13097,20738,131544,20584,110960,9886,7135,8568,11736,10770,5930,6980,5560,5412,3275,6596,6052,3028,3026,1982,2071,2968,3178,2396,4411,252009,97869,0,97869,73,135,463,1039,1735,1481,3964,2627,3503,2337,8335,8318,8074,9149,7196,7140,8687,5532,9241,8840,154140,34220,119920,9926,9178,11888,15478,13579,7473,6316,6383,6114,3892,5819,4688,3990,2603,1820,1830,2517,2108,2022,2296,28954,31661,50499,15521,25455,42449,12484
ACSSF,2011e1,co,000,0095,0000017,219389,107107,65630,0,65630,0,282,123,135,140,313,60,517,1253,1333,1647,3131,2947,2520,1285,3044,5373,6101,12116,23310,41477,8347,33130,2793,2086,1708,2639,1433,492,1441,1778,1500,834,1429,1768,1242,2077,873,1527,1754,561,2287,2908,112282,44803,0,44803,0,268,64,57,921,252,376,1133,1121,2025,2753,2976,2586,2430,2667,1516,5738,4725,5943,7252,67479,15736,51743,5683,3789,4706,4110,6193,3362,2139,2121,1926,1378,2665,2409,771,1415,1274,1518,1212,1560,1188,2324,45322,61855,77406,24583,30877,56547,13534
ACSSF,2011e1,co,000,0095,0000018,500582,248646,129303,0,129303,242,291,983,150,5687,1608,2043,2591,4240,3830,8175,10122,8769,8381,7394,6990,10356,7779,16945,22727,119343,22629,96714,9429,8797,5795,7354,5827,4920,6474,3367,4548,2808,4705,4270,4112,3999,2421,2467,4810,2204,4569,3838,251936,84894,0,84894,53,27,1231,143,4214,1634,2302,2816,6915,3381,6273,9234,7149,6938,5319,4970,6269,4804,5973,5249,167042,44703,122339,15388,10367,11395,11353,13599,8490,6437,8450,6175,3419,5488,5539,3763,2519,1513,2311,2240,1335,1259,1299,28458,36556,50077,17408,21092,37023,12329
ACSSF,2011e1,co,000,0095,0000019,443210,218572,117109,0,117109,445,110,429,626,1289,704,1792,1821,4205,2969,4703,6798,7685,7316,5970,8767,10514,9593,16283,25090,101463,17906,83557,9537,5343,4562,4800,6155,4062,4351,4228,4038,2385,5487,3850,3082,3141,2676,3391,3742,2442,3121,3164,224638,84319,0,84319,110,312,414,906,1270,1290,1995,1572,2799,2647,6171,5851,7810,9286,4930,5544,8841,6651,8596,7324,140319,27332,112987,11783,7571,10576,10300,10397,7867,7143,5703,5122,4085,7073,5048,3931,3395,1561,2160,3307,2458,1999,1508,33761,41802,57738,19255,26603,44794,14364
ACSSF,2011e1,co,000,0095,0000020,252851,124459,57446,0,57446,444,46,297,45,1030,415,1555,1001,3381,1045,2909,2724,3004,3690,4066,4194,6174,3931,7875,9620,67013,8700,58313,6491,5844,5147,3571,4332,2409,2295,2031,2519,1830,3325,3238,2649,2263,1762,1358,1634,1422,1693,2500,128392,38534,0,38534,0,68,317,172,713,970,2117,980,2076,1170,2693,3080,3220,3593,3324,3477,3194,1637,3690,2043,89858,17248,72610,9374,6563,8502,5538,8075,5564,3719,2588,3319,1941,4072,2406,1905,1649,1630,1267,1569,884,1123,922,26306,34952,52969,16484,20145,41610,11959
ACSSF,2011e1,co,000,0095,0000021,118626,58464,26560,0,26560,0,0,118,389,773,68,494,263,639,1207,1648,2316,2274,1855,1711,2032,2598,2293,3156,2726,31904,4192,27712,2027,1891,2115,1635,2295,999,1876,1103,1007,833,2166,1809,998,1304,909,1242,1280,381,915,927,60162,19038,0,19038,52,0,555,32,266,835,1234,554,1089,1506,1463,2323,1914,1053,1299,1056,1562,900,648,697,41124,8069,33055,4505,2451,3263,3415,3963,2317,1701,2470,1859,1423,1024,1173,899,674,535,593,242,255,140,153,24980,34241,48830,19807,18705,34014,11825
ACSSF,2011e1,co,000,0095,0000022,128838,62723,25244,0,25244,0,74,121,327,671,205,644,887,1228,339,1706,2977,2016,1714,1430,2042,2231,1455,2867,2310,37479,5849,31630,3023,2194,2132,3582,2420,1938,2135,1389,1403,1537,2932,927,945,1011,828,569,866,542,647,610,66115,20688,0,20688,141,68,0,95,965,821,614,943,1407,1436,2587,2975,1115,2059,1297,1396,614,605,999,551,45427,8296,37131,4559,2301,4410,5070,4097,3254,1858,2106,2627,1477,1268,1579,500,407,411,320,163,409,200,115,21614,26919,44086,15616,18038,31418,11358
ACSSF,2011e1,co,000,0095,0000023,198962,99068,47406,0,47406,603,0,113,641,984,157,483,573,1339,1712,3724,4332,2997,3355,2834,3438,3731,3721,6650,6019,51662,10397,41265,5222,3955,2683,2575,2785,1852,2605,2077,2345,1663,1518,2400,2975,700,1171,1375,1031,862,407,1064,99894,36939,0,36939,0,94,429,288,343,537,1840,1240,2348,1469,4040,4069,3934,2955,1756,2419,3138,1510,2791,1739,62955,17231,45724,5403,4786,5622,5423,4357,2304,3395,1704,1700,1867,2354,1815,593,716,701,824,747,910,433,70,26889,33049,49717,16498,22203,36437,10934
ACSSF,2011e1,co,000,0095,0000024,86388,41438,21855,0,21855,0,0,105,343,231,137,538,287,793,678,1265,1194,1020,1971,680,1792,1763,2027,2623,4408,19583,2672,16911,1961,1086,1022,912,1149,777,565,1364,1001,540,913,735,598,523,561,925,660,556,469,594,44950,17161,0,17161,69,159,67,49,253,26,317,599,386,914,1127,1208,1627,2116,884,1160,1494,1198,1750,1758,27789,5079,22710,1699,1942,1669,3020,2362,1589,1637,1689,608,536,1289,770,504,665,265,576,678,727,229,256,31708,40210,54576,19303,25655,44232,13543
ACSSF,2011e1,co,000,0095,0000025,255122,123867,57411,0,57411,88,381,579,402,1506,635,967,1057,1977,2643,5341,5981,4682,4106,3252,4059,4975,3949,4747,6084,66456,12374,54082,6706,4051,4023,3316,5893,3111,4159,1781,2725,2554,2917,2529,1969,2118,1658,451,1511,626,1265,719,131255,48860,0,48860,39,32,183,593,900,283,1650,2713,3292,3235,4085,5183,3450,4684,3955,4120,3712,2604,2300,1847,82395,22223,60172,6372,4792,5795,6416,5954,4661,3298,2612,2934,2646,4231,2295,2467,1572,747,1052,741,572,287,728,25861,29176,42120,14953,23349,38111,12906
ACSSF,2011e1,co,000,0095,0000026,88016,43482,16031,0,16031,0,0,0,25,659,241,605,69,519,586,450,717,372,747,756,496,1000,755,1949,6085,27451,3774,23677,3536,2464,3391,2423,1853,732,860,697,970,543,490,765,750,657,659,321,544,501,489,1032,44534,12346,0,12346,39,0,0,118,0,662,493,133,698,234,1070,942,667,389,430,504,1733,471,1596,2167,32188,4866,27322,3984,3688,2481,1269,2831,1139,1948,963,602,495,1429,740,1001,503,438,665,560,502,745,1339,22138,24294,75180,10033,20165,52680,11977
ACSSF,2011e1,co,000,0095,0000027,83534,40182,22803,0,22803,0,45,0,69,118,144,174,129,414,325,1137,2238,767,1661,688,1907,1421,1773,3432,6361,17379,4310,13069,1708,812,711,1055,575,420,508,750,330,358,662,443,898,659,608,232,397,657,526,760,43352,16839,0,16839,108,0,127,76,172,0,475,234,453,489,1194,1438,1077,927,1315,802,1387,1798,2545,2222,26513,6472,20041,1373,1056,2198,1580,1809,1506,1134,1242,1199,349,1358,1075,638,370,608,360,740,624,425,397,38764,48184,65894,19985,30495,51267,16099
ACSSF,2011e1,co,000,0095,0000028,335810,166056,84522,0,84522,242,63,752,100,1432,1339,1499,1590,3199,2391,5759,7389,6111,5415,5011,4598,7705,4892,10458,14577,81534,14316,67218,6853,6197,4108,5779,4291,4141,4770,1854,2616,1598,3274,2587,2883,2819,1813,1279,3017,1506,3457,2376,169754,54308,0,54308,42,15,567,143,2051,1276,1560,2044,4793,2291,3658,5824,4929,4404,2913,3646,4337,3812,2360,3643,115446,28232,87214,10964,7014,7903,7909,9293,6218,4822,6341,4545,1893,4117,4305,3165,1624,1044,1542,1615,1059,1085,756,27667,36006,49972,16174,20696,37075,12711
ACSSF,2011e1,co,000,0095,0000029,503224,251215,119671,0,119671,293,196,1045,743,1530,1947,2621,1952,3587,4349,7675,10841,6223,7772,8022,7692,11594,7754,13097,20738,131544,20584,110960,9886,7135,8568,11736,10770,5930,6980,5560,5412,3275,6596,6052,3028,3026,1982,2071,2968,3178,2396,4411,252009,97869,0,97869,73,135,463,1039,1735,1481,3964,2627,3503,2337,8335,8318,8074,9149,7196,7140,8687,5532,9241,8840,154140,34220,119920,9926,9178,11888,15478,13579,7473,6316,6383,6114,3892,5819,4688,3990,2603,1820,1830,2517,2108,2022,2296,28954,31661,50499,15521,25455,42449,12484
ACSSF,2011e1,co,000,0095,0000030,122958,59907,28101,0,28101,353,46,257,0,684,262,745,255,1948,333,1235,1009,1863,2141,2341,1896,2768,1839,3491,4635,31806,4444,27362,4205,3742,3649,1528,1957,1266,1091,1105,1039,992,682,584,1190,887,598,707,452,165,407,1116,63051,19614,0,19614,0,67,108,172,591,329,1283,710,1070,828,1087,1311,1700,2026,1761,2032,1562,690,1585,702,43437,7533,35904,5947,4525,4305,2413,3515,2539,2259,1350,999,840,1355,1160,1106,541,1017,476,722,70,475,290,22093,30791,51211,10712,17292,40861,10542
ACSSF,2011e1,co,000,0095,0000031,75598,37179,15583,0,15583,43,0,0,641,595,45,288,254,521,1050,1141,1673,1593,996,698,961,953,1189,1858,1084,21596,3071,18525,1789,2136,1662,2083,1393,891,933,995,981,555,440,484,1429,292,486,944,239,157,220,416,38419,12061,0,12061,0,54,162,235,60,30,549,893,477,682,1253,1352,1285,951,855,739,893,343,536,712,26358,6984,19374,2212,2250,3115,2286,1438,1091,887,697,971,595,624,447,332,290,371,686,550,314,218,0,22599,25609,39708,13060,19620,35637,9808
ACSSF,2011e1,co,000,0095,0000032,77498,36981,23687,0,23687,0,282,48,0,81,88,0,0,761,251,236,919,1033,431,429,946,2122,2728,4597,8735,13294,3319,9975,762,406,485,370,426,176,343,789,632,25,355,644,294,958,130,657,762,154,620,987,40517,17011,0,17011,0,139,64,0,460,34,0,536,654,417,1035,550,974,790,917,459,2416,1157,2241,4168,23506,6719,16787,1389,1725,1110,1425,1969,708,550,787,794,426,1359,1072,333,329,338,501,473,392,569,538,51698,69462,82429,31097,33864,60908,15307
ACSSF,2011e1,co,000,0095,0000033,121165,60572,29977,0,29977,355,46,88,171,425,145,541,658,1509,606,1146,1674,2962,2244,1806,2412,2852,2305,3367,4665,30595,4793,25802,2176,1828,1572,2020,2229,1137,1702,1110,860,567,2015,1026,855,1121,777,1311,1107,597,1146,646,60593,20989,0,20989,0,0,0,412,99,240,892,320,695,619,2322,1150,2182,3020,1568,1202,1994,1820,1630,824,39604,6462,33142,2430,1732,3437,3432,2805,1919,2851,1700,1608,1487,2222,1676,1600,960,546,442,967,375,679,274,30543,37504,50732,18034,25377,41695,15716
ACSSF,2011e1,co,000,0095,0000034,69668,34428,17418,0,17418,37,0,204,0,117,319,181,75,574,949,1135,1043,808,1217,905,1108,1609,1544,2571,3022,17010,3204,13806,1202,505,1039,450,1585,467,723,904,763,751,1062,620,762,455,143,154,588,409,656,568,35240,9552,0,9552,88,218,21,0,104,132,244,537,599,291,1141,570,768,300,1163,667,642,514,722,831,25688,5070,20618,2229,1138,1931,2392,1960,1020,1171,1070,1292,1007,1142,659,640,760,248,242,35,183,331,1168,27301,37470,55143,20092,21097,40997,14115
ACSSF,2011e1,co,000,0095,0000035,54513,26227,12509,0,12509,0,0,40,0,240,42,522,196,823,190,1171,1089,608,723,842,701,973,1302,1780,1267,13718,2191,11527,679,811,792,1067,843,675,561,590,452,280,630,704,603,808,506,200,167,207,376,576,28286,7933,0,7933,0,0,61,0,39,529,474,0,709,147,1053,1139,412,501,769,466,677,503,244,210,20353,4430,15923,1761,422,1539,1661,2252,1171,950,691,1203,875,1106,586,220,565,282,107,258,167,62,45,25786,33773,47295,18922,20494,34245,13197
ACSSF,2011e1,co,000,0095,0000036,87042,42292,15263,0,15263,0,43,121,102,629,205,636,842,762,182,1206,2025,1506,764,809,1023,628,548,1562,1670,27029,4345,22684,2477,1702,1726,2341,1892,1627,1517,1087,1239,1194,1695,677,533,791,245,412,571,311,400,247,44750,13812,0,13812,100,68,0,36,781,617,470,851,1017,805,1721,1776,898,1034,800,915,466,466,592,399,30938,5484,25454,3770,1472,3072,3914,2621,1784,1137,1384,1878,987,903,916,358,298,373,168,118,181,91,29,19749,22546,36980,14350,17175,30808,10476
ACSSF,2011e1,co,000,0095,0000037,88609,44126,24812,0,24812,0,0,57,205,131,152,238,598,600,705,1044,2002,1430,3055,845,3081,3174,2314,2463,2718,19314,4796,14518,1553,761,896,1209,1311,867,743,1228,530,748,431,1015,799,430,545,711,160,129,187,265,44483,17203,0,17203,0,0,45,0,517,82,428,401,394,417,861,1432,2086,1664,1813,1227,2130,1629,1117,960,27280,7183,20097,2278,673,2314,2119,2314,1094,1088,669,1757,1269,1835,1184,121,171,303,222,362,0,50,274,32401,40437,51329,17227,25849,45513,13301
ACSSF,2011e1,co,000,0095,0000038,87864,43216,23472,0,23472,0,0,0,169,330,609,575,498,1234,661,1167,1248,853,1658,1174,2186,1733,2156,3420,3801,19744,2974,16770,2088,850,945,859,989,902,1471,719,1871,899,705,505,585,273,526,441,579,439,719,405,44648,18269,0,18269,0,74,58,0,391,220,291,400,661,687,2242,2182,1934,1678,1013,1518,1487,843,1398,1192,26379,5687,20692,3169,1169,1457,1543,2503,1857,1247,960,822,1111,1430,950,392,309,282,193,459,300,238,301,29769,37635,52190,18477,26173,39983,13180
ACSSF,2011e1,co,000,0095,0000039,88016,43482,16031,0,16031,0,0,0,25,659,241,605,69,519,586,450,717,372,747,756,496,1000,755,1949,6085,27451,3774,23677,3536,2464,3391,2423,1853,732,860,697,970,543,490,765,750,657,659,321,544,501,489,1032,44534,12346,0,12346,39,0,0,118,0,662,493,133,698,234,1070,942,667,389,430,504,1733,471,1596,2167,32188,4866,27322,3984,3688,2481,1269,2831,1139,1948,963,602,495,1429,740,1001,503,438,665,560,502,745,1339,22138,24294,75180,10033,20165,52680,11977
ACSSF,2011e1,co,000,0095,0000040,335810,166056,84522,0,84522,242,63,752,100,1432,1339,1499,1590,3199,2391,5759,7389,6111,5415,5011,4598,7705,4892,10458,14577,81534,14316,67218,6853,6197,4108,5779,4291,4141,4770,1854,2616,1598,3274,2587,2883,2819,1813,1279,3017,1506,3457,2376,169754,54308,0,54308,42,15,567,143,2051,1276,1560,2044,4793,2291,3658,5824,4929,4404,2913,3646,4337,3812,2360,3643,115446,28232,87214,10964,7014,7903,7909,9293,6218,4822,6341,4545,1893,4117,4305,3165,1624,1044,1542,1615,1059,1085,756,27667,36006,49972,16174,20696,37075,12711
ACSSF,2011e1,co,000,0095,0000041,255122,123867,57411,0,57411,88,381,579,402,1506,635,967,1057,1977,2643,5341,5981,4682,4106,3252,4059,4975,3949,4747,6084,66456,12374,54082,6706,4051,4023,3316,5893,3111,4159,1781,2725,2554,2917,2529,1969,2118,1658,451,1511,626,1265,719,131255,48860,0,48860,39,32,183,593,900,283,1650,2713,3292,3235,4085,5183,3450,4684,3955,4120,3712,2604,2300,1847,82395,22223,60172,6372,4792,5795,6416,5954,4661,3298,2612,2934,2646,4231,2295,2467,1572,747,1052,741,572,287,728,25861,29176,42120,14953,23349,38111,12906
ACSSF,2011e1,co,000,0095,0000042,503224,251215,119671,0,119671,293,196,1045,743,1530,1947,2621,1952,3587,4349,7675,10841,6223,7772,8022,7692,11594,7754,13097,20738,131544,20584,110960,9886,7135,8568,11736,10770,5930,6980,5560,5412,3275,6596,6052,3028,3026,1982,2071,2968,3178,2396,4411,252009,97869,0,97869,73,135,463,1039,1735,1481,3964,2627,3503,2337,8335,8318,8074,9149,7196,7140,8687,5532,9241,8840,154140,34220,119920,9926,9178,11888,15478,13579,7473,6316,6383,6114,3892,5819,4688,3990,2603,1820,1830,2517,2108,2022,2296,28954,31661,50499,15521,25455,42449,12484
ACSSF,2011e1,co,000,0095,0000043,122958,59907,28101,0,28101,353,46,257,0,684,262,745,255,1948,333,1235,1009,1863,2141,2341,1896,2768,1839,3491,4635,31806,4444,27362,4205,3742,3649,1528,1957,1266,1091,1105,1039,992,682,584,1190,887,598,707,452,165,407,1116,63051,19614,0,19614,0,67,108,172,591,329,1283,710,1070,828,1087,1311,1700,2026,1761,2032,1562,690,1585,702,43437,7533,35904,5947,4525,4305,2413,3515,2539,2259,1350,999,840,1355,1160,1106,541,1017,476,722,70,475,290,22093,30791,51211,10712,17292,40861,10542
ACSSF,2011e1,co,000,0095,0000044,54513,26227,12509,0,12509,0,0,40,0,240,42,522,196,823,190,1171,1089,608,723,842,701,973,1302,1780,1267,13718,2191,11527,679,811,792,1067,843,675,561,590,452,280,630,704,603,808,506,200,167,207,376,576,28286,7933,0,7933,0,0,61,0,39,529,474,0,709,147,1053,1139,412,501,769,466,677,503,244,210,20353,4430,15923,1761,422,1539,1661,2252,1171,950,691,1203,875,1106,586,220,565,282,107,258,167,62,45,25786,33773,47295,18922,20494,34245,13197
ACSSF,2011e1,co,000,0095,0000045,75598,37179,15583,0,15583,43,0,0,641,595,45,288,254,521,1050,1141,1673,1593,996,698,961,953,1189,1858,1084,21596,3071,18525,1789,2136,1662,2083,1393,891,933,995,981,555,440,484,1429,292,486,944,239,157,220,416,38419,12061,0,12061,0,54,162,235,60,30,549,893,477,682,1253,1352,1285,951,855,739,893,343,536,712,26358,6984,19374,2212,2250,3115,2286,1438,1091,887,697,971,595,624,447,332,290,371,686,550,314,218,0,22599,25609,39708,13060,19620,35637,9808
ACSSF,2011e1,co,000,0095,0000046,87042,42292,15263,0,15263,0,43,121,102,629,205,636,842,762,182,1206,2025,1506,764,809,1023,628,548,1562,1670,27029,4345,22684,2477,1702,1726,2341,1892,1627,1517,1087,1239,1194,1695,677,533,791,245,412,571,311,400,247,44750,13812,0,13812,100,68,0,36,781,617,470,851,1017,805,1721,1776,898,1034,800,915,466,466,592,399,30938,5484,25454,3770,1472,3072,3914,2621,1784,1137,1384,1878,987,903,916,358,298,373,168,118,181,91,29,19749,22546,36980,14350,17175,30808,10476
ACSSF,2011e1,co,000,0095,0000047,552238,275578,132033,0,132033,293,196,1113,743,1623,2221,2779,2066,4821,4421,8236,12170,7459,8467,9118,8312,12290,8632,14076,22997,143545,22200,121345,10472,7480,9021,12657,11708,6415,8064,6394,6078,3770,7469,6530,3835,3064,2057,2320,3242,3178,2540,5051,276660,105464,0,105464,73,177,638,1039,1837,2063,3964,2674,4069,2569,8780,9076,8835,9531,7780,7525,9906,5958,9645,9325,171196,37551,133645,11531,10109,13450,16955,14138,8930,6980,6815,6543,4483,7009,5002,4519,3251,1914,2050,2801,2216,2214,2735,28814,31761,50125,15905,25158,42393,12679
ACSSF,2011e1,co,000,0095,0000048,591965,298143,153646,0,153646,426,394,620,694,1990,1806,2466,3082,5086,3848,6686,8261,9091,11626,7179,13980,13680,11552,18161,33018,144497,23180,121317,14904,7998,8770,9078,10677,4774,6234,5129,6189,4845,6662,6497,5835,4184,2808,2962,3629,3027,3074,4041,293822,109737,0,109737,189,323,950,518,3160,1646,2664,1948,4447,2896,10085,9420,8653,8133,7136,7330,10567,7606,12291,9775,184085,38618,145467,17633,11769,13201,13476,13411,8891,9311,5590,8332,5692,8875,7370,3718,3257,2196,2437,3391,1825,2206,2886,30951,37896,54568,16788,25303,44894,13412
ACSSF,2011e1,co,000,0095,0000049,570269,285936,120340,0,120340,119,204,1271,1345,2802,1375,2388,2918,5205,2788,8410,11022,9278,8899,6977,10581,9346,7959,12639,14814,165596,22953,142643,13469,9992,9034,11285,11238,8938,8850,6740,6417,5011,9791,7562,5003,4777,4522,3863,4713,2265,4543,4630,284333,86169,0,86169,269,261,1102,893,3112,2301,4144,3067,4967,6200,7732,11043,7008,7247,4741,5010,6261,3224,4418,3169,198164,38600,159564,19108,12956,16843,18707,17739,11448,8746,9377,8866,5533,6393,6130,4214,2677,2090,2652,1248,1629,1840,1368,23378,30395,46380,17081,18552,33497,11715
ACSSF,2011e1,co,000,0095,0000050,596458,299933,139331,0,139331,1450,68,715,1209,2732,1094,2886,2608,6552,4161,9381,9593,8773,10150,8817,10249,13202,9277,17292,19122,160602,28517,132085,18917,11856,10399,7719,10423,6466,6235,5622,5990,4996,6333,6925,6312,4093,3149,3279,3534,2673,2756,4408,296525,95049,0,95049,203,385,862,905,2060,2313,5054,3577,5532,3166,9554,9076,8647,7443,6567,7059,6759,3656,7385,4846,201476,44285,157191,20269,14448,18785,15492,16284,10196,8122,6297,6994,5363,8005,5216,3658,3443,2838,2604,2619,1777,2221,2560,25425,31965,49612,15105,20173,36993,11474
ACSSF,2011e1,co,000,0095,0000051,588102,298186,146111,0,146111,414,382,1380,458,5700,1843,2659,3113,4932,4064,9122,12021,9602,9385,8731,8399,12652,9095,18700,23459,152075,29232,122843,16697,10292,6442,9176,6912,6624,7655,4216,6303,3645,5734,5200,5165,4643,3568,2985,5434,2921,4946,4285,289916,95811,0,95811,53,27,1299,224,4694,1814,2547,3177,7297,3880,7523,10641,8245,8067,5994,5900,7103,5046,6796,5484,194105,50108,143997,17952,11787,13169,13393,15858,9683,8097,10094,7437,4552,5864,6667,4980,3229,1755,2444,2736,1562,1351,1387,27340,34798,49536,16724,21024,37044,12475
ACSSF,2011e1,co,000,0095,0000052,638217,310308,177121,0,177121,0,680,513,322,1136,896,1365,1316,3036,2885,6929,10578,8290,8327,6246,11400,14767,14662,29056,54717,133187,25532,107655,12929,6987,6254,6243,5892,4087,4363,4446,4039,3262,5351,5995,5064,5761,3310,3254,5027,2709,5601,7081,327909,126383,0,126383,188,347,912,605,2224,447,1890,2253,3946,4741,7468,10134,8142,9642,8459,7856,13316,11738,15690,16385,201526,46377,155149,16897,10639,15010,12743,15464,10466,7790,6289,6531,4876,9191,7081,4735,4441,3939,3778,4467,3482,3473,3857,39819,51400,71491,21626,29943,50716,14129
ACSSF,2011e1,co,000,0095,0000053,549907,272644,133129,0,133129,533,402,882,1249,2071,1032,2468,2749,5505,4489,7954,11805,10044,10101,7599,11520,11573,10846,13787,16520,139515,24363,115152,12658,7647,7487,8336,11194,5828,7080,5680,5769,3886,8584,6084,4060,3155,3468,3380,3659,2286,2725,2186,277263,98358,0,98358,69,390,408,1212,1812,2142,3057,3711,5090,5191,8095,8667,9083,10322,7219,6212,8376,5774,7252,4276,178905,44265,134640,12013,9061,13547,15070,13345,9622,9079,6483,6367,5783,8526,6000,4400,3635,1914,1982,3137,1592,1224,1860,27772,32207,48501,16563,23416,40089,13613
ACSSF,2011e1,co,000,0095,0000054,95238,49585,22131,0,22131,0,0,47,308,506,423,137,621,225,275,1555,2394,1359,1930,1273,3060,1449,1622,2726,2221,27454,3755,23699,1942,1496,1769,1152,2117,1597,1913,1273,1194,441,825,1136,1098,808,873,913,826,475,910,941,45653,16322,0,16322,0,60,235,220,273,9,677,139,908,877,1354,2526,1451,1788,800,1104,1672,550,1034,645,29331,6675,22656,2154,1868,2141,1732,1973,1883,1044,899,1820,602,1740,1234,1544,456,282,304,68,209,303,400,29969,34095,50013,17322,24958,37434,14438
ACSSF,2011e1,co,000,0095,0000055,124795,61137,28433,0,28433,91,0,40,45,328,42,792,746,1646,712,1498,1626,1064,1515,1893,1764,3216,2031,4439,4945,32704,4324,28380,1738,2101,1531,1934,2211,1143,1396,776,1480,785,2301,2111,1332,1198,1092,499,860,1192,1189,1511,63658,19457,0,19457,0,1,209,0,122,641,784,270,1119,584,1665,1651,1809,1737,1375,1459,1631,947,2064,1389,44201,9313,34888,3614,2135,4146,2912,4241,2705,1696,1304,1854,1101,2352,1143,382,1162,613,525,847,814,710,632,29005,37186,57123,22297,22012,42062,12866
ACSSF,2011e1,co,000,0095,0000056,116257,57265,25965,0,25965,0,0,118,389,766,68,452,263,639,1192,1598,2177,2274,1814,1686,2013,2555,2233,3050,2678,31300,4032,27268,2008,1891,2115,1577,2283,979,1818,1103,926,823,2127,1766,966,1249,909,1225,1280,381,915,927,58992,18755,0,18755,52,0,555,32,259,835,1234,530,1074,1506,1463,2304,1914,1005,1196,1056,1528,900,615,697,40237,7948,32289,4394,2432,3154,3364,3876,2265,1629,2453,1859,1410,958,1151,812,647,535,579,242,236,140,153,24906,34329,48883,19683,18708,33821,11806
ACSSF,2011e1,co,000,0095,0000057,115520,56633,26505,0,26505,353,46,257,0,684,262,745,255,1717,333,1235,979,1863,2009,2072,1802,2768,1687,3238,4200,30128,4157,25971,4205,3567,3498,1528,1957,1266,685,1105,1039,916,625,584,1116,804,536,707,452,165,407,809,58887,17621,0,17621,0,67,108,172,591,329,1188,710,891,586,1028,1311,1299,1784,1761,1819,1236,690,1397,654,41266,7061,34205,5719,4167,3974,2345,3413,2403,2005,1284,999,840,1315,1160,1106,487,1017,476,722,70,413,290,21756,29878,51006,10240,17055,40888,10657
ACSSF,2011e1,co,000,0095,0000058,198962,99068,47406,0,47406,603,0,113,641,984,157,483,573,1339,1712,3724,4332,2997,3355,2834,3438,3731,3721,6650,6019,51662,10397,41265,5222,3955,2683,2575,2785,1852,2605,2077,2345,1663,1518,2400,2975,700,1171,1375,1031,862,407,1064,99894,36939,0,36939,0,94,429,288,343,537,1840,1240,2348,1469,4040,4069,3934,2955,1756,2419,3138,1510,2791,1739,62955,17231,45724,5403,4786,5622,5423,4357,2304,3395,1704,1700,1867,2354,1815,593,716,701,824,747,910,433,70,26889,33049,49717,16498,22203,36437,10934
ACSSF,2011e1,co,000,0095,0000059,113213,60890,26990,0,26990,266,22,51,523,491,197,623,840,1343,661,2229,2462,2429,2194,1502,2110,2685,959,2492,2911,33900,6530,27370,7186,1676,1616,1379,2377,1705,1099,1071,617,1044,1260,1768,616,919,308,620,879,331,277,622,52323,17029,0,17029,115,45,95,479,985,666,963,845,1070,678,1847,1756,1585,1309,422,1060,1297,685,658,469,35294,7557,27737,4234,2642,3712,3513,2615,1715,1045,1110,947,1002,756,1169,705,559,415,331,280,164,576,247,22302,28311,42335,11923,16951,31529,9835
ACSSF,2011e1,co,000,0095,0000060,76031,37908,14143,0,14143,107,130,70,96,498,338,587,463,845,169,935,860,1238,1368,792,1209,1222,513,988,1715,23765,4358,19407,2044,1565,1852,2125,2405,1514,1265,714,713,575,1166,1030,613,345,227,164,311,183,442,154,38123,9033,0,9033,0,53,125,231,724,321,428,310,466,948,815,1044,764,728,484,662,238,196,203,293,29090,6079,23011,2892,2436,2993,2904,2549,1758,1303,968,946,877,939,527,302,291,176,245,120,294,270,221,17140,21608,41969,12201,13841,30293,10275
ACSSF,2011e1,co,000,0095,0000061,123460,60359,24270,0,24270,0,74,121,327,629,205,644,887,1228,299,1706,2929,2016,1633,1430,1894,1881,1455,2704,2208,36089,5842,30247,2996,2158,2006,3444,2184,1767,1903,1389,1366,1537,2752,927,791,1011,828,569,844,542,623,610,63101,19995,0,19995,141,68,0,95,965,821,614,943,1407,1247,2587,2880,1086,2001,1297,1208,614,605,865,551,43106,8102,35004,4300,2116,4050,4946,3897,2810,1838,2076,2627,1414,1111,1517,500,372,411,320,163,359,148,29,21639,26934,43001,15747,18194,31297,11341
ACSSF,2011e1,co,000,0095,0000062,139516,70191,30387,0,30387,61,0,848,81,306,307,596,469,2105,659,2655,2239,2187,1934,1672,2811,2052,1883,2807,4715,39804,4787,35017,4364,1500,1225,2417,2059,2680,1562,1612,2050,1641,2596,2510,1187,1432,938,682,1376,403,1458,1325,69325,19882,0,19882,76,53,79,266,548,289,1326,1098,1159,1677,1239,2195,1625,1724,1149,1005,1331,881,1558,604,49443,9008,40435,4500,2929,4346,4814,4855,2817,2278,2715,1931,1058,1223,1486,1208,807,560,1088,375,547,526,372,23761,30723,47088,20109,18144,34724,11868
ACSSF,2011e1,co,000,0095,0000063,114187,62192,29597,0,29597,388,0,139,221,122,366,199,768,948,549,1728,1702,2725,2453,2250,2651,2547,2379,2326,5136,32595,3010,29585,2812,1850,1683,2826,2747,730,976,1237,666,416,3092,1673,1674,1334,1234,843,1094,641,659,1398,51995,19367,0,19367,150,82,838,176,1003,120,579,333,998,209,1772,1746,1347,899,596,1311,2511,1122,1897,1678,32628,6077,26551,2412,3139,1623,3017,2564,1292,1428,1322,1123,499,1960,1551,1128,520,141,522,1072,140,600,498,30818,36310,50248,19862,25054,41547,13507
ACSSF,2011e1,co,000,0095,0000064,94573,48788,25791,0,25791,90,64,58,0,269,303,172,331,450,594,566,1403,1648,1476,1272,1402,2027,1769,3083,8814,22997,3882,19115,3106,1093,979,708,1675,532,702,549,950,627,1049,1155,864,902,388,560,707,649,848,1072,45785,16174,0,16174,41,95,132,189,516,171,129,404,312,200,743,749,653,1505,1274,997,1973,1241,2306,2544,29611,5827,23784,2746,1239,2185,1807,2308,1334,1240,1012,928,1358,1707,934,897,584,284,566,808,454,658,735,37042,45795,69401,20562,27647,54891,15550
ACSSF,2011e1,co,000,0095,0000065,107697,54519,27769,0,27769,66,0,499,0,398,319,227,227,1040,1338,1549,1241,1339,1818,1051,1938,2320,2065,4049,6285,26750,4555,22195,1944,1115,1623,833,1849,925,1357,1309,1061,1257,1329,882,1200,708,176,485,971,967,1025,1179,53178,16281,0,16281,88,277,21,33,462,132,316,571,855,398,1626,859,1174,683,1481,1341,1401,1061,1620,1882,36897,6776,30121,3222,2248,2538,3419,2768,1746,1668,1651,1846,1133,1617,953,722,1248,522,377,315,279,425,1424,29369,40062,59472,20336,21889,46775,13739
ACSSF,2011e1,co,000,0095,0000066,98093,47966,18431,0,18431,60,0,0,25,735,241,566,120,591,586,555,755,409,1011,800,660,1060,848,2261,7148,29535,4102,25433,3704,2464,3391,2454,1991,801,923,835,1017,748,490,907,865,824,692,321,660,528,530,1288,50127,14780,0,14780,39,0,0,118,0,662,493,138,722,393,1571,1095,919,527,664,504,1766,695,2101,2373,35347,5472,29875,4324,3688,2417,1317,3244,1139,2079,963,855,556,1649,1000,1006,658,616,833,721,502,838,1470,24847,28341,76431,10883,22841,50434,12460
ACSSF,2011e1,co,000,0095,0000067,101021,49138,28804,0,28804,0,0,88,59,261,185,216,508,764,635,593,924,808,737,905,2383,3616,2790,4327,9005,20334,3416,16918,2036,1257,716,887,1286,590,855,857,1008,782,719,1085,777,813,370,205,775,486,823,591,51883,19869,0,19869,0,0,63,0,569,588,437,124,444,521,2067,634,1165,2255,993,958,1446,1896,3478,2231,32014,7255,24759,2958,1655,2609,2223,1378,1901,1299,816,1289,852,1194,1242,1149,796,722,654,792,600,451,179,40093,52627,71517,19927,28883,50280,14547
ACSSF,2011e1,co,000,0095,0000068,93239,45269,23311,0,23311,0,47,56,328,451,594,319,914,797,537,1375,1325,1273,2098,1059,3161,1210,2286,2678,2803,21958,3729,18229,2703,810,818,921,860,951,1442,912,1972,925,960,1021,675,171,593,651,456,335,543,510,47970,17847,0,17847,0,0,112,240,395,111,193,665,958,617,1614,2563,1191,1819,1123,1536,1433,637,1671,969,30123,6148,23975,3899,1547,2336,1436,2822,2017,1304,724,1515,1356,1712,1367,405,229,96,294,353,87,224,252,27168,34200,50519,19171,23307,41463,12453
ACSSF,2011e1,co,000,0095,0000069,106628,53783,28263,0,28263,0,347,57,205,131,360,702,835,718,866,1364,2372,1866,3659,1303,2671,3046,2297,2800,2664,25520,5406,20114,2884,1263,1418,1581,2187,1038,955,1299,837,901,636,1393,853,591,630,752,327,183,121,265,52845,20957,0,20957,0,0,45,0,850,82,861,376,584,620,1446,2391,2287,1860,2115,1569,2297,1175,1494,905,31888,9081,22807,2896,861,2685,3238,2111,1762,1392,647,2213,993,1118,1387,121,171,226,222,362,31,97,274,30358,34713,46901,14244,24482,41949,12041
ACSSF,2011e1,co,000,0095,0000070,115937,58196,29580,0,29580,0,67,267,202,166,267,916,193,1786,583,1078,2695,2337,1949,2146,4057,3048,2686,2495,2642,28616,5084,23532,2258,1140,1140,2446,2284,1485,1134,1486,989,823,3033,1580,802,241,571,607,399,587,527,0,57741,17988,0,17988,0,199,225,0,337,834,210,427,720,487,1578,3027,2722,1193,1461,1100,1040,902,1086,440,39753,12387,27366,2317,1894,2294,4123,2959,1462,1546,745,1453,1963,2408,1667,253,659,531,67,543,31,57,394,27630,32333,50100,17233,23451,36141,12664
ACSSF,2011e1,co,000,0095,0000071,142764,67857,37159,0,37159,0,82,26,69,647,89,537,306,201,261,1642,2917,2156,1922,1856,3788,3080,3496,6365,7719,30698,7175,23523,3341,1365,2014,887,1615,907,828,645,1864,1391,1039,1288,1602,681,1263,199,955,210,1287,142,74907,32940,0,32940,39,0,110,76,378,45,322,1119,1562,2516,1746,3307,2051,3093,3611,3432,2415,2201,2425,2492,41967,11322,30645,2709,2589,3317,3428,2563,2063,1295,660,1331,1282,1979,1044,1170,1003,1041,1208,910,345,350,358,36267,45028,61944,20214,30644,45089,13368
ACSSF,2011e1,co,000,0095,0000072,85474,41520,19078,0,19078,0,225,155,317,342,280,297,272,896,977,1650,2133,1665,1725,1061,1389,1831,1022,1498,1343,22442,4237,18205,2731,782,1181,1019,2041,1276,1350,524,593,1042,1083,878,788,1022,303,224,631,284,95,358,43954,15311,0,15311,0,32,146,348,215,36,906,993,970,1130,1566,1987,1033,1238,711,1189,1058,823,622,308,28643,7047,21596,1910,1618,2447,1998,1797,1930,1491,1281,1086,962,1640,762,1104,368,435,135,219,131,42,240,24695,29256,40693,15134,21587,32138,13832
ACSSF,2011e1,co,000,0095,0000073,89455,45643,18963,0,18963,88,0,398,85,547,266,500,680,1039,1456,2477,2424,1322,1275,1021,915,1204,901,1153,1212,26680,4860,21820,2086,2447,1978,1991,2432,1295,2249,888,878,534,1155,1107,489,492,463,120,362,194,363,297,43812,13720,0,13720,0,0,0,245,408,202,683,787,1070,626,1303,1588,799,1033,652,797,1126,914,914,573,30092,9580,20512,2426,1333,2066,2252,2593,1373,1136,938,897,870,1446,1061,546,566,129,144,141,272,94,229,22018,23184,33377,12475,20857,34384,12101
ACSSF,2011e1,co,000,0095,0000074,95552,46695,27069,0,27069,0,119,65,0,160,178,39,127,348,325,1683,1947,417,1324,1166,1649,1815,1396,3231,11080,19626,3658,15968,1935,1042,810,741,957,518,539,592,284,290,819,812,988,963,498,313,615,765,587,1900,48857,17501,0,17501,108,0,127,0,261,51,475,74,661,98,1284,881,1010,938,1636,847,1483,1642,3064,2861,31356,7327,24029,2229,1098,2136,1612,1662,2053,1886,1461,1275,475,1439,943,775,769,832,463,629,617,985,690,42209,54350,80259,26198,30612,56991,16623
ACSSF,2011e1,co,000,0095,0000075,120709,59632,28101,0,28101,10,0,169,180,382,1063,671,456,1633,863,1760,1665,1718,1742,1419,2014,3166,1991,2710,4489,31531,6756,24775,2316,1083,3205,2276,1589,1267,1651,998,1016,874,2202,1291,414,87,675,1079,307,1459,749,237,61077,25436,0,25436,0,0,72,198,355,175,1205,429,1293,217,2190,2017,1854,3231,1540,2234,2485,1630,1942,2369,35641,10001,25640,3293,2189,3444,3232,3114,1383,1057,936,1122,772,707,835,949,731,412,107,316,373,355,313,29095,30933,50558,15987,26657,43067,10531
ACSSF,2011e1,co,000,0095,0000076,84899,45280,22721,0,22721,89,0,526,28,251,0,609,297,614,792,936,3093,1105,1410,739,1585,2441,1651,2923,3632,22559,2871,19688,1786,1426,1099,2929,2414,1321,1701,1505,594,222,554,872,531,430,420,84,361,246,345,848,39619,14701,0,14701,0,0,21,460,148,163,377,103,387,413,881,1064,844,1237,1562,1749,1531,638,2001,1122,24918,4277,20641,1369,1834,1881,3660,2312,1075,727,1479,1324,707,759,648,809,409,171,162,374,212,298,431,27550,31584,52006,12860,23283,47990,11705
ACSSF,2011e1,co,000,0095,0000077,96445,50363,24005,0,24005,116,0,143,37,132,225,193,314,451,547,1499,1397,1363,1786,1755,1576,2294,1428,2846,5903,26358,2778,23580,2484,1478,1955,2578,2447,616,1028,546,893,310,1153,1509,570,1170,165,486,951,679,420,2142,46082,20172,0,20172,73,0,54,56,40,236,353,264,168,495,1178,1929,1984,1284,1902,1836,1679,1019,2606,3016,25910,4459,21451,1853,2085,1621,1567,1433,907,1182,901,654,903,1534,1389,954,633,485,594,906,520,572,758,36558,39266,56242,15564,34835,50132,17715
ACSSF,2011e1,co,000,0095,0000078,126483,59620,30147,0,30147,34,116,112,178,527,56,576,465,1014,550,1732,3214,1171,1049,2656,1447,2553,2456,4134,6107,29473,3403,26070,1324,2318,1410,2414,1919,1062,988,1901,1905,1112,1629,1747,873,876,638,360,800,741,770,1283,66863,26345,0,26345,0,82,341,327,606,598,873,936,1136,1040,2454,1738,2359,2378,1760,1185,2286,2128,2401,1717,40518,6246,34272,2374,2335,2740,3217,3872,2006,2310,1722,2269,1157,2204,1423,889,1068,488,568,983,714,820,1113,30232,34665,55752,19604,25471,41117,15641
ACSSF,2011e1,co,000,0095,0000079,94697,46057,20353,0,20353,44,80,95,457,238,603,817,489,295,1669,1917,2646,928,2046,2046,1278,1536,1143,1114,912,25704,5594,20110,2099,924,1054,1757,2926,1772,1898,1050,1334,842,1079,1057,818,463,84,153,589,53,112,46,48640,15123,0,15123,0,95,114,144,586,394,1156,983,769,481,1791,1845,1502,1254,826,318,1266,394,567,638,33517,10372,23145,1581,1357,2699,4400,3506,2230,1196,1537,876,460,1067,460,478,140,281,417,78,289,18,75,20828,24789,38731,14327,17156,31777,11095
ACSSF,2011e1,co,000,0095,0000080,91365,44087,23653,0,23653,0,0,105,343,200,203,769,477,951,630,1289,1640,1090,2349,822,1813,1629,1735,3099,4509,20434,2781,17653,1950,1269,1164,1122,1033,803,504,1150,1322,633,950,798,609,546,573,913,723,483,432,676,47278,18576,0,18576,69,233,67,141,253,26,348,428,495,984,1597,1167,2343,1676,875,1307,1398,1401,2050,1718,28702,6139,22563,1669,1729,1976,2922,2373,1678,1594,1567,673,403,1220,758,630,850,193,527,659,646,172,324,31893,38876,51914,19634,26483,43377,13413
ACSSF,2011e1,co,000,0095,0000081,75800,37909,18418,0,18418,0,46,121,167,435,67,84,355,1010,843,956,1289,1568,1555,1206,1622,2089,1394,2187,1424,19491,2671,16820,1324,1094,742,1349,1482,1169,1537,921,672,453,1457,947,779,276,448,294,811,355,428,282,37891,13550,0,13550,0,0,50,363,408,813,248,173,560,825,1626,734,1197,1542,691,673,1352,966,840,489,24341,4302,20039,1370,1488,2119,1558,1698,1506,1490,1386,1109,1234,1233,704,793,763,183,330,223,392,316,144,26983,32634,47026,17033,23053,38778,15471
ACSSF,2011e1,co,000,0095,0000082,117999,58301,30910,0,30910,355,0,35,72,205,145,722,743,884,311,1043,1600,2802,2205,1918,2289,2732,2488,4633,5728,27391,6043,21348,1987,1449,1280,954,1752,659,1112,1051,722,844,1355,944,780,1194,925,1353,949,584,941,513,59698,22760,0,22760,0,36,0,213,255,217,1069,518,759,573,1479,2010,2160,2671,1679,1331,2321,2100,2178,1191,36938,6561,30377,3092,1525,2838,3132,2678,1656,2392,1513,1793,922,2053,1699,1337,762,527,303,1172,229,481,273,35034,42948,55556,21489,26721,43259,15280
ACSSF,2011e1,co,000,0095,0000083,85095,40632,21089,0,21089,0,0,155,44,216,302,183,175,1156,303,1056,1558,1763,1463,1160,1700,1897,1524,2028,4406,19543,2878,16665,1344,935,1119,1352,1563,864,1153,750,639,550,1296,506,1031,392,388,224,590,320,561,1088,44463,15596,0,15596,0,43,435,5,429,556,110,96,1071,210,818,1145,989,2013,1113,1152,1670,957,1658,1126,28867,6011,22856,2519,1428,2764,2431,1807,2300,1178,805,945,1138,1113,712,748,555,352,418,861,317,262,203,30739,37187,51870,17508,23064,43955,13021
ACSSF,2011e1,co,000,0095,0000084,112367,54957,35062,0,35062,0,134,105,0,191,163,78,236,1411,251,639,1433,2180,1058,485,2089,2778,4388,4933,12510,19895,4183,15712,1645,1028,539,363,933,891,624,755,886,412,908,744,418,1309,248,743,991,367,846,1062,57410,23011,0,23011,0,0,64,0,483,75,70,607,735,661,1555,1129,1394,1394,1758,903,2975,1925,2843,4440,34399,9171,25228,3015,2459,1960,1724,2353,1273,1015,913,1164,399,1590,1409,493,614,507,1087,853,451,1141,808,47390,61355,74491,23665,33292,56510,14666
ACSSF,2011e1,co,000,0095,0000085,137568,67338,39560,0,39560,0,148,75,135,0,150,60,334,168,1082,1289,2082,1517,1573,800,1760,3279,2566,8707,13835,27778,5454,22324,1679,1635,1329,2552,762,152,913,1131,648,473,906,1294,867,1124,687,1033,903,331,1705,2200,70230,27193,0,27193,0,268,0,57,438,177,306,597,386,1457,1426,2079,1812,1640,1508,1019,3427,3475,3468,3653,43037,8488,34549,3829,2108,3550,2621,4534,2555,1442,1337,1162,1198,1686,1594,376,930,881,801,646,1278,403,1618,42343,61482,81394,24408,29458,56024,13119
ACSSF,2011e1,co,000,0095,0000086,121514,63153,37858,0,37858,0,0,56,0,4176,99,353,956,644,1188,1932,1782,1483,1951,1756,2103,1742,2375,5869,9393,25295,5666,19629,1797,1925,1101,772,1323,408,961,1231,950,869,775,1319,461,1002,363,492,879,881,889,1231,58361,20401,0,20401,11,12,539,0,1225,124,0,341,1292,783,1336,2102,1574,1762,1711,752,1482,824,3006,1525,37960,12983,24977,2907,2965,2473,2159,3258,1783,1178,765,961,873,1197,931,372,458,562,531,765,218,174,447,32773,42860,56923,20780,23551,42515,11523
ACSSF,2011e1,co,000,0095,0000087,82342,39679,20237,0,20237,0,190,174,0,357,290,501,185,999,455,1015,1858,1008,794,1264,939,2165,1223,2231,4589,19442,3036,16406,1366,1259,1007,1411,1025,1390,820,295,455,551,848,433,333,479,542,469,709,535,1158,1321,42663,12755,0,12755,0,0,319,0,525,366,166,502,514,420,983,1765,512,804,486,1311,1244,635,980,1223,29908,6777,23131,2429,1369,2523,2769,2652,954,943,1401,1389,851,1088,1469,864,309,281,610,460,142,187,441,29158,40263,55307,17271,21347,41142,12334
ACSSF,2011e1,co,000,0095,0000088,87699,42152,17438,0,17438,128,0,21,28,249,529,295,746,664,675,2074,1740,1291,1128,761,1236,1195,1158,1770,1750,24714,3021,21693,2073,2089,1579,2088,1749,1017,1516,815,881,489,961,839,904,504,650,668,1066,308,1014,483,45547,13375,0,13375,42,15,39,0,416,749,583,507,1303,710,853,1052,1461,1335,779,483,1175,612,670,591,32172,5858,26314,3335,1835,1851,2239,2940,2336,2094,2027,1271,535,912,1272,899,668,504,544,185,322,340,205,22112,27464,40741,15415,18852,35963,13524
ACSSF,2011e1,co,000,0095,0000089,125372,63089,35251,0,35251,114,0,328,122,474,571,699,235,1184,429,1377,2502,2378,2731,2771,1681,3454,1692,6277,6232,27838,6007,21831,2956,1708,1349,923,929,1572,1443,431,858,657,772,730,1660,1291,439,330,1324,470,1394,595,62283,25444,0,25444,0,0,190,103,1247,193,671,306,2104,691,2016,2636,2209,2124,1651,2248,1777,2383,1243,1652,36839,9896,26943,4028,1806,2330,1814,2787,1701,1659,1975,1522,488,1405,1233,1121,630,83,386,792,583,394,206,34411,41989,55055,17706,25726,40650,13538
ACSSF,2011e1,co,000,0095,0000090,83655,40573,18519,0,18519,0,101,404,0,431,119,195,469,749,1083,1777,2240,2609,1777,842,1031,1800,1331,798,763,22054,4899,17155,1237,1816,759,2160,801,533,1734,595,1404,242,1349,949,754,723,427,508,832,10,114,208,43082,12919,0,12919,0,0,144,40,801,202,882,1160,1702,777,1085,1679,1393,913,692,176,591,350,74,258,30163,9189,20974,2689,2392,2218,2372,1962,1716,563,2282,1032,672,886,634,507,454,83,240,38,70,164,0,22050,29821,37243,16833,18201,28237,11040
ACSSF,2011e1,co,000,0095,0000091,95535,53304,18344,0,18344,172,288,397,308,169,235,457,522,645,266,1032,1875,1171,1139,1223,1513,2397,1441,2092,1002,34960,6640,28320,7434,2279,670,2069,1095,2085,1342,849,1757,721,1156,801,1201,603,1147,820,642,874,271,504,42231,11846,0,11846,0,0,68,81,480,180,245,361,376,519,1615,1403,1208,1053,806,842,995,292,1087,235,30385,5801,24584,2793,1445,2227,2196,2415,1445,2108,1666,1310,1100,592,1183,1577,891,368,145,659,235,92,137,22120,23916,46338,13235,20749,37072,14604
ACSSF,2011e1,co,000,0095,0000092,77901,40026,23950,0,23950,167,0,196,0,2630,100,0,107,411,457,265,1003,1132,1133,909,911,1791,856,3574,8308,16076,3673,12403,993,1395,259,595,449,408,913,151,370,305,515,689,278,740,288,563,958,613,870,1051,37875,14115,0,14115,0,0,65,41,636,0,104,218,709,225,1137,1079,908,1573,841,912,1045,1383,1709,1530,23760,7780,15980,1946,1767,1660,920,1302,670,812,590,995,308,1323,841,613,232,336,177,524,65,568,331,40791,54149,71748,28255,28763,47768,13974
ACSSF,2011e1,co,000,0095,0000093,161579,78920,34476,0,34476,88,225,311,243,762,422,671,1019,1792,2040,3533,4944,2549,2159,1613,2729,2594,2210,2553,2019,44444,9427,35017,4568,1875,2787,2262,4598,2056,3250,1263,1638,1651,2031,1352,1266,1288,1171,237,759,352,278,335,82659,28365,0,28365,0,32,146,432,368,235,1385,1890,2643,2444,2457,2964,1846,2719,2583,2140,1474,923,915,769,54294,16290,38004,4437,2750,3919,4396,3693,3721,2338,1748,1702,1124,2511,866,1789,774,499,625,219,341,83,469,23280,25902,36448,14225,20975,32707,12369
ACSSF,2011e1,co,000,0095,0000094,182396,90959,42236,0,42236,60,0,290,25,1065,381,828,281,1215,1234,1234,1576,1731,2174,1555,2819,2903,2437,5468,14960,48723,6635,42088,5766,3925,4344,3073,3338,1418,2150,1446,1927,1818,1177,1388,1649,1232,920,578,1388,1091,1243,2217,91437,30751,0,30751,39,145,63,151,856,817,692,296,1299,864,2496,1784,1855,1997,1416,1419,3206,2276,4794,4286,60686,11060,49626,6521,5384,4317,3258,4562,2668,2725,1629,2014,1262,2784,1789,1653,1392,1245,1347,1610,650,1065,1751,30293,37668,71797,13554,25430,51551,13222
ACSSF,2011e1,co,000,0095,0000095,58092,28330,16292,0,16292,0,67,54,0,120,0,41,154,334,0,180,555,1225,716,1409,2412,2625,1879,1896,2625,12038,1896,10142,1070,385,493,621,573,426,525,543,322,244,1706,553,434,95,548,357,327,612,308,0,29762,10726,0,10726,0,199,125,0,0,0,143,176,393,379,661,1434,1796,447,1034,553,1049,833,1090,414,19036,4987,14049,735,727,1554,1194,1196,644,795,397,727,998,1879,1294,216,151,446,67,618,0,57,354,35882,49404,58936,23658,28520,40319,18630
ACSSF,2011e1,co,000,0095,0000096,215250,106095,59615,0,59615,0,201,333,365,891,391,919,391,914,793,3456,4446,2877,3358,3666,4211,4230,4471,8413,15289,46480,8355,38125,4203,3466,2635,2116,2530,1653,1439,1511,1928,1563,1451,2751,2387,1393,981,499,1569,456,1765,1829,109155,44732,0,44732,147,42,183,383,830,184,816,1071,1288,1896,2731,4305,3086,2948,3778,3876,4125,4245,4543,4255,64423,15502,48921,4208,3638,4835,4479,4015,2470,2696,1644,2324,2069,3548,2301,1535,2154,1071,1075,1505,803,1168,1383,36170,42498,61552,19188,30722,47270,15756
ACSSF,2011e1,co,000,0095,0000097,185983,91462,42290,0,42290,75,0,271,100,1421,1038,801,1033,1597,1250,4165,3942,2925,2764,2334,2787,3593,2539,4651,5004,49172,6777,42395,4497,3372,3072,3853,3059,2382,3053,1609,1976,1027,1678,1656,2125,1813,1193,975,1470,723,1892,970,94521,28894,0,28894,42,15,183,102,1436,857,914,976,1865,1753,2037,2984,2460,2515,1545,2287,2746,1377,1388,1412,65627,13035,52592,6767,3951,4261,4950,6315,4138,3172,3026,2867,1365,1990,2571,1924,1058,677,1183,732,747,521,377,24372,30729,44118,15788,19774,36582,12531
ACSSF,2011e1,co,000,0095,0000098,503224,251215,119671,0,119671,293,196,1045,743,1530,1947,2621,1952,3587,4349,7675,10841,6223,7772,8022,7692,11594,7754,13097,20738,131544,20584,110960,9886,7135,8568,11736,10770,5930,6980,5560,5412,3275,6596,6052,3028,3026,1982,2071,2968,3178,2396,4411,252009,97869,0,97869,73,135,463,1039,1735,1481,3964,2627,3503,2337,8335,8318,8074,9149,7196,7140,8687,5532,9241,8840,154140,34220,119920,9926,9178,11888,15478,13579,7473,6316,6383,6114,3892,5819,4688,3990,2603,1820,1830,2517,2108,2022,2296,28954,31661,50499,15521,25455,42449,12484
ACSSF,2011e1,co,000,0095,0000099,221177,107765,65994,0,65994,0,282,123,135,140,313,60,517,1253,1333,1647,3131,2947,2520,1285,3044,5373,6101,12390,23400,41771,8347,33424,2793,2086,1708,2639,1433,492,1441,1778,1500,834,1429,1768,1242,2077,929,1527,1919,634,2287,2908,113412,45458,0,45458,0,268,64,57,921,252,376,1133,1233,2025,2753,2976,2586,2512,2667,1516,6030,4794,5943,7352,67954,15908,52046,5683,3789,4706,4110,6193,3449,2139,2121,2007,1442,2736,2409,771,1415,1274,1518,1212,1560,1188,2324,45560,61964,77868,25027,30923,56712,13618
ACSSF,2011e1,co,000,0095,0000100,61530,31700,17324,0,17324,0,0,0,50,0,77,460,313,649,312,540,1366,583,1410,1483,617,2035,1562,3754,2113,14376,4083,10293,1601,938,667,277,339,1231,239,300,363,509,527,182,629,312,0,309,529,122,931,288,29830,12998,0,12998,0,12,223,0,773,271,321,60,1207,215,1066,1530,1374,748,1191,534,499,1539,1037,398,16832,4808,12024,1469,623,1036,900,1533,871,789,1452,456,78,342,788,201,327,218,246,187,434,74,0,34117,44741,57038,15978,26242,36712,13794
ACSSF,2011e1,co,000,0095,0000101,156400,77493,34877,0,34877,364,46,257,45,684,262,881,640,2185,651,1684,1319,2190,2544,2069,2439,3819,2146,4816,5836,42616,5545,37071,4807,4453,4221,2335,2975,1521,1466,1387,1686,1331,1573,1328,1565,887,1037,916,1008,299,711,1565,78907,23956,0,23956,0,67,108,172,591,370,1498,887,1068,903,1345,1682,2179,2554,1963,2371,2119,820,2187,1072,54951,9820,45131,6615,4841,5785,3212,4395,3244,2403,1554,1453,922,2061,1581,1249,599,1096,954,1046,717,1007,397,23839,30698,53111,12285,18773,41403,11202
ACSSF,2011e1,co,000,0095,0000102,116257,57265,25965,0,25965,0,0,118,389,766,68,452,263,639,1192,1598,2177,2274,1814,1686,2013,2555,2233,3050,2678,31300,4032,27268,2008,1891,2115,1577,2283,979,1818,1103,926,823,2127,1766,966,1249,909,1225,1280,381,915,927,58992,18755,0,18755,52,0,555,32,259,835,1234,530,1074,1506,1463,2304,1914,1005,1196,1056,1528,900,615,697,40237,7948,32289,4394,2432,3154,3364,3876,2265,1629,2453,1859,1410,958,1151,812,647,535,579,242,236,140,153,24906,34329,48883,19683,18708,33821,11806
ACSSF,2011e1,co,000,0095,0000103,92295,45420,18063,0,18063,43,0,113,641,657,45,402,254,531,1059,1922,1834,1895,1076,1049,1060,1115,1365,1811,1191,27357,5120,22237,2789,2951,2018,2311,1702,875,1189,1250,1030,649,530,492,1458,378,486,966,318,157,220,468,46875,14655,0,14655,0,54,253,235,200,124,672,893,569,866,1344,2244,1899,1004,855,669,1031,343,607,793,32220,8696,23524,3355,2966,3599,2596,1941,1358,1032,788,996,674,903,447,440,290,371,686,550,314,218,0,21546,24475,38720,11542,18548,34772,9274
ACSSF,2011e1,co,000,0095,0000104,58129,28613,14301,0,14301,0,253,285,0,527,233,494,504,744,882,1299,1920,2224,791,747,840,824,623,745,366,14312,3401,10911,945,1463,845,1419,713,180,1085,57,459,329,737,508,180,323,396,155,618,163,135,201,29516,9912,0,9912,11,0,319,0,614,302,919,1065,1079,527,604,1714,920,346,196,266,238,151,38,603,19604,6944,12660,1800,1481,1257,1140,1306,1223,319,1561,594,61,595,551,254,175,0,211,38,0,0,94,21366,27515,35019,13479,18066,26261,11248
ACSSF,2011e1,co,000,0095,0000105,445767,220054,117791,0,117791,445,110,429,626,1289,823,1792,1821,4205,2969,4773,6798,7685,7316,6055,8767,10634,9593,16492,25169,102263,18126,84137,9581,5382,4562,4800,6198,4154,4351,4228,4038,2385,5530,4169,3082,3141,2676,3391,3742,2442,3121,3164,225713,84854,0,84854,110,312,414,906,1270,1290,2182,1572,2799,2647,6171,5875,7926,9381,5008,5579,8841,6651,8596,7324,140859,27332,113527,11783,7737,10576,10300,10397,7867,7358,5703,5122,4085,7073,5048,3931,3395,1561,2319,3307,2458,1999,1508,33701,41751,57840,19298,26593,44684,14397
ACSSF,2011e1,co,000,0095,0000106,79367,36794,19270,0,19270,0,0,34,0,58,139,183,82,433,339,924,1686,542,1590,687,1580,1644,1593,1829,5927,17524,3296,14228,1703,879,1046,1037,1009,492,495,615,393,234,803,612,586,633,599,255,352,770,429,1286,42573,14266,0,14266,0,0,361,0,385,59,177,74,842,151,1047,905,713,1599,782,726,1261,987,2311,1886,28307,5818,22489,1740,1009,2567,1946,2031,2161,1513,1437,1077,677,1244,947,704,387,871,596,808,253,308,213,34373,45686,62316,19341,25299,50158,14758
ACSSF,2011e1,co,000,0095,0000107,120013,59987,32342,0,32342,283,0,297,0,376,319,214,238,1037,1147,1753,1821,1440,1696,1806,2017,2916,2464,4879,7639,27645,4403,23242,1600,987,1142,830,2408,489,1416,1387,1019,1105,1757,1501,1756,896,348,430,971,1107,961,1132,60026,18658,0,18658,88,258,21,0,104,132,540,537,1184,683,1750,993,1504,745,1505,1407,1937,1330,1498,2442,41368,8353,33015,3096,2396,3092,4229,2648,1533,2752,1675,1942,1444,1727,1325,690,1090,381,242,304,649,408,1392,31346,41534,61090,23276,22188,47219,14207
ACSSF,2011e1,co,000,0095,0000108,86827,42054,20530,0,20530,80,0,40,0,328,42,656,308,1151,344,1225,1286,814,980,1896,1106,2123,1572,3124,3455,21524,3014,18510,1948,1256,908,1199,1160,888,699,644,833,343,1370,1363,959,1057,591,287,304,1123,812,766,44773,13243,0,13243,0,1,209,0,122,600,474,93,951,267,1311,1280,929,1039,1239,954,748,694,1400,932,31530,7036,24494,2935,1356,2477,2225,3099,1942,1328,1034,1368,1230,1586,722,338,919,534,107,486,167,116,525,28301,38870,55046,21660,21049,41477,12700
ACSSF,2011e1,co,000,0095,0000109,88751,43276,15686,0,15686,0,43,121,102,629,205,636,842,762,182,1226,2025,1631,764,809,1023,756,548,1562,1820,27590,4469,23121,2477,1740,1756,2367,1909,1627,1517,1107,1239,1236,1899,677,533,791,245,412,631,311,400,247,45475,13883,0,13883,100,68,0,36,781,617,491,851,1067,805,1721,1776,898,1034,800,915,466,466,592,399,31592,5509,26083,3770,1511,3072,4075,2774,1855,1137,1418,1905,987,903,916,381,298,411,206,163,181,91,29,19853,23072,37222,14515,17033,30743,10553
ACSSF,2011e1,co,000,0095,0000110,161356,79308,41945,0,41945,0,394,0,592,474,406,629,1611,1146,940,1427,2883,2437,4032,1582,4175,4047,4485,4544,6141,37363,8962,28401,3972,1478,1495,2071,2262,1528,1287,1568,1454,1263,1430,2121,1348,961,811,880,656,464,599,753,82048,33059,0,33059,0,0,99,240,600,619,873,797,841,914,2647,3076,2808,3096,3157,2404,2585,2337,4113,1853,48989,10820,38169,5697,1692,4136,4282,4024,3106,1933,939,3001,1537,1959,2369,756,585,192,552,444,143,405,417,31338,38149,51766,17671,25199,44886,12036
ACSSF,2011e1,co,000,0095,0000111,55334,27490,13388,0,13388,0,0,158,0,154,317,763,408,709,75,1104,1676,486,1582,372,1743,788,806,1232,1015,14102,2011,12091,823,605,710,862,1029,811,974,484,1726,495,659,792,656,72,236,332,322,98,321,84,27844,8990,0,8990,0,0,58,0,489,307,28,226,288,372,1195,2294,844,1005,504,476,469,59,331,45,18854,5541,13313,1547,917,967,1478,1933,721,957,671,664,1270,858,578,179,181,42,0,95,77,29,149,24881,29510,41692,18696,22239,32835,12260
