ACSSF,2011e1,co,000,0007,0000001,5116796,1556,225,154,248152,20390,1614,1163,1821,3609,2758,496,1361,3888,3680,1682,197,2004,9281,1463,4113,1177,17576,2475,1093,6284,0,326,4514,0,21073,5703,25400,54689,8182,349375,517,81247,6731,85772,20205,766100,359,15564,89,12053,888,3417,367587,1560,203784,2728,5149,371,202,98,246,8521,70458,883,85559,4245,4186,35439,13246,47754,86845,1820,2782,4865,4696,0,29005,60,6653,1246,0,191,664,0,67,1809,1861,1056,0,0,13867,1531,78951,14847,1488,7777,22423,5405,0,40,0,0,63,135,571,3738,224,0,634,0,5375,1662336,556139,5116796,248152,20390,17576,21073,25400,54689,349375,81247,85772,20205,766100,15564,12053,367587,203784,5149,70458,85559,4245,35439,47754,86845,4865,29005,78951,14847,7777,22423,5405,1772968,556139
ACSSF,2011e1,co,000,0007,0000002,3957683,784,225,0,176165,15161,1613,1151,437,3195,758,445,912,2970,3680,1225,197,1653,5803,1084,3124,1172,13251,994,1093,5360,0,182,3059,0,16491,4041,20236,40805,7405,261311,476,65304,5384,66068,14150,559725,243,13339,89,9544,819,3263,282808,1260,157447,1378,4320,371,202,77,35,6856,53199,478,64177,2826,3443,28758,10176,37816,59522,1417,2375,3835,2453,0,26381,60,6644,1246,0,191,664,0,67,1809,1621,1056,0,0,11587,1436,56354,10171,1334,6059,16330,5175,0,40,0,0,63,42,571,3726,141,0,592,0,4504,1369609,417312,3957683,176165,15161,13251,16491,20236,40805,261311,65304,66068,14150,559725,13339,9544,282808,157447,4320,53199,64177,2826,28758,37816,59522,3835,26381,56354,10171,6059,16330,5175,1453643,417312
ACSSF,2011e1,co,000,0007,0000003,,,,,,,,,,,,,,,,,,,,,,,,,,,,,,,,,,,,,,,,,,,,,,,,,,,,,,,,,,,,,,,,,,,,,,,,,,,,,,,,,,,,,,,,,,,,,,,,,,,,,,,,,,,,,,1159113,71987,5229,4325,4582,5164,13884,88064,15943,19704,6055,206375,2225,2509,84779,46337,829,17259,21382,1419,6681,9938,27323,1030,2624,22597,4676,1718,6093,230,319325,138827
ACSSF,2011e1,co,000,0007,0000004,4709563,1556,225,154,224281,19961,1613,1163,1821,3435,2758,496,1318,3882,3475,1640,197,1889,7084,1128,3958,1172,16771,2475,1093,5947,0,313,4308,0,19468,5208,22682,50679,8125,317960,476,75276,6505,77567,18904,701016,359,14256,89,11472,888,3417,335474,1560,189900,2728,4905,371,202,98,35,7807,63573,842,79992,4001,3925,32666,11965,42987,77551,1600,2631,4650,4375,0,28866,60,6644,1246,0,191,664,0,67,1809,1802,1056,0,0,13796,1531,72831,13449,1488,7542,20375,5351,0,40,0,0,63,135,571,3726,224,0,592,0,5366,1543986,507972,4709563,224281,19961,16771,19468,22682,50679,317960,75276,77567,18904,701016,14256,11472,335474,189900,4905,63573,79992,4001,32666,42987,77551,4650,28866,72831,13449,7542,20375,5351,1647185,507972
ACSSF,2011e1,co,000,0007,0000005,4432039,1521,225,154,212591,19755,1613,1151,1821,3292,2758,445,1318,3882,3475,1640,197,1465,6855,1011,3560,1172,16148,1478,657,5676,0,239,4214,0,19128,4700,21904,47293,7987,296369,476,73487,6104,72722,17294,656575,251,13897,89,11315,888,3417,311852,1560,178731,2554,4721,371,202,98,35,7765,59947,731,76656,3492,3908,31226,11634,40637,73269,1600,2631,4515,3876,0,28102,60,6644,1246,0,191,664,0,67,1307,1802,1056,0,0,13534,1531,68503,12308,1414,7190,19527,5351,0,40,0,0,63,135,571,3726,224,0,592,0,4664,1461532,468983,4432039,212591,19755,16148,19128,21904,47293,296369,73487,72722,17294,656575,13897,11315,311852,178731,4721,59947,76656,3492,31226,40637,73269,4515,28102,68503,12308,7190,19527,5351,1558551,468983
ACSSF,2011e1,co,000,0007,0000006,2011423,794,44,0,79481,10921,1109,585,435,1400,2390,310,476,2201,2015,925,81,734,2423,427,1615,644,7430,867,657,2143,0,97,2523,0,6972,1881,7561,20128,3648,116119,256,36481,2685,29537,7195,255018,70,7277,89,5114,435,1481,128554,1253,77124,1337,2624,371,120,34,35,4259,27004,176,30752,1736,2362,14593,4588,18239,25929,812,750,1648,1264,0,18231,60,5752,930,0,191,383,0,67,1253,363,438,0,0,7365,1429,27844,5232,534,2938,9474,3316,0,40,0,0,63,0,385,2322,44,0,462,0,1867,778933,203737,2011423,79481,10921,7430,6972,7561,20128,116119,36481,29537,7195,255018,7277,5114,128554,77124,2624,27004,30752,1736,14593,18239,25929,1648,18231,27844,5232,2938,9474,3316,823214,203737
ACSSF,2011e1,co,000,0007,0000007,2420616,727,181,154,133110,8834,504,566,1386,1892,368,135,842,1681,1460,715,116,731,4432,584,1945,528,8718,611,0,3533,0,142,1691,0,12156,2819,14343,27165,4339,180250,220,37006,3419,43185,10099,401557,181,6620,0,6201,453,1936,183298,307,101607,1217,2097,0,82,64,0,3506,32943,555,45904,1756,1546,16633,7046,22398,47340,788,1881,2867,2612,0,9871,0,892,316,0,0,281,0,0,54,1439,618,0,0,6169,102,40659,7076,880,4252,10053,2035,0,0,0,0,0,135,186,1404,180,0,130,0,2797,682599,265246,2420616,133110,8834,8718,12156,14343,27165,180250,37006,43185,10099,401557,6620,6201,183298,101607,2097,32943,45904,1756,16633,22398,47340,2867,9871,40659,7076,4252,10053,2035,735337,265246
ACSSF,2011e1,co,000,0007,0000008,,,,,,,,,,,,,,,,,,,,,,,,,,,,,,,,,,,,,,,,,,,,,,,,,,,,,,,,,,,,,,,,,,,,,,,,,,,,,,,,,,,,,,,,,,,,,,,,,,,,,,,,,,,,,,277524,11690,206,623,340,778,3386,21591,1789,4845,1610,44441,359,157,23622,11169,184,3626,3336,509,1440,2350,4282,135,764,4328,1141,352,848,0,88634,38989
ACSSF,2011e1,co,000,0007,0000009,,,,,,,,,,,,,,,,,,,,,,,,,,,,,,,,,,,,,,,,,,,,,,,,,,,,,,,,,,,,,,,,,,,,,,,,,,,,,,,,,,,,,,,,,,,,,,,,,,,,,,,,,,,,,,92059,4679,112,140,130,129,1043,7278,751,2522,309,12994,172,97,7760,5515,57,1241,770,0,309,483,1897,0,502,1103,128,0,389,0,30781,10768
ACSSF,2011e1,co,000,0007,0000010,,,,,,,,,,,,,,,,,,,,,,,,,,,,,,,,,,,,,,,,,,,,,,,,,,,,,,,,,,,,,,,,,,,,,,,,,,,,,,,,,,,,,,,,,,,,,,,,,,,,,,,,,,,,,,185465,7011,94,483,210,649,2343,14313,1038,2323,1301,31447,187,60,15862,5654,127,2385,2566,509,1131,1867,2385,135,262,3225,1013,352,459,0,57853,28221
ACSSF,2011e1,co,000,0007,0000011,,,,,,,,,,,,,,,,,,,,,,,,,,,,,,,,,,,,,,,,,,,,,,,,,,,,,,,,,,,,,,,,,,,,,,,,,,,,,,,,,,,,,,,,,,,,,,,,,,,,,,,,,,,,,,407233,23871,429,805,1605,2718,4010,31415,5971,8205,1301,65084,1308,581,32113,13884,244,6885,5567,244,2773,4767,9294,215,139,6120,1398,235,2048,54,125783,48167
ACSSF,2011e1,co,000,0007,0000012,,,,,,,,,,,,,,,,,,,,,,,,,,,,,,,,,,,,,,,,,,,,,,,,,,,,,,,,,,,,,,,,,,,,,,,,,,,,,,,,,,,,,,,,,,,,,,,,,,,,,,,,,,,,,,684757,35561,635,1428,1945,3496,7396,53006,7760,13050,2911,109525,1667,738,55735,25053,428,10511,8903,753,4213,7117,13576,350,903,10448,2539,587,2896,54,214417,87156
ACSSF,2011e1,co,000,0007,0000013,,,,,,,,,,,,,,,,,,,,,,,,,,,,,,,,,,,,,,,,,,,,,,,,,,,,,,,,,,,,,,,,,,,,,,,,,,,,,,,,,,,,,,,,,,,,,,,,,,,,,,,,,,,,,,451443,26338,711,811,1287,1354,3920,19353,6103,4675,516,48150,785,951,23117,14612,192,3997,6441,200,1772,1949,4201,85,3709,4735,1189,1020,1374,134,224414,43348
ACSSF,2011e1,co,000,0007,0000014,,,,,,,,,,,,,,,,,,,,,,,,,,,,,,,,,,,,,,,,,,,,,,,,,,,,,,,,,,,,,,,,,,,,,,,,,,,,,,,,,,,,,,,,,,,,,,,,,,,,,,,,,,,,,,584948,20380,4621,2422,1576,2505,6746,42947,7690,7874,1921,79653,2027,1347,37789,17076,1011,9240,7777,355,6910,4465,8376,665,10730,6412,1259,1469,1519,3352,233440,51394
ACSSF,2011e1,co,000,0007,0000015,,,,,,,,,,,,,,,,,,,,,,,,,,,,,,,,,,,,,,,,,,,,,,,,,,,,,,,,,,,,,,,,,,,,,,,,,,,,,,,,,,,,,,,,,,,,,,,,,,,,,,,,,,,,,,299378,10358,665,1441,1384,1436,5248,25893,8615,6920,1848,45278,1319,1623,26832,12919,1160,4227,9024,127,3341,3061,5527,394,589,5111,884,660,1883,79,86746,24786
ACSSF,2011e1,co,000,0007,0000016,619968,0,44,0,16806,3502,428,0,119,426,203,23,100,1131,1072,62,0,142,714,0,780,218,2485,204,212,802,0,0,643,0,1911,399,1238,5478,692,30273,62,11607,548,6407,2007,58325,0,2644,89,1593,28,708,42071,746,21404,0,250,0,51,0,35,1327,7200,0,10778,563,974,5058,1372,4993,5753,345,273,187,462,0,8031,0,2278,310,0,0,147,0,67,1253,363,0,0,0,3254,359,6678,1508,205,1186,2495,152,0,0,0,0,63,0,48,41,0,0,0,0,433,292831,51984,619968,16806,3502,2485,1911,1238,5478,30273,11607,6407,2007,58325,2644,1593,42071,21404,250,7200,10778,563,5058,4993,5753,187,8031,6678,1508,1186,2495,152,305401,51984
ACSSF,2011e1,co,000,0007,0000017,,,,,,,,,,,,,,,,,,,,,,,,,,,,,,,,,,,,,,,,,,,,,,,,,,,,,,,,,,,,,,,,,,,,,,,,,,,,,,,,,,,,,,,,,,,,,,,,,,,,,,,,,,,,,,292167,16558,3347,1001,1523,1776,2920,25388,4725,6530,1769,52973,1479,799,27362,17517,329,4907,7559,279,1884,2369,5804,643,1161,7161,697,49,1082,0,64547,28029
ACSSF,2011e1,co,000,0007,0000018,,,,,,,,,,,,,,,,,,,,,,,,,,,,,,,,,,,,,,,,,,,,,,,,,,,,,,,,,,,,,,,,,,,,,,,,,,,,,,,,,,,,,,,,,,,,,,,,,,,,,,,,,,,,,,636963,40026,3965,2334,2639,2058,7714,38624,10030,11587,2174,99575,2181,1706,46665,25368,575,9045,9531,689,3196,6049,12467,931,1182,8174,2018,554,4620,813,208908,71565
ACSSF,2011e1,co,000,0007,0000019,,,,,,,,,,,,,,,,,,,,,,,,,,,,,,,,,,,,,,,,,,,,,,,,,,,,,,,,,,,,,,,,,,,,,,,,,,,,,,,,,,,,,,,,,,,,,,,,,,,,,,,,,,,,,,539884,25580,1346,2830,4654,4095,4865,43931,9280,10090,2023,97859,1671,1610,42880,26503,529,7885,11368,239,3845,6405,10370,925,1499,10981,1411,1322,2180,523,143412,57773
ACSSF,2011e1,co,000,0007,0000020,,,,,,,,,,,,,,,,,,,,,,,,,,,,,,,,,,,,,,,,,,,,,,,,,,,,,,,,,,,,,,,,,,,,,,,,,,,,,,,,,,,,,,,,,,,,,,,,,,,,,,,,,,,,,,305525,12921,984,1188,2568,2010,3632,26291,7855,7758,1262,61073,1018,656,22332,13895,235,5384,4919,283,2028,3498,6081,257,376,7515,1360,539,1840,52,61992,43723
ACSSF,2011e1,co,000,0007,0000021,,,,,,,,,,,,,,,,,,,,,,,,,,,,,,,,,,,,,,,,,,,,,,,,,,,,,,,,,,,,,,,,,,,,,,,,,,,,,,,,,,,,,,,,,,,,,,,,,,,,,,,,,,,,,,147083,12669,151,561,514,958,2367,13757,1817,2529,510,22172,0,53,10656,4625,0,1924,1050,369,567,3799,2869,109,167,2318,655,0,958,40,38545,20374
ACSSF,2011e1,co,000,0007,0000022,,,,,,,,,,,,,,,,,,,,,,,,,,,,,,,,,,,,,,,,,,,,,,,,,,,,,,,,,,,,,,,,,,,,,,,,,,,,,,,,,,,,,,,,,,,,,,,,,,,,,,,,,,,,,,160545,6601,224,836,69,1071,710,6102,1741,1635,635,17760,256,220,7040,11369,73,1299,1315,118,319,1082,1984,99,224,1742,122,0,352,206,76815,18526
ACSSF,2011e1,co,000,0007,0000023,,,,,,,,,,,,,,,,,,,,,,,,,,,,,,,,,,,,,,,,,,,,,,,,,,,,,,,,,,,,,,,,,,,,,,,,,,,,,,,,,,,,,,,,,,,,,,,,,,,,,,,,,,,,,,258638,14794,83,86,651,2541,2199,12999,2289,2219,1343,45769,256,524,13621,6841,45,3339,4003,104,1139,1392,7523,63,94,4716,394,327,571,0,87577,41136
ACSSF,2011e1,co,000,0007,0000024,,,,,,,,,,,,,,,,,,,,,,,,,,,,,,,,,,,,,,,,,,,,,,,,,,,,,,,,,,,,,,,,,,,,,,,,,,,,,,,,,,,,,,,,,,,,,,,,,,,,,,,,,,,,,,107326,5326,75,364,945,649,1022,8929,2031,1418,333,19813,255,192,9481,6801,258,796,2041,65,828,599,1590,130,532,1591,177,244,485,51,26707,13598
ACSSF,2011e1,co,000,0007,0000025,,,,,,,,,,,,,,,,,,,,,,,,,,,,,,,,,,,,,,,,,,,,,,,,,,,,,,,,,,,,,,,,,,,,,,,,,,,,,,,,,,,,,,,,,,,,,,,,,,,,,,,,,,,,,,332551,9563,2098,908,386,966,1939,16555,2903,3519,1104,33016,1088,743,13479,6504,821,4342,2944,15,3174,2145,3137,306,8131,3458,671,555,864,2247,178672,26298
ACSSF,2011e1,co,000,0007,0000026,,,,,,,,,,,,,,,,,,,,,,,,,,,,,,,,,,,,,,,,,,,,,,,,,,,,,,,,,,,,,,,,,,,,,,,,,,,,,,,,,,,,,,,,,,,,,,,,,,,,,,,,,,,,,,98903,2079,469,715,364,424,1610,8199,3270,3319,393,14730,601,1002,9366,4448,695,1494,3231,93,1671,1239,1355,126,246,2178,444,212,609,0,25858,8463
ACSSF,2011e1,co,000,0007,0000027,,,,,,,,,,,,,,,,,,,,,,,,,,,,,,,,,,,,,,,,,,,,,,,,,,,,,,,,,,,,,,,,,,,,,,,,,,,,,,,,,,,,,,,,,,,,,,,,,,,,,,,,,,,,,,102621,4443,656,382,275,721,1843,10420,1187,2168,191,19798,0,243,8295,4636,151,1495,1814,38,1098,973,2136,275,1812,1449,267,333,148,44,25148,10182
ACSSF,2011e1,co,000,0007,0000028,,,,,,,,,,,,,,,,,,,,,,,,,,,,,,,,,,,,,,,,,,,,,,,,,,,,,,,,,,,,,,,,,,,,,,,,,,,,,,,,,,,,,,,,,,,,,,,,,,,,,,,,,,,,,,426406,25511,3666,1729,1662,900,5705,26253,8072,6034,1965,64236,1746,822,29346,17001,413,5760,6434,352,2389,4671,8156,566,853,4942,1437,434,3979,619,142534,48219
ACSSF,2011e1,co,000,0007,0000029,619968,0,44,0,16806,3502,428,0,119,426,203,23,100,1131,1072,62,0,142,714,0,780,218,2485,204,212,802,0,0,643,0,1911,399,1238,5478,692,30273,62,11607,548,6407,2007,58325,0,2644,89,1593,28,708,42071,746,21404,0,250,0,51,0,35,1327,7200,0,10778,563,974,5058,1372,4993,5753,345,273,187,462,0,8031,0,2278,310,0,0,147,0,67,1253,363,0,0,0,3254,359,6678,1508,205,1186,2495,152,0,0,0,0,63,0,48,41,0,0,0,0,433,292831,51984,619968,16806,3502,2485,1911,1238,5478,30273,11607,6407,2007,58325,2644,1593,42071,21404,250,7200,10778,563,5058,4993,5753,187,8031,6678,1508,1186,2495,152,305401,51984
ACSSF,2011e1,co,000,0007,0000030,,,,,,,,,,,,,,,,,,,,,,,,,,,,,,,,,,,,,,,,,,,,,,,,,,,,,,,,,,,,,,,,,,,,,,,,,,,,,,,,,,,,,,,,,,,,,,,,,,,,,,,,,,,,,,146777,4764,984,805,1407,836,2001,12040,4135,3661,589,25340,665,345,11798,9029,101,3023,2559,144,1089,1781,3269,192,376,4728,267,193,352,52,31161,19091
ACSSF,2011e1,co,000,0007,0000031,,,,,,,,,,,,,,,,,,,,,,,,,,,,,,,,,,,,,,,,,,,,,,,,,,,,,,,,,,,,,,,,,,,,,,,,,,,,,,,,,,,,,,,,,,,,,,,,,,,,,,,,,,,,,,94966,4711,0,0,188,1722,683,5209,724,1339,221,13169,38,223,5284,1732,0,1561,420,0,271,531,1184,0,0,965,185,0,288,0,41548,12770
ACSSF,2011e1,co,000,0007,0000032,,,,,,,,,,,,,,,,,,,,,,,,,,,,,,,,,,,,,,,,,,,,,,,,,,,,,,,,,,,,,,,,,,,,,,,,,,,,,,,,,,,,,,,,,,,,,,,,,,,,,,,,,,,,,,109365,4505,2075,163,435,484,1559,11480,1781,1953,663,17623,722,269,9273,7046,276,1727,2816,190,1202,907,1979,643,485,2715,541,0,604,0,25307,9942
ACSSF,2011e1,co,000,0007,0000033,,,,,,,,,,,,,,,,,,,,,,,,,,,,,,,,,,,,,,,,,,,,,,,,,,,,,,,,,,,,,,,,,,,,,,,,,,,,,,,,,,,,,,,,,,,,,,,,,,,,,,,,,,,,,,144414,5109,390,328,894,910,1512,11023,1577,2825,480,25455,295,258,10633,6881,116,2491,2306,0,870,1828,2285,177,136,3160,644,227,398,466,45296,15444
ACSSF,2011e1,co,000,0007,0000034,,,,,,,,,,,,,,,,,,,,,,,,,,,,,,,,,,,,,,,,,,,,,,,,,,,,,,,,,,,,,,,,,,,,,,,,,,,,,,,,,,,,,,,,,,,,,,,,,,,,,,,,,,,,,,87695,2600,0,292,443,566,1961,7139,1663,1326,1165,12358,72,0,7512,3711,60,752,821,0,121,855,1350,146,0,1306,55,37,557,0,33530,7297
ACSSF,2011e1,co,000,0007,0000035,,,,,,,,,,,,,,,,,,,,,,,,,,,,,,,,,,,,,,,,,,,,,,,,,,,,,,,,,,,,,,,,,,,,,,,,,,,,,,,,,,,,,,,,,,,,,,,,,,,,,,,,,,,,,,68203,3294,0,215,379,462,878,5249,2780,1217,245,15754,146,87,5486,2278,0,1170,1260,0,144,467,847,65,0,1903,72,294,298,0,12944,10269
ACSSF,2011e1,co,000,0007,0000036,,,,,,,,,,,,,,,,,,,,,,,,,,,,,,,,,,,,,,,,,,,,,,,,,,,,,,,,,,,,,,,,,,,,,,,,,,,,,,,,,,,,,,,,,,,,,,,,,,,,,,,,,,,,,,107584,4146,176,381,34,246,230,3325,1116,1271,329,9733,256,155,3166,7975,73,953,1126,118,169,320,853,99,87,768,32,0,168,206,57778,12295
ACSSF,2011e1,co,000,0007,0000037,,,,,,,,,,,,,,,,,,,,,,,,,,,,,,,,,,,,,,,,,,,,,,,,,,,,,,,,,,,,,,,,,,,,,,,,,,,,,,,,,,,,,,,,,,,,,,,,,,,,,,,,,,,,,,121449,9564,152,131,437,184,866,6785,1906,1948,0,17589,352,199,8924,3666,0,1156,2125,93,0,465,1315,0,817,1311,187,0,181,83,49311,11702
ACSSF,2011e1,co,000,0007,0000038,,,,,,,,,,,,,,,,,,,,,,,,,,,,,,,,,,,,,,,,,,,,,,,,,,,,,,,,,,,,,,,,,,,,,,,,,,,,,,,,,,,,,,,,,,,,,,,,,,,,,,,,,,,,,,107950,5153,560,530,2420,445,967,5990,3170,1436,423,15526,48,282,5983,7301,36,1275,2143,63,468,747,1478,41,379,1576,137,513,305,0,39476,9079
ACSSF,2011e1,co,000,0007,0000039,,,,,,,,,,,,,,,,,,,,,,,,,,,,,,,,,,,,,,,,,,,,,,,,,,,,,,,,,,,,,,,,,,,,,,,,,,,,,,,,,,,,,,,,,,,,,,,,,,,,,,,,,,,,,,98903,2079,469,715,364,424,1610,8199,3270,3319,393,14730,601,1002,9366,4448,695,1494,3231,93,1671,1239,1355,126,246,2178,444,212,609,0,25858,8463
ACSSF,2011e1,co,000,0007,0000040,,,,,,,,,,,,,,,,,,,,,,,,,,,,,,,,,,,,,,,,,,,,,,,,,,,,,,,,,,,,,,,,,,,,,,,,,,,,,,,,,,,,,,,,,,,,,,,,,,,,,,,,,,,,,,426406,25511,3666,1729,1662,900,5705,26253,8072,6034,1965,64236,1746,822,29346,17001,413,5760,6434,352,2389,4671,8156,566,853,4942,1437,434,3979,619,142534,48219
ACSSF,2011e1,co,000,0007,0000041,,,,,,,,,,,,,,,,,,,,,,,,,,,,,,,,,,,,,,,,,,,,,,,,,,,,,,,,,,,,,,,,,,,,,,,,,,,,,,,,,,,,,,,,,,,,,,,,,,,,,,,,,,,,,,332551,9563,2098,908,386,966,1939,16555,2903,3519,1104,33016,1088,743,13479,6504,821,4342,2944,15,3174,2145,3137,306,8131,3458,671,555,864,2247,178672,26298
ACSSF,2011e1,co,000,0007,0000042,619968,0,44,0,16806,3502,428,0,119,426,203,23,100,1131,1072,62,0,142,714,0,780,218,2485,204,212,802,0,0,643,0,1911,399,1238,5478,692,30273,62,11607,548,6407,2007,58325,0,2644,89,1593,28,708,42071,746,21404,0,250,0,51,0,35,1327,7200,0,10778,563,974,5058,1372,4993,5753,345,273,187,462,0,8031,0,2278,310,0,0,147,0,67,1253,363,0,0,0,3254,359,6678,1508,205,1186,2495,152,0,0,0,0,63,0,48,41,0,0,0,0,433,292831,51984,619968,16806,3502,2485,1911,1238,5478,30273,11607,6407,2007,58325,2644,1593,42071,21404,250,7200,10778,563,5058,4993,5753,187,8031,6678,1508,1186,2495,152,305401,51984
ACSSF,2011e1,co,000,0007,0000043,,,,,,,,,,,,,,,,,,,,,,,,,,,,,,,,,,,,,,,,,,,,,,,,,,,,,,,,,,,,,,,,,,,,,,,,,,,,,,,,,,,,,,,,,,,,,,,,,,,,,,,,,,,,,,146777,4764,984,805,1407,836,2001,12040,4135,3661,589,25340,665,345,11798,9029,101,3023,2559,144,1089,1781,3269,192,376,4728,267,193,352,52,31161,19091
ACSSF,2011e1,co,000,0007,0000044,,,,,,,,,,,,,,,,,,,,,,,,,,,,,,,,,,,,,,,,,,,,,,,,,,,,,,,,,,,,,,,,,,,,,,,,,,,,,,,,,,,,,,,,,,,,,,,,,,,,,,,,,,,,,,68203,3294,0,215,379,462,878,5249,2780,1217,245,15754,146,87,5486,2278,0,1170,1260,0,144,467,847,65,0,1903,72,294,298,0,12944,10269
ACSSF,2011e1,co,000,0007,0000045,,,,,,,,,,,,,,,,,,,,,,,,,,,,,,,,,,,,,,,,,,,,,,,,,,,,,,,,,,,,,,,,,,,,,,,,,,,,,,,,,,,,,,,,,,,,,,,,,,,,,,,,,,,,,,94966,4711,0,0,188,1722,683,5209,724,1339,221,13169,38,223,5284,1732,0,1561,420,0,271,531,1184,0,0,965,185,0,288,0,41548,12770
ACSSF,2011e1,co,000,0007,0000046,,,,,,,,,,,,,,,,,,,,,,,,,,,,,,,,,,,,,,,,,,,,,,,,,,,,,,,,,,,,,,,,,,,,,,,,,,,,,,,,,,,,,,,,,,,,,,,,,,,,,,,,,,,,,,107584,4146,176,381,34,246,230,3325,1116,1271,329,9733,256,155,3166,7975,73,953,1126,118,169,320,853,99,87,768,32,0,168,206,57778,12295
ACSSF,2011e1,co,000,0007,0000047,680107,0,44,0,18827,3548,428,0,119,426,203,23,100,1177,1072,62,0,142,840,35,780,218,2647,204,212,921,0,0,867,0,2571,440,1453,6806,692,35459,62,12944,659,7265,2145,64900,0,2789,89,1941,28,967,47167,746,23099,264,250,0,51,0,35,1360,8456,0,11702,598,994,5850,1478,5548,6720,419,273,187,462,0,8667,0,2596,310,0,0,147,0,67,1253,363,0,0,0,3572,359,7256,1602,205,1248,2753,1213,0,0,0,0,63,42,234,874,0,0,0,0,433,312428,58086,680107,18827,3548,2647,2571,1453,6806,35459,12944,7265,2145,64900,2789,1941,47167,23099,250,8456,11702,598,5850,5548,6720,187,8667,7256,1602,1248,2753,1213,326410,58086
ACSSF,2011e1,co,000,0007,0000048,,,,,,,,,,,,,,,,,,,,,,,,,,,,,,,,,,,,,,,,,,,,,,,,,,,,,,,,,,,,,,,,,,,,,,,,,,,,,,,,,,,,,,,,,,,,,,,,,,,,,,,,,,,,,,740269,38838,1531,2387,4291,2572,8258,54019,15204,13532,1878,109100,2054,2691,54043,35569,1566,9132,18600,874,7143,5522,12422,416,2598,13055,1987,2104,2349,79,241545,74910
ACSSF,2011e1,co,000,0007,0000049,,,,,,,,,,,,,,,,,,,,,,,,,,,,,,,,,,,,,,,,,,,,,,,,,,,,,,,,,,,,,,,,,,,,,,,,,,,,,,,,,,,,,,,,,,,,,,,,,,,,,,,,,,,,,,705110,42268,920,1918,1845,4552,7104,52120,9787,12405,2320,96826,1678,988,52015,30956,290,10260,8452,739,3029,9355,13478,400,462,9774,2674,240,3393,288,238734,85840
ACSSF,2011e1,co,000,0007,0000050,,,,,,,,,,,,,,,,,,,,,,,,,,,,,,,,,,,,,,,,,,,,,,,,,,,,,,,,,,,,,,,,,,,,,,,,,,,,,,,,,,,,,,,,,,,,,,,,,,,,,,,,,,,,,,740121,35322,1126,1883,4064,5376,8640,50342,11989,12963,4401,139782,1364,971,49631,25240,340,10290,9895,411,3128,6735,15320,524,963,13546,2050,640,3402,52,216560,103171
ACSSF,2011e1,co,000,0007,0000051,,,,,,,,,,,,,,,,,,,,,,,,,,,,,,,,,,,,,,,,,,,,,,,,,,,,,,,,,,,,,,,,,,,,,,,,,,,,,,,,,,,,,,,,,,,,,,,,,,,,,,,,,,,,,,738236,45108,3965,2556,2901,2759,8782,45923,10683,15291,3730,117178,2348,1788,56782,29385,714,10465,10598,785,3489,7513,14383,1031,1444,9749,2367,584,5131,825,233669,86310
ACSSF,2011e1,co,000,0007,0000052,,,,,,,,,,,,,,,,,,,,,,,,,,,,,,,,,,,,,,,,,,,,,,,,,,,,,,,,,,,,,,,,,,,,,,,,,,,,,,,,,,,,,,,,,,,,,,,,,,,,,,,,,,,,,,816759,42491,5620,4255,2713,5424,9275,74520,13689,14164,3432,149741,3153,1975,68293,36893,1317,13572,18108,688,8143,6883,16615,1440,4510,15468,2212,1134,3297,357,207334,80043
ACSSF,2011e1,co,000,0007,0000053,,,,,,,,,,,,,,,,,,,,,,,,,,,,,,,,,,,,,,,,,,,,,,,,,,,,,,,,,,,,,,,,,,,,,,,,,,,,,,,,,,,,,,,,,,,,,,,,,,,,,,,,,,,,,,696194,25298,3680,1930,2688,3264,5824,36992,6951,10152,2299,88573,2178,1699,39656,22642,672,8283,8204,150,4657,6198,7907,867,10361,10103,1955,1827,2098,2591,308716,67779
ACSSF,2011e1,co,000,0007,0000054,,,,,,,,,,,,,,,,,,,,,,,,,,,,,,,,,,,,,,,,,,,,,,,,,,,,,,,,,,,,,,,,,,,,,,,,,,,,,,,,,,,,,,,,,,,,,,,,,,,,,,,,,,,,,,118417,7240,53,241,836,744,798,12706,2257,2309,578,15598,926,166,9873,2803,31,2931,2666,90,1563,1152,3266,30,0,1354,352,173,566,0,33260,13855
ACSSF,2011e1,co,000,0007,0000055,,,,,,,,,,,,,,,,,,,,,,,,,,,,,,,,,,,,,,,,,,,,,,,,,,,,,,,,,,,,,,,,,,,,,,,,,,,,,,,,,,,,,,,,,,,,,,,,,,,,,,,,,,,,,,156462,7506,306,383,739,1065,1531,13321,3820,3918,369,35717,353,311,10802,6069,134,1664,2360,139,345,1661,3028,65,0,2593,1093,346,1275,0,32371,23178
ACSSF,2011e1,co,000,0007,0000056,,,,,,,,,,,,,,,,,,,,,,,,,,,,,,,,,,,,,,,,,,,,,,,,,,,,,,,,,,,,,,,,,,,,,,,,,,,,,,,,,,,,,,,,,,,,,,,,,,,,,,,,,,,,,,144424,12554,151,551,514,958,2345,13539,1751,2363,510,21499,0,53,10195,4578,0,1856,1038,369,567,3748,2816,109,167,2272,655,0,911,40,38064,20251
ACSSF,2011e1,co,000,0007,0000057,,,,,,,,,,,,,,,,,,,,,,,,,,,,,,,,,,,,,,,,,,,,,,,,,,,,,,,,,,,,,,,,,,,,,,,,,,,,,,,,,,,,,,,,,,,,,,,,,,,,,,,,,,,,,,135411,4374,678,805,1407,836,2001,10183,3787,3494,589,23229,665,345,10976,7420,101,3023,2559,144,1089,1687,2408,192,376,4707,267,193,352,52,28641,18831
ACSSF,2011e1,co,000,0007,0000058,,,,,,,,,,,,,,,,,,,,,,,,,,,,,,,,,,,,,,,,,,,,,,,,,,,,,,,,,,,,,,,,,,,,,,,,,,,,,,,,,,,,,,,,,,,,,,,,,,,,,,,,,,,,,,258638,14794,83,86,651,2541,2199,12999,2289,2219,1343,45769,256,524,13621,6841,45,3339,4003,104,1139,1392,7523,63,94,4716,394,327,571,0,87577,41136
ACSSF,2011e1,co,000,0007,0000059,,,,,,,,,,,,,,,,,,,,,,,,,,,,,,,,,,,,,,,,,,,,,,,,,,,,,,,,,,,,,,,,,,,,,,,,,,,,,,,,,,,,,,,,,,,,,,,,,,,,,,,,,,,,,,139863,7457,59,298,402,636,976,7612,1156,1696,840,31530,18,23,8940,2678,0,1400,1036,24,1152,1110,1715,176,570,2490,344,0,673,0,45089,19763
ACSSF,2011e1,co,000,0007,0000060,,,,,,,,,,,,,,,,,,,,,,,,,,,,,,,,,,,,,,,,,,,,,,,,,,,,,,,,,,,,,,,,,,,,,,,,,,,,,,,,,,,,,,,,,,,,,,,,,,,,,,,,,,,,,,94324,2877,102,214,142,1126,385,5154,785,1421,214,12938,0,231,4918,4405,0,1122,457,29,269,641,1189,17,53,1334,622,13,974,42,43194,9456
ACSSF,2011e1,co,000,0007,0000061,,,,,,,,,,,,,,,,,,,,,,,,,,,,,,,,,,,,,,,,,,,,,,,,,,,,,,,,,,,,,,,,,,,,,,,,,,,,,,,,,,,,,,,,,,,,,,,,,,,,,,,,,,,,,,153952,6375,224,682,69,1071,710,5754,1646,1529,567,15605,256,155,6930,10807,73,1232,1276,118,319,1015,1984,99,224,1681,97,0,321,206,74936,17991
ACSSF,2011e1,co,000,0007,0000062,,,,,,,,,,,,,,,,,,,,,,,,,,,,,,,,,,,,,,,,,,,,,,,,,,,,,,,,,,,,,,,,,,,,,,,,,,,,,,,,,,,,,,,,,,,,,,,,,,,,,,,,,,,,,,169694,13078,173,156,612,645,2831,14042,2357,4549,698,25560,238,295,16554,6121,186,3067,2194,95,559,2190,3076,111,0,3003,899,35,683,0,43403,22284
ACSSF,2011e1,co,000,0007,0000063,,,,,,,,,,,,,,,,,,,,,,,,,,,,,,,,,,,,,,,,,,,,,,,,,,,,,,,,,,,,,,,,,,,,,,,,,,,,,,,,,,,,,,,,,,,,,,,,,,,,,,,,,,,,,,140211,4824,248,461,151,159,1818,13306,1713,1912,566,22782,387,88,12566,7833,91,2076,2256,419,1829,1825,4419,58,18,2352,390,336,233,0,38812,16283
ACSSF,2011e1,co,000,0007,0000064,,,,,,,,,,,,,,,,,,,,,,,,,,,,,,,,,,,,,,,,,,,,,,,,,,,,,,,,,,,,,,,,,,,,,,,,,,,,,,,,,,,,,,,,,,,,,,,,,,,,,,,,,,,,,,112600,5688,217,1172,509,563,1302,11132,3433,2876,239,20901,103,775,9261,5301,0,1606,3380,0,1124,1255,2567,366,447,2965,197,622,518,6,20882,13193
ACSSF,2011e1,co,000,0007,0000065,,,,,,,,,,,,,,,,,,,,,,,,,,,,,,,,,,,,,,,,,,,,,,,,,,,,,,,,,,,,,,,,,,,,,,,,,,,,,,,,,,,,,,,,,,,,,,,,,,,,,,,,,,,,,,135595,4966,69,352,572,713,2849,11005,3210,1897,1398,20647,202,256,12280,5445,60,1268,2917,0,759,1152,2684,202,104,2289,235,60,879,0,46190,10935
ACSSF,2011e1,co,000,0007,0000066,,,,,,,,,,,,,,,,,,,,,,,,,,,,,,,,,,,,,,,,,,,,,,,,,,,,,,,,,,,,,,,,,,,,,,,,,,,,,,,,,,,,,,,,,,,,,,,,,,,,,,,,,,,,,,110740,2446,469,769,538,531,2109,9401,3594,3813,450,16237,601,1064,10622,5000,695,1630,3555,93,1814,1566,1612,126,246,2198,496,302,710,79,29090,8884
ACSSF,2011e1,co,000,0007,0000067,,,,,,,,,,,,,,,,,,,,,,,,,,,,,,,,,,,,,,,,,,,,,,,,,,,,,,,,,,,,,,,,,,,,,,,,,,,,,,,,,,,,,,,,,,,,,,,,,,,,,,,,,,,,,,126541,7714,268,227,809,798,1276,12208,2567,3408,196,21065,587,718,9657,7705,712,1915,5065,200,862,869,2293,39,544,2123,402,246,848,0,28353,12867
ACSSF,2011e1,co,000,0007,0000068,,,,,,,,,,,,,,,,,,,,,,,,,,,,,,,,,,,,,,,,,,,,,,,,,,,,,,,,,,,,,,,,,,,,,,,,,,,,,,,,,,,,,,,,,,,,,,,,,,,,,,,,,,,,,,115241,9258,444,486,2069,594,985,5343,2989,1260,227,15348,91,131,6621,6615,137,883,2712,107,389,641,1125,41,193,1246,41,325,341,0,45564,9035
ACSSF,2011e1,co,000,0007,0000069,,,,,,,,,,,,,,,,,,,,,,,,,,,,,,,,,,,,,,,,,,,,,,,,,,,,,,,,,,,,,,,,,,,,,,,,,,,,,,,,,,,,,,,,,,,,,,,,,,,,,,,,,,,,,,142037,9275,152,208,354,230,868,7427,1789,2163,0,18084,352,199,8961,4813,0,1723,1414,93,70,646,1615,0,917,1427,452,324,104,83,62148,16146
ACSSF,2011e1,co,000,0007,0000070,,,,,,,,,,,,,,,,,,,,,,,,,,,,,,,,,,,,,,,,,,,,,,,,,,,,,,,,,,,,,,,,,,,,,,,,,,,,,,,,,,,,,,,,,,,,,,,,,,,,,,,,,,,,,,155128,5761,0,371,142,588,1859,5942,1474,1590,367,13445,300,546,7059,3803,55,1004,937,0,1374,267,831,44,1946,1593,696,663,767,51,86325,15328
ACSSF,2011e1,co,000,0007,0000071,,,,,,,,,,,,,,,,,,,,,,,,,,,,,,,,,,,,,,,,,,,,,,,,,,,,,,,,,,,,,,,,,,,,,,,,,,,,,,,,,,,,,,,,,,,,,,,,,,,,,,,,,,,,,,190305,7955,902,939,467,764,660,12327,1639,1861,305,30193,233,528,12619,5447,463,2192,2729,125,1763,1211,2438,0,2264,2007,238,740,624,353,77548,18771
ACSSF,2011e1,co,000,0007,0000072,,,,,,,,,,,,,,,,,,,,,,,,,,,,,,,,,,,,,,,,,,,,,,,,,,,,,,,,,,,,,,,,,,,,,,,,,,,,,,,,,,,,,,,,,,,,,,,,,,,,,,,,,,,,,,110817,2835,616,447,30,210,1125,5266,1494,1229,433,9129,344,88,4008,2541,71,1460,903,0,1059,553,1058,168,2489,1361,188,245,167,1153,61191,8956
ACSSF,2011e1,co,000,0007,0000073,,,,,,,,,,,,,,,,,,,,,,,,,,,,,,,,,,,,,,,,,,,,,,,,,,,,,,,,,,,,,,,,,,,,,,,,,,,,,,,,,,,,,,,,,,,,,,,,,,,,,,,,,,,,,,114961,2200,580,219,234,303,570,4243,574,1249,507,7959,511,127,2885,1249,161,1368,876,0,1171,873,931,138,4272,696,270,152,197,741,73106,6599
ACSSF,2011e1,co,000,0007,0000074,,,,,,,,,,,,,,,,,,,,,,,,,,,,,,,,,,,,,,,,,,,,,,,,,,,,,,,,,,,,,,,,,,,,,,,,,,,,,,,,,,,,,,,,,,,,,,,,,,,,,,,,,,,,,,117606,6260,708,563,179,778,2784,13630,1566,2277,143,21220,289,323,9634,5562,316,2117,2360,195,2329,1259,2628,275,1154,1687,326,88,263,44,26096,10553
ACSSF,2011e1,co,000,0007,0000075,,,,,,,,,,,,,,,,,,,,,,,,,,,,,,,,,,,,,,,,,,,,,,,,,,,,,,,,,,,,,,,,,,,,,,,,,,,,,,,,,,,,,,,,,,,,,,,,,,,,,,,,,,,,,,158833,3037,85,318,201,59,222,4638,1821,676,283,8981,342,282,8101,5822,119,1982,1596,0,168,1293,1010,113,1294,1316,283,168,251,26,104268,10078
ACSSF,2011e1,co,000,0007,0000076,,,,,,,,,,,,,,,,,,,,,,,,,,,,,,,,,,,,,,,,,,,,,,,,,,,,,,,,,,,,,,,,,,,,,,,,,,,,,,,,,,,,,,,,,,,,,,,,,,,,,,,,,,,,,,99207,3021,192,505,89,361,1125,5537,1905,1343,625,10201,142,100,6952,3600,0,952,1898,0,1050,604,716,74,346,1524,156,234,492,15,46349,9099
ACSSF,2011e1,co,000,0007,0000077,,,,,,,,,,,,,,,,,,,,,,,,,,,,,,,,,,,,,,,,,,,,,,,,,,,,,,,,,,,,,,,,,,,,,,,,,,,,,,,,,,,,,,,,,,,,,,,,,,,,,,,,,,,,,,107630,2645,733,621,700,404,1965,8231,5225,2199,449,17011,886,442,12080,5876,78,2103,2298,426,1527,1353,2305,0,542,1169,884,390,519,0,23347,11222
ACSSF,2011e1,co,000,0007,0000078,,,,,,,,,,,,,,,,,,,,,,,,,,,,,,,,,,,,,,,,,,,,,,,,,,,,,,,,,,,,,,,,,,,,,,,,,,,,,,,,,,,,,,,,,,,,,,,,,,,,,,,,,,,,,,152661,5234,4024,693,689,304,2064,9329,2705,2006,506,16018,1543,830,13728,4421,44,2221,4842,72,2338,1415,1399,0,6765,2042,80,381,909,881,50336,14842
ACSSF,2011e1,co,000,0007,0000079,,,,,,,,,,,,,,,,,,,,,,,,,,,,,,,,,,,,,,,,,,,,,,,,,,,,,,,,,,,,,,,,,,,,,,,,,,,,,,,,,,,,,,,,,,,,,,,,,,,,,,,,,,,,,,125853,3507,40,388,297,207,160,4215,239,272,250,7796,384,150,4180,2313,9,575,600,65,176,480,597,0,153,721,132,32,372,63,88408,9072
ACSSF,2011e1,co,000,0007,0000080,,,,,,,,,,,,,,,,,,,,,,,,,,,,,,,,,,,,,,,,,,,,,,,,,,,,,,,,,,,,,,,,,,,,,,,,,,,,,,,,,,,,,,,,,,,,,,,,,,,,,,,,,,,,,,113819,6085,58,500,927,565,961,8750,1849,1450,366,21260,174,93,9871,6377,290,824,1990,65,828,729,2056,253,591,1949,177,244,370,51,28975,15141
ACSSF,2011e1,co,000,0007,0000081,,,,,,,,,,,,,,,,,,,,,,,,,,,,,,,,,,,,,,,,,,,,,,,,,,,,,,,,,,,,,,,,,,,,,,,,,,,,,,,,,,,,,,,,,,,,,,,,,,,,,,,,,,,,,,92323,4188,384,247,884,561,509,5573,1011,2641,523,13318,156,0,6426,3098,57,1322,1803,85,524,1821,1393,129,52,1083,157,53,173,0,32636,11516
ACSSF,2011e1,co,000,0007,0000082,,,,,,,,,,,,,,,,,,,,,,,,,,,,,,,,,,,,,,,,,,,,,,,,,,,,,,,,,,,,,,,,,,,,,,,,,,,,,,,,,,,,,,,,,,,,,,,,,,,,,,,,,,,,,,143281,6373,126,455,475,1390,1538,10544,1879,2092,458,27893,688,443,10634,6531,59,2233,2148,0,1091,1885,3073,199,323,3381,563,227,531,466,41190,14393
ACSSF,2011e1,co,000,0007,0000083,,,,,,,,,,,,,,,,,,,,,,,,,,,,,,,,,,,,,,,,,,,,,,,,,,,,,,,,,,,,,,,,,,,,,,,,,,,,,,,,,,,,,,,,,,,,,,,,,,,,,,,,,,,,,,103983,4506,737,393,791,882,2266,10921,2561,1792,565,19129,569,180,8574,3184,0,2440,1614,35,387,1146,1757,128,135,1704,350,225,431,228,27798,8555
ACSSF,2011e1,co,000,0007,0000084,,,,,,,,,,,,,,,,,,,,,,,,,,,,,,,,,,,,,,,,,,,,,,,,,,,,,,,,,,,,,,,,,,,,,,,,,,,,,,,,,,,,,,,,,,,,,,,,,,,,,,,,,,,,,,148382,5449,2215,508,638,844,1090,14353,3047,1855,688,25071,764,265,13585,9436,363,2242,5097,144,1632,856,2937,643,606,3690,697,49,975,0,36886,11757
ACSSF,2011e1,co,000,0007,0000085,,,,,,,,,,,,,,,,,,,,,,,,,,,,,,,,,,,,,,,,,,,,,,,,,,,,,,,,,,,,,,,,,,,,,,,,,,,,,,,,,,,,,,,,,,,,,,,,,,,,,,,,,,,,,,180894,12436,1272,684,989,1195,1978,14018,2345,5009,1215,35027,757,534,17723,10389,53,3874,3929,224,635,1781,3901,0,676,4193,156,0,357,0,36617,18927
ACSSF,2011e1,co,000,0007,0000086,,,,,,,,,,,,,,,,,,,,,,,,,,,,,,,,,,,,,,,,,,,,,,,,,,,,,,,,,,,,,,,,,,,,,,,,,,,,,,,,,,,,,,,,,,,,,,,,,,,,,,,,,,,,,,159997,10460,229,382,900,221,2964,10334,2054,3488,506,26621,304,570,13865,7575,61,2564,3086,348,702,1219,4854,365,181,2525,589,0,425,97,44454,18054
ACSSF,2011e1,co,000,0007,0000087,,,,,,,,,,,,,,,,,,,,,,,,,,,,,,,,,,,,,,,,,,,,,,,,,,,,,,,,,,,,,,,,,,,,,,,,,,,,,,,,,,,,,,,,,,,,,,,,,,,,,,,,,,,,,,98581,5705,366,501,394,333,997,6656,2427,2508,467,13572,269,428,8132,3696,139,1134,1595,46,980,1272,1673,75,0,1361,257,126,826,104,31258,11284
ACSSF,2011e1,co,000,0007,0000088,,,,,,,,,,,,,,,,,,,,,,,,,,,,,,,,,,,,,,,,,,,,,,,,,,,,,,,,,,,,,,,,,,,,,,,,,,,,,,,,,,,,,,,,,,,,,,,,,,,,,,,,,,,,,,103881,8423,523,552,388,28,1200,6777,2892,1798,342,14898,32,365,7789,3782,0,2428,1223,122,497,1605,1749,316,44,1717,348,166,451,159,30808,12459
ACSSF,2011e1,co,000,0007,0000089,,,,,,,,,,,,,,,,,,,,,,,,,,,,,,,,,,,,,,,,,,,,,,,,,,,,,,,,,,,,,,,,,,,,,,,,,,,,,,,,,,,,,,,,,,,,,,,,,,,,,,,,,,,,,,165736,10198,2777,606,957,1149,1645,11966,2307,2921,715,31452,1290,72,10381,7210,108,1540,2831,91,514,1594,3075,133,435,1915,726,110,2797,0,50761,13460
ACSSF,2011e1,co,000,0007,0000090,,,,,,,,,,,,,,,,,,,,,,,,,,,,,,,,,,,,,,,,,,,,,,,,,,,,,,,,,,,,,,,,,,,,,,,,,,,,,,,,,,,,,,,,,,,,,,,,,,,,,,,,,,,,,,108768,5240,70,293,0,327,908,2891,350,872,144,13032,286,271,6498,3105,267,1379,796,82,503,359,1116,42,522,656,98,152,121,453,51627,16308
ACSSF,2011e1,co,000,0007,0000091,,,,,,,,,,,,,,,,,,,,,,,,,,,,,,,,,,,,,,,,,,,,,,,,,,,,,,,,,,,,,,,,,,,,,,,,,,,,,,,,,,,,,,,,,,,,,,,,,,,,,,,,,,,,,,110000,6208,57,300,328,717,1116,8102,740,3817,1564,20365,266,82,10086,4333,171,1769,1520,96,342,1629,2028,76,262,1911,540,30,446,12,25410,15677
ACSSF,2011e1,co,000,0007,0000092,,,,,,,,,,,,,,,,,,,,,,,,,,,,,,,,,,,,,,,,,,,,,,,,,,,,,,,,,,,,,,,,,,,,,,,,,,,,,,,,,,,,,,,,,,,,,,,,,,,,,,,,,,,,,,100919,6296,698,415,856,450,1998,9507,2122,2255,388,16580,293,78,4953,6773,139,1096,1026,65,906,1330,3199,75,165,859,161,110,650,0,26856,10620
ACSSF,2011e1,co,000,0007,0000093,,,,,,,,,,,,,,,,,,,,,,,,,,,,,,,,,,,,,,,,,,,,,,,,,,,,,,,,,,,,,,,,,,,,,,,,,,,,,,,,,,,,,,,,,,,,,,,,,,,,,,,,,,,,,,215096,4109,1357,619,230,392,1065,7286,1472,2110,628,17142,787,486,7724,3387,71,2568,1513,110,1001,1251,1123,168,6031,2172,304,397,352,2207,133317,13717
ACSSF,2011e1,co,000,0007,0000094,,,,,,,,,,,,,,,,,,,,,,,,,,,,,,,,,,,,,,,,,,,,,,,,,,,,,,,,,,,,,,,,,,,,,,,,,,,,,,,,,,,,,,,,,,,,,,,,,,,,,,,,,,,,,,215730,8575,691,1099,1105,884,3569,19515,6114,5335,792,32950,1247,1576,19007,9769,1208,3750,7604,293,3159,2121,3732,248,804,3540,774,510,1280,79,55770,18630
ACSSF,2011e1,co,000,0007,0000095,,,,,,,,,,,,,,,,,,,,,,,,,,,,,,,,,,,,,,,,,,,,,,,,,,,,,,,,,,,,,,,,,,,,,,,,,,,,,,,,,,,,,,,,,,,,,,,,,,,,,,,,,,,,,,76540,3936,0,371,0,557,802,3832,1269,1559,261,10061,0,421,5212,1628,0,326,449,0,446,0,474,0,1876,1034,618,621,345,83,30488,9871
ACSSF,2011e1,co,000,0007,0000096,,,,,,,,,,,,,,,,,,,,,,,,,,,,,,,,,,,,,,,,,,,,,,,,,,,,,,,,,,,,,,,,,,,,,,,,,,,,,,,,,,,,,,,,,,,,,,,,,,,,,,,,,,,,,,271252,10908,2559,1529,586,1232,2601,20779,3765,3230,824,36999,1243,583,18412,8183,861,4259,4299,172,5306,1939,5124,278,4063,3044,503,847,745,873,98674,26832
ACSSF,2011e1,co,000,0007,0000097,,,,,,,,,,,,,,,,,,,,,,,,,,,,,,,,,,,,,,,,,,,,,,,,,,,,,,,,,,,,,,,,,,,,,,,,,,,,,,,,,,,,,,,,,,,,,,,,,,,,,,,,,,,,,,227849,15891,1022,1042,564,1199,1931,13774,4780,4436,979,36757,1225,746,17511,7914,188,3896,3960,242,916,3134,3629,491,314,3168,544,292,970,271,69715,26348
ACSSF,2011e1,co,000,0007,0000098,619968,0,44,0,16806,3502,428,0,119,426,203,23,100,1131,1072,62,0,142,714,0,780,218,2485,204,212,802,0,0,643,0,1911,399,1238,5478,692,30273,62,11607,548,6407,2007,58325,0,2644,89,1593,28,708,42071,746,21404,0,250,0,51,0,35,1327,7200,0,10778,563,974,5058,1372,4993,5753,345,273,187,462,0,8031,0,2278,310,0,0,147,0,67,1253,363,0,0,0,3254,359,6678,1508,205,1186,2495,152,0,0,0,0,63,0,48,41,0,0,0,0,433,292831,51984,619968,16806,3502,2485,1911,1238,5478,30273,11607,6407,2007,58325,2644,1593,42071,21404,250,7200,10778,563,5058,4993,5753,187,8031,6678,1508,1186,2495,152,305401,51984
ACSSF,2011e1,co,000,0007,0000099,,,,,,,,,,,,,,,,,,,,,,,,,,,,,,,,,,,,,,,,,,,,,,,,,,,,,,,,,,,,,,,,,,,,,,,,,,,,,,,,,,,,,,,,,,,,,,,,,,,,,,,,,,,,,,294043,16684,3347,1001,1523,1776,2920,25477,4725,6530,1859,53205,1479,799,27691,17517,329,5050,7559,279,1884,2369,5804,643,1161,7161,697,49,1082,0,65210,28233
ACSSF,2011e1,co,000,0007,0000100,,,,,,,,,,,,,,,,,,,,,,,,,,,,,,,,,,,,,,,,,,,,,,,,,,,,,,,,,,,,,,,,,,,,,,,,,,,,,,,,,,,,,,,,,,,,,,,,,,,,,,,,,,,,,,,,,,,,,,,,,,,,,,,,,,,,,,,,,,,,,
ACSSF,2011e1,co,000,0007,0000101,,,,,,,,,,,,,,,,,,,,,,,,,,,,,,,,,,,,,,,,,,,,,,,,,,,,,,,,,,,,,,,,,,,,,,,,,,,,,,,,,,,,,,,,,,,,,,,,,,,,,,,,,,,,,,185062,6024,984,830,1501,1239,2058,16016,4403,4893,660,34621,665,491,14181,9965,101,3473,2917,144,1174,2695,4175,192,376,5050,933,245,1213,52,38986,24805
ACSSF,2011e1,co,000,0007,0000102,,,,,,,,,,,,,,,,,,,,,,,,,,,,,,,,,,,,,,,,,,,,,,,,,,,,,,,,,,,,,,,,,,,,,,,,,,,,,,,,,,,,,,,,,,,,,,,,,,,,,,,,,,,,,,144424,12554,151,551,514,958,2345,13539,1751,2363,510,21499,0,53,10195,4578,0,1856,1038,369,567,3748,2816,109,167,2272,655,0,911,40,38064,20251
ACSSF,2011e1,co,000,0007,0000103,,,,,,,,,,,,,,,,,,,,,,,,,,,,,,,,,,,,,,,,,,,,,,,,,,,,,,,,,,,,,,,,,,,,,,,,,,,,,,,,,,,,,,,,,,,,,,,,,,,,,,,,,,,,,,118223,7376,0,0,188,1801,829,6657,724,1407,342,15233,38,223,5829,2894,0,1614,473,0,429,619,1210,0,0,1153,185,64,363,0,50283,18289
ACSSF,2011e1,co,000,0007,0000104,,,,,,,,,,,,,,,,,,,,,,,,,,,,,,,,,,,,,,,,,,,,,,,,,,,,,,,,,,,,,,,,,,,,,,,,,,,,,,,,,,,,,,,,,,,,,,,,,,,,,,,,,,,,,,75944,2724,0,300,61,91,605,2369,429,448,205,7177,157,0,5573,1672,86,812,591,139,277,252,423,0,268,165,158,71,161,348,38770,11612
ACSSF,2011e1,co,000,0007,0000105,,,,,,,,,,,,,,,,,,,,,,,,,,,,,,,,,,,,,,,,,,,,,,,,,,,,,,,,,,,,,,,,,,,,,,,,,,,,,,,,,,,,,,,,,,,,,,,,,,,,,,,,,,,,,,542623,26144,1346,2830,4654,4095,4865,44023,9280,10196,2023,98429,1671,1610,43291,26547,529,7885,11555,239,3845,6405,10399,925,1499,10981,1411,1322,2265,523,144063,57773
ACSSF,2011e1,co,000,0007,0000106,,,,,,,,,,,,,,,,,,,,,,,,,,,,,,,,,,,,,,,,,,,,,,,,,,,,,,,,,,,,,,,,,,,,,,,,,,,,,,,,,,,,,,,,,,,,,,,,,,,,,,,,,,,,,,97565,4971,1008,152,199,817,2112,11407,2134,1876,510,21172,0,216,8543,4745,79,2607,2021,38,437,1154,1800,219,1228,1355,385,182,244,44,17730,8180
ACSSF,2011e1,co,000,0007,0000107,,,,,,,,,,,,,,,,,,,,,,,,,,,,,,,,,,,,,,,,,,,,,,,,,,,,,,,,,,,,,,,,,,,,,,,,,,,,,,,,,,,,,,,,,,,,,,,,,,,,,,,,,,,,,,153022,4840,83,342,443,990,2674,11738,3194,2048,1243,24639,72,320,12933,5707,60,1171,3125,0,901,1199,3275,146,202,4074,346,413,783,0,49704,16357
ACSSF,2011e1,co,000,0007,0000108,,,,,,,,,,,,,,,,,,,,,,,,,,,,,,,,,,,,,,,,,,,,,,,,,,,,,,,,,,,,,,,,,,,,,,,,,,,,,,,,,,,,,,,,,,,,,,,,,,,,,,,,,,,,,,109442,6200,0,358,588,662,1537,8678,3353,2562,245,25047,353,194,7483,3547,134,1274,1953,139,260,680,1402,65,0,2156,385,294,414,0,21888,17591
ACSSF,2011e1,co,000,0007,0000109,,,,,,,,,,,,,,,,,,,,,,,,,,,,,,,,,,,,,,,,,,,,,,,,,,,,,,,,,,,,,,,,,,,,,,,,,,,,,,,,,,,,,,,,,,,,,,,,,,,,,,,,,,,,,,110001,4146,176,381,34,246,230,3363,1116,1271,329,9858,256,155,4059,8009,73,953,1174,118,169,320,1123,99,87,896,32,0,168,206,58560,12394
ACSSF,2011e1,co,000,0007,0000110,,,,,,,,,,,,,,,,,,,,,,,,,,,,,,,,,,,,,,,,,,,,,,,,,,,,,,,,,,,,,,,,,,,,,,,,,,,,,,,,,,,,,,,,,,,,,,,,,,,,,,,,,,,,,,210736,16109,210,240,522,700,1648,13112,4366,3800,0,28274,536,381,11822,11234,163,1529,5387,156,308,1116,2079,39,1019,2941,486,421,335,0,80839,20964
ACSSF,2011e1,co,000,0007,0000111,,,,,,,,,,,,,,,,,,,,,,,,,,,,,,,,,,,,,,,,,,,,,,,,,,,,,,,,,,,,,,,,,,,,,,,,,,,,,,,,,,,,,,,,,,,,,,,,,,,,,,,,,,,,,,,,,,,,,,,,,,,,,,,,,,,,,,,,,,,,,
