ACSSF,2011e1,co,000,0024,0000001,,,,,,,,,,,,,,,,,,,,,,,,,,,,,,,,,,,,,,,,,,,,,,,,,,,,,,,,,,,,,,,,,,,,,,,,,,,,,,,,,,,,,,,,,,,,,,,,,36.7,40.4,26.2,27.4,28.2,28.5,,,,,,,5048443,2534707,2513736,4048042,2023158,2024884,498820,253742,245078,264413,133190,131223,202124,105516,96608,35044,19101,15943,,,,,,,,,,,,,,,,,,,4265246,3446122,409858,213621,174211,21434,200025,147407,22393,17445,9609,3171,50857,40832,5689,2586,1478,272,142582,115167,10485,4750,5806,6374,5662,2937,1734,206,755,30,217439,167649,26936,15943,3934,2977,,,,,,,,,,,,,,,,,,,,,,,,,,,,,,,,,,,,,,,,,,,,,,,,,,,,,,,,,,,,
ACSSF,2011e1,co,000,0024,0000002,,,,,,,,,,,,,,,,,,,,,,,,,,,,,,,,,,,,,,,,,,,,,,,,,,,,,,,,,,,,,,,,,,,,,,,,,,,,,,,,,,,,,,,,,,,,,,,,,35.7,39.8,25.9,27.0,27.3,28.5,,,,,,,3905045,1954965,1950080,3084396,1535567,1548829,416030,212222,203808,218859,109816,109043,154430,80392,74038,31330,16968,14362,,,,,,,,,,,,,,,,,,,3240821,2576619,339193,174472,131962,18575,169398,125040,20150,14696,6370,3142,40233,32386,4359,2361,891,236,117370,93752,8663,4025,5055,5875,,,,,,,195718,149970,24297,14862,3833,2756,,,,,,,,,,,,,,,,,,,,,,,,,,,,,,,,,,,,,,,,,,,,,,,,,,,,,,,,,,,,
ACSSF,2011e1,co,000,0024,0000003,,,,,,,,,,,,,,,,,,,,,,,,,,,,,,,,,,,,,,,,,,,,,,,,,,,,,,,,,,,,,,,,,,,,,,,,,,,,,,,,,,,,,,,,,,,,,,,,,40.1,41.8,29.7,31.0,31.2,28.7,,,,,,,1143398,579742,563656,963646,487591,476055,82790,41520,41270,45554,23374,22180,47694,25124,22570,3714,2133,1581,,,,,,,,,,,,,,,,,,,1024425,869503,70665,39149,42249,2859,30627,22367,2243,2749,3239,29,10624,8446,1330,225,587,36,25212,21415,1822,725,751,499,,,,,,,21721,17679,2639,1081,101,221,,,,,,,,,,,,,,,,,,,,,,,,,,,,,,,,,,,,,,,,,,,,,,,,,,,,,,,,,,,,
ACSSF,2011e1,co,000,0024,0000004,,,,,,,,,,,,,,,,,,,,,,,,,,,,,,,,,,,,,,,,,,,,,,,,,,,,,,,,,,,,,,,,,,,,,,,,,,,,,,,,,,,,,,,,,,,,,,,,,36.3,40.0,26.3,27.3,28.3,28.7,,,,,,,4645153,2324340,2320813,3719493,1851619,1867874,461515,235164,226351,245116,122701,122415,185246,96545,88701,33783,18311,15472,,,,,,,,,,,,,,,,,,,3895092,3144998,376146,195481,158150,20317,196044,143852,22260,17258,9527,3147,43256,34868,4734,2402,1082,170,140060,113104,10044,4750,5806,6356,5561,2895,1675,206,755,30,205702,158055,25622,15355,3693,2977,,,,,,,,,,,,,,,,,,,,,,,,,,,,,,,,,,,,,,,,,,,,,,,,,,,,,,,,,,,,
ACSSF,2011e1,co,000,0024,0000005,,,,,,,,,,,,,,,,,,,,,,,,,,,,,,,,,,,,,,,,,,,,,,,,,,,,,,,,,,,,,,,,,,,,,,,,,,,,,,,,,,,,,,,,,,,,,,,,,36.2,39.9,26.1,27.2,28.1,28.2,,,,,,,4370500,2177902,2192598,3498151,1736196,1761955,433258,219937,213321,233700,116710,116990,173110,87920,85190,32281,17139,15142,,,,,,,,,,,,,,,,,,,3655427,2952149,351110,185801,147331,19036,191183,140599,21905,16351,9181,3147,36953,29920,3803,2398,662,170,137609,110935,9951,4707,5660,6356,5452,2786,1675,206,755,30,191043,145163,24328,15270,3526,2756,,,,,,,,,,,,,,,,,,,,,,,,,,,,,,,,,,,,,,,,,,,,,,,,,,,,,,,,,,,,
ACSSF,2011e1,co,000,0024,0000006,,,,,,,,,,,,,,,,,,,,,,,,,,,,,,,,,,,,,,,,,,,,,,,,,,,,,,,,,,,,,,,,,,,,,,,,,,,,,,,,,,,,,,,,,,,,,,,,,33.7,38.6,25.6,26.6,27.2,27.1,,,,,,,1982548,983591,998957,1485772,732042,753730,256873,130637,126236,126486,62882,63604,95942,48582,47360,17475,9448,8027,,,,,,,,,,,,,,,,,,,1548642,1167151,197368,94545,79789,9789,142005,104303,17535,12382,5629,2156,20433,15273,2611,1947,545,57,65437,49602,6372,2948,3379,3136,,,,,,,125966,91966,19942,9881,2309,1868,,,,,,,,,,,,,,,,,,,,,,,,,,,,,,,,,,,,,,,,,,,,,,,,,,,,,,,,,,,,
ACSSF,2011e1,co,000,0024,0000007,,,,,,,,,,,,,,,,,,,,,,,,,,,,,,,,,,,,,,,,,,,,,,,,,,,,,,,,,,,,,,,,,,,,,,,,,,,,,,,,,,,,,,,,,,,,,,,,,38.5,40.9,27.3,28.4,29.3,29.3,,,,,,,2387952,1194311,1193641,2012379,1004154,1008225,176385,89300,87085,107214,53828,53386,77168,39338,37830,14806,7691,7115,,,,,,,,,,,,,,,,,,,2106785,1784998,153742,91256,67542,9247,49178,36296,4370,3969,3552,991,16520,14647,1192,451,117,113,72172,61333,3579,1759,2281,3220,,,,,,,65077,53197,4386,5389,1217,888,,,,,,,,,,,,,,,,,,,,,,,,,,,,,,,,,,,,,,,,,,,,,,,,,,,,,,,,,,,,
ACSSF,2011e1,co,000,0024,0000008,,,,,,,,,,,,,,,,,,,,,,,,,,,,,,,,,,,,,,,,,,,,,,,,,,,,,,,,,,,,,,,,,,,,,,,,,,,,,,,,,,,,,,,,,,,,,,,,,38.3,41.7,29.4,27.6,30.8,38.3,,,,,,,274653,146438,128215,221342,115423,105919,28257,15227,13030,11416,5991,5425,12136,8625,3511,1502,1172,330,,,,,,,,,,,,,,,,,,,239665,192849,25036,9680,10819,1281,,,,,,,,,,,,,,,,,,,,,,,,,,,,,,,,,,,,,,,,,,,,,,,,,,,,,,,,,,,,,,,,,,,,,,,,,,,,,,,,,,,,,,,,,,
ACSSF,2011e1,co,000,0024,0000009,,,,,,,,,,,,,,,,,,,,,,,,,,,,,,,,,,,,,,,,,,,,,,,,,,,,,,,,,,,,,,,,,,,,,,,,,,,,,,,,,,,,,,,,,,,,,,,,,37.7,41.3,26.6,25.0,31.8,50.5,,,,,,,91341,47497,43844,72988,37184,35804,9721,5037,4684,3856,2181,1675,4322,2781,1541,454,314,140,,,,,,,,,,,,,,,,,,,78028,61856,8605,3081,4032,454,,,,,,,,,,,,,,,,,,,,,,,,,,,,,,,,,,,,,,,,,,,,,,,,,,,,,,,,,,,,,,,,,,,,,,,,,,,,,,,,,,,,,,,,,,
ACSSF,2011e1,co,000,0024,0000010,,,,,,,,,,,,,,,,,,,,,,,,,,,,,,,,,,,,,,,,,,,,,,,,,,,,,,,,,,,,,,,,,,,,,,,,,,,,,,,,,,,,,,,,,,,,,,,,,38.5,41.8,31.0,29.2,29.5,35.1,,,,,,,183312,98941,84371,148354,78239,70115,18536,10190,8346,7560,3810,3750,7814,5844,1970,1048,858,190,,,,,,,,,,,,,,,,,,,161637,130993,16431,6599,6787,827,,,,,,,,,,,,,,,,,,,,,,,,,,,,,,,,,,,,,,,,,,,,,,,,,,,,,,,,,,,,,,,,,,,,,,,,,,,,,,,,,,,,,,,,,,
ACSSF,2011e1,co,000,0024,0000011,,,,,,,,,,,,,,,,,,,,,,,,,,,,,,,,,,,,,,,,,,,,,,,,,,,,,,,,,,,,,,,,,,,,,,,,,,,,,,,,,,,,,,,,,,,,,,,,,41.5,45.3,25.1,28.9,27.5,26.5,,,,,,,403290,210367,192923,328549,171539,157010,37305,18578,18727,19297,10489,8808,16878,8971,7907,1261,790,471,,,,,,,,,,,,,,,,,,,370154,301124,33712,18140,16061,1117,,,,,,,7601,5964,955,184,396,102,,,,,,,,,,,,,11737,9594,1314,588,241,0,,,,,,,,,,,,,,,,,,,,,,,,,,,,,,,,,,,,,,,,,,,,,,,,,,,,,,,,,,,,
ACSSF,2011e1,co,000,0024,0000012,,,,,,,,,,,,,,,,,,,,,,,,,,,,,,,,,,,,,,,,,,,,,,,,,,,,,,,,,,,,,,,,,,,,,,,,,,,,,,,,,,,,,,,,,,,,,,,,,40.2,43.9,27.1,28.7,29.2,34.5,,,,,,,677943,356805,321138,549891,286962,262929,65562,33805,31757,30713,16480,14233,29014,17596,11418,2763,1962,801,,,,,,,,,,,,,,,,,,,609819,493973,58748,27820,26880,2398,,,,,,,13904,10912,1886,188,816,102,,,,,,,,,,,,,26396,22486,2608,673,408,221,,,,,,,,,,,,,,,,,,,,,,,,,,,,,,,,,,,,,,,,,,,,,,,,,,,,,,,,,,,,
ACSSF,2011e1,co,000,0024,0000013,,,,,,,,,,,,,,,,,,,,,,,,,,,,,,,,,,,,,,,,,,,,,,,,,,,,,,,,,,,,,,,,,,,,,,,,,,,,,,,,,,,,,,,,,,,,,,,,,32.7,35.3,25.7,24.9,29.0,45.6,,,,,,,444243,224253,219990,367071,184717,182354,33723,17329,16394,32377,16717,15660,7818,3859,3959,3254,1631,1623,,,,,,,,,,,,,,,,,,,362171,300156,29455,24208,6782,1570,14465,10205,991,2469,613,187,,,,,,,,,,,,,,,,,,,29075,23921,1029,3788,246,91,,,,,,,,,,,,,,,,,,,,,,,,,,,,,,,,,,,,,,,,,,,,,,,,,,,,,,,,,,,,
ACSSF,2011e1,co,000,0024,0000014,,,,,,,,,,,,,,,,,,,,,,,,,,,,,,,,,,,,,,,,,,,,,,,,,,,,,,,,,,,,,,,,,,,,,,,,,,,,,,,,,,,,,,,,,,,,,,,,,36.4,39.3,27.6,28.6,30.2,27.7,,,,,,,576270,282475,293795,459903,227454,232449,51236,24912,26324,41282,18764,22518,18324,8914,9410,5525,2431,3094,,,,,,,,,,,,,,,,,,,435303,356352,33423,29527,13885,2116,58121,42569,5086,7556,1521,1389,,,,,,,28039,23067,2836,543,867,726,,,,,,,24751,16991,4069,1887,651,1153,,,,,,,,,,,,,,,,,,,,,,,,,,,,,,,,,,,,,,,,,,,,,,,,,,,,,,,,,,,,
ACSSF,2011e1,co,000,0024,0000015,,,,,,,,,,,,,,,,,,,,,,,,,,,,,,,,,,,,,,,,,,,,,,,,,,,,,,,,,,,,,,,,,,,,,,,,,,,,,,,,,,,,,,,,,,,,,,,,,36.6,42.6,23.8,24.4,26.7,27.0,,,,,,,295886,147969,147917,224627,111128,113499,40288,19378,20910,13902,8174,5728,14070,7675,6395,2999,1614,1385,,,,,,,,,,,,,,,,,,,264310,202287,36564,11134,11799,2526,,,,,,,,,,,,,11651,8242,633,964,1409,403,,,,,,,,,,,,,,,,,,,,,,,,,,,,,,,,,,,,,,,,,,,,,,,,,,,,,,,,,,,,,,,,,,,,,,,,
ACSSF,2011e1,co,000,0024,0000016,,,,,,,,,,,,,,,,,,,,,,,,,,,,,,,,,,,,,,,,,,,,,,,,,,,,,,,,,,,,,,,,,,,,,,,,,,,,,,,,,,,,,,,,,,,,,,,,,34.0,37.9,28.0,27.6,29.3,29.1,,,,,,,610005,305546,304459,462442,231972,230470,62715,31782,30933,52945,26051,26894,24585,11839,12746,7318,3902,3416,,,,,,,,,,,,,,,,,,,438341,326413,47074,38659,22037,4158,59124,50086,4081,3525,797,635,8330,6281,674,1208,110,57,22830,18256,1951,1265,520,838,,,,,,,59556,44825,6500,6563,372,1296,,,,,,,,,,,,,,,,,,,,,,,,,,,,,,,,,,,,,,,,,,,,,,,,,,,,,,,,,,,,
ACSSF,2011e1,co,000,0024,0000017,,,,,,,,,,,,,,,,,,,,,,,,,,,,,,,,,,,,,,,,,,,,,,,,,,,,,,,,,,,,,,,,,,,,,,,,,,,,,,,,,,,,,,,,,,,,,,,,,37.9,39.7,30.3,30.7,35.2,32.1,,,,,,,287504,143672,143832,240485,119890,120595,20330,10146,10184,13513,7495,6018,10856,5313,5543,2320,828,1492,,,,,,,,,,,,,,,,,,,262985,222281,17220,12361,10382,741,,,,,,,,,,,,,10743,7864,686,452,162,1579,,,,,,,,,,,,,,,,,,,,,,,,,,,,,,,,,,,,,,,,,,,,,,,,,,,,,,,,,,,,,,,,,,,,,,,,
ACSSF,2011e1,co,000,0024,0000018,,,,,,,,,,,,,,,,,,,,,,,,,,,,,,,,,,,,,,,,,,,,,,,,,,,,,,,,,,,,,,,,,,,,,,,,,,,,,,,,,,,,,,,,,,,,,,,,,34.5,40.3,25.3,25.5,25.3,26.3,,,,,,,629004,313727,315277,481078,235280,245798,82018,43363,38655,9712,4953,4759,49840,26094,23746,6356,4037,2319,,,,,,,,,,,,,,,,,,,515522,404610,59553,7815,39526,4018,37255,22319,8926,286,4793,931,,,,,,,17519,12186,2429,258,1644,1002,,,,,,,,,,,,,,,,,,,,,,,,,,,,,,,,,,,,,,,,,,,,,,,,,,,,,,,,,,,,,,,,,,,,,,,,
ACSSF,2011e1,co,000,0024,0000019,,,,,,,,,,,,,,,,,,,,,,,,,,,,,,,,,,,,,,,,,,,,,,,,,,,,,,,,,,,,,,,,,,,,,,,,,,,,,,,,,,,,,,,,,,,,,,,,,41.2,43.8,28.4,28.0,29.8,29.2,,,,,,,533248,265212,268036,450846,223449,227397,37516,19506,18010,26436,12747,13689,16572,8164,8408,1878,1346,532,,,,,,,,,,,,,,,,,,,488037,413663,35143,22917,14704,1610,5421,3927,0,972,522,0,,,,,,,13145,11515,360,432,689,149,,,,,,,7376,6164,418,549,162,83,,,,,,,,,,,,,,,,,,,,,,,,,,,,,,,,,,,,,,,,,,,,,,,,,,,,,,,,,,,,
ACSSF,2011e1,co,000,0024,0000020,,,,,,,,,,,,,,,,,,,,,,,,,,,,,,,,,,,,,,,,,,,,,,,,,,,,,,,,,,,,,,,,,,,,,,,,,,,,,,,,,,,,,,,,,,,,,,,,,36.0,40.3,25.4,21.2,24.9,31.1,,,,,,,302429,151495,150934,241142,120744,120398,33669,17209,16460,14234,6894,7340,12122,5982,6140,1262,666,596,,,,,,,,,,,,,,,,,,,274203,219890,30059,12575,10746,933,2341,1460,266,465,150,0,,,,,,,,,,,,,,,,,,,,,,,,,,,,,,,,,,,,,,,,,,,,,,,,,,,,,,,,,,,,,,,,,,,,,,,,,,,,,,,,,,,,
ACSSF,2011e1,co,000,0024,0000021,,,,,,,,,,,,,,,,,,,,,,,,,,,,,,,,,,,,,,,,,,,,,,,,,,,,,,,,,,,,,,,,,,,,,,,,,,,,,,,,,,,,,,,,,,,,,,,,,38.4,44.1,24.0,31.4,36.2,26.6,,,,,,,144564,71949,72615,116485,57762,58723,19383,9121,10262,4109,2331,1778,4318,2532,1786,269,203,66,,,,,,,,,,,,,,,,,,,129802,104119,17570,3778,4066,269,,,,,,,,,,,,,,,,,,,,,,,,,,,,,,,,,,,,,,,,,,,,,,,,,,,,,,,,,,,,,,,,,,,,,,,,,,,,,,,,,,,,,,,,,,
ACSSF,2011e1,co,000,0024,0000022,,,,,,,,,,,,,,,,,,,,,,,,,,,,,,,,,,,,,,,,,,,,,,,,,,,,,,,,,,,,,,,,,,,,,,,,,,,,,,,,,,,,,,,,,,,,,,,,,39.2,41.4,27.2,33.4,28.1,31.6,,,,,,,158718,77539,81179,134859,64719,70140,17574,9245,8329,3323,2067,1256,2675,1315,1360,287,193,94,,,,,,,,,,,,,,,,,,,129476,110917,13366,2765,2141,287,,,,,,,,,,,,,,,,,,,,,,,,,,,,,,,,,,,,,,,,,,,,,,,,,,,,,,,,,,,,,,,,,,,,,,,,,,,,,,,,,,,,,,,,,,
ACSSF,2011e1,co,000,0024,0000023,,,,,,,,,,,,,,,,,,,,,,,,,,,,,,,,,,,,,,,,,,,,,,,,,,,,,,,,,,,,,,,,,,,,,,,,,,,,,,,,,,,,,,,,,,,,,,,,,34.2,37.9,22.4,24.2,35.3,19.5,,,,,,,254152,127134,127018,202322,100344,101978,31442,16463,14979,13505,6846,6659,6262,3306,2956,621,175,446,,,,,,,,,,,,,,,,,,,231278,183379,29055,12282,5946,616,,,,,,,,,,,,,,,,,,,,,,,,,8318,6752,1029,537,0,0,,,,,,,,,,,,,,,,,,,,,,,,,,,,,,,,,,,,,,,,,,,,,,,,,,,,,,,,,,,,
ACSSF,2011e1,co,000,0024,0000024,,,,,,,,,,,,,,,,,,,,,,,,,,,,,,,,,,,,,,,,,,,,,,,,,,,,,,,,,,,,,,,,,,,,,,,,,,,,,,,,,,,,,,,,,,,,,,,,,40.8,44.7,28.8,29.6,29.1,58.3,,,,,,,105696,50661,55035,89428,43059,46369,8181,4178,4003,4460,1598,2862,3414,1678,1736,213,148,65,,,,,,,,,,,,,,,,,,,97532,82508,7899,3838,3163,124,,,,,,,,,,,,,,,,,,,,,,,,,,,,,,,,,,,,,,,,,,,,,,,,,,,,,,,,,,,,,,,,,,,,,,,,,,,,,,,,,,,,,,,,,,
ACSSF,2011e1,co,000,0024,0000025,,,,,,,,,,,,,,,,,,,,,,,,,,,,,,,,,,,,,,,,,,,,,,,,,,,,,,,,,,,,,,,,,,,,,,,,,,,,,,,,,,,,,,,,,,,,,,,,,32.8,35.8,26.0,28.3,26.4,23.8,,,,,,,326049,161521,164528,247018,122631,124387,37282,18205,19077,30171,14741,15430,8579,4318,4261,2999,1626,1373,,,,,,,,,,,,,,,,,,,217523,170631,22328,18369,5721,474,49387,34522,5056,7953,889,967,,,,,,,17492,13730,1825,544,342,1051,,,,,,,20728,14370,3560,1903,388,507,,,,,,,,,,,,,,,,,,,,,,,,,,,,,,,,,,,,,,,,,,,,,,,,,,,,,,,,,,,,
ACSSF,2011e1,co,000,0024,0000026,,,,,,,,,,,,,,,,,,,,,,,,,,,,,,,,,,,,,,,,,,,,,,,,,,,,,,,,,,,,,,,,,,,,,,,,,,,,,,,,,,,,,,,,,,,,,,,,,28.7,41.3,22.4,20.8,24.2,22.6,,,,,,,98030,48415,49615,58844,28427,30417,21637,10514,11123,7083,3979,3104,8757,4731,4026,1709,764,945,,,,,,,,,,,,,,,,,,,88777,54228,20494,5592,7119,1344,,,,,,,,,,,,,3887,1676,311,759,776,365,,,,,,,,,,,,,,,,,,,,,,,,,,,,,,,,,,,,,,,,,,,,,,,,,,,,,,,,,,,,,,,,,,,,,,,,
ACSSF,2011e1,co,000,0024,0000027,,,,,,,,,,,,,,,,,,,,,,,,,,,,,,,,,,,,,,,,,,,,,,,,,,,,,,,,,,,,,,,,,,,,,,,,,,,,,,,,,,,,,,,,,,,,,,,,,41.6,44.9,25.8,31.2,27.9,53.2,,,,,,,101730,49255,52475,86683,42223,44460,5778,3079,2699,4978,2265,2713,3587,1387,2200,704,301,403,,,,,,,,,,,,,,,,,,,88799,76122,4911,4491,2761,514,,,,,,,,,,,,,,,,,,,,,,,,,,,,,,,,,,,,,,,,,,,,,,,,,,,,,,,,,,,,,,,,,,,,,,,,,,,,,,,,,,,,,,,,,,
ACSSF,2011e1,co,000,0024,0000028,,,,,,,,,,,,,,,,,,,,,,,,,,,,,,,,,,,,,,,,,,,,,,,,,,,,,,,,,,,,,,,,,,,,,,,,,,,,,,,,,,,,,,,,,,,,,,,,,34.8,41.4,25.4,26.2,26.5,25.7,,,,,,,420732,209124,211608,310255,150580,159675,65392,35277,30115,7600,3795,3805,33759,17306,16453,3726,2166,1560,,,,,,,,,,,,,,,,,,,342509,261168,46407,5950,26565,2419,26060,14719,7266,263,3258,554,,,,,,,10596,6809,1553,133,1472,629,,,,,,,,,,,,,,,,,,,,,,,,,,,,,,,,,,,,,,,,,,,,,,,,,,,,,,,,,,,,,,,,,,,,,,,,
ACSSF,2011e1,co,000,0024,0000029,,,,,,,,,,,,,,,,,,,,,,,,,,,,,,,,,,,,,,,,,,,,,,,,,,,,,,,,,,,,,,,,,,,,,,,,,,,,,,,,,,,,,,,,,,,,,,,,,34.0,37.9,28.0,27.6,29.3,29.1,,,,,,,610005,305546,304459,462442,231972,230470,62715,31782,30933,52945,26051,26894,24585,11839,12746,7318,3902,3416,,,,,,,,,,,,,,,,,,,438341,326413,47074,38659,22037,4158,59124,50086,4081,3525,797,635,8330,6281,674,1208,110,57,22830,18256,1951,1265,520,838,,,,,,,59556,44825,6500,6563,372,1296,,,,,,,,,,,,,,,,,,,,,,,,,,,,,,,,,,,,,,,,,,,,,,,,,,,,,,,,,,,,
ACSSF,2011e1,co,000,0024,0000030,,,,,,,,,,,,,,,,,,,,,,,,,,,,,,,,,,,,,,,,,,,,,,,,,,,,,,,,,,,,,,,,,,,,,,,,,,,,,,,,,,,,,,,,,,,,,,,,,29.9,35.2,22.8,20.3,24.8,24.5,,,,,,,145314,72761,72553,106580,54249,52331,20026,9577,10449,10101,4977,5124,7810,3619,4191,797,339,458,,,,,,,,,,,,,,,,,,,132803,98279,18263,8667,7126,468,1655,979,244,282,150,0,,,,,,,,,,,,,,,,,,,,,,,,,,,,,,,,,,,,,,,,,,,,,,,,,,,,,,,,,,,,,,,,,,,,,,,,,,,,,,,,,,,,
ACSSF,2011e1,co,000,0024,0000031,,,,,,,,,,,,,,,,,,,,,,,,,,,,,,,,,,,,,,,,,,,,,,,,,,,,,,,,,,,,,,,,,,,,,,,,,,,,,,,,,,,,,,,,,,,,,,,,,32.8,38.4,22.8,21.0,33.3,20.2,,,,,,,94012,45975,48037,68652,32861,35791,15833,8195,7638,5795,2924,2871,3381,1825,1556,351,170,181,,,,,,,,,,,,,,,,,,,85176,61651,14445,5487,3242,351,,,,,,,,,,,,,,,,,,,,,,,,,,,,,,,,,,,,,,,,,,,,,,,,,,,,,,,,,,,,,,,,,,,,,,,,,,,,,,,,,,,,,,,,,,
ACSSF,2011e1,co,000,0024,0000032,,,,,,,,,,,,,,,,,,,,,,,,,,,,,,,,,,,,,,,,,,,,,,,,,,,,,,,,,,,,,,,,,,,,,,,,,,,,,,,,,,,,,,,,,,,,,,,,,35.9,37.1,31.9,31.1,35.0,31.0,,,,,,,106833,52278,54555,90934,44892,46042,4535,2309,2226,7078,3371,3707,3017,1465,1552,1269,241,1028,,,,,,,,,,,,,,,,,,,96434,82244,3949,6725,2850,666,,,,,,,,,,,,,,,,,,,,,,,,,,,,,,,,,,,,,,,,,,,,,,,,,,,,,,,,,,,,,,,,,,,,,,,,,,,,,,,,,,,,,,,,,,
ACSSF,2011e1,co,000,0024,0000033,,,,,,,,,,,,,,,,,,,,,,,,,,,,,,,,,,,,,,,,,,,,,,,,,,,,,,,,,,,,,,,,,,,,,,,,,,,,,,,,,,,,,,,,,,,,,,,,,40.6,45.3,28.1,28.6,30.6,29.6,,,,,,,142327,71809,70518,113383,56920,56463,13500,6783,6717,9742,5260,4482,5409,2702,2707,293,144,149,,,,,,,,,,,,,,,,,,,128766,103217,12995,7710,4611,233,,,,,,,,,,,,,3664,3258,9,266,131,0,,,,,,,,,,,,,,,,,,,,,,,,,,,,,,,,,,,,,,,,,,,,,,,,,,,,,,,,,,,,,,,,,,,,,,,,
ACSSF,2011e1,co,000,0024,0000034,,,,,,,,,,,,,,,,,,,,,,,,,,,,,,,,,,,,,,,,,,,,,,,,,,,,,,,,,,,,,,,,,,,,,,,,,,,,,,,,,,,,,,,,,,,,,,,,,38.6,42.2,24.9,32.2,35.1,23.9,,,,,,,86961,42949,44012,69422,33758,35664,11829,5690,6139,2737,1512,1225,2212,1419,793,761,570,191,,,,,,,,,,,,,,,,,,,75036,60372,10132,2100,1709,723,,,,,,,,,,,,,,,,,,,,,,,,,,,,,,,,,,,,,,,,,,,,,,,,,,,,,,,,,,,,,,,,,,,,,,,,,,,,,,,,,,,,,,,,,,
ACSSF,2011e1,co,000,0024,0000035,,,,,,,,,,,,,,,,,,,,,,,,,,,,,,,,,,,,,,,,,,,,,,,,,,,,,,,,,,,,,,,,,,,,,,,,,,,,,,,,,,,,,,,,,,,,,,,,,38.3,41.1,29.0,23.6,21.0,.,,,,,,,67198,32644,34554,55623,26832,28791,8534,4263,4271,1304,658,646,1550,704,846,187,187,0,,,,,,,,,,,,,,,,,,,58319,48091,7258,1304,1479,187,,,,,,,,,,,,,,,,,,,,,,,,,,,,,,,,,,,,,,,,,,,,,,,,,,,,,,,,,,,,,,,,,,,,,,,,,,,,,,,,,,,,,,,,,,
ACSSF,2011e1,co,000,0024,0000036,,,,,,,,,,,,,,,,,,,,,,,,,,,,,,,,,,,,,,,,,,,,,,,,,,,,,,,,,,,,,,,,,,,,,,,,,,,,,,,,,,,,,,,,,,,,,,,,,38.8,40.8,27.7,34.0,28.7,14.0,,,,,,,106494,51942,54552,87912,41988,45924,13987,7366,6621,2408,1548,860,2003,950,1053,184,90,94,,,,,,,,,,,,,,,,,,,84809,70381,10618,2157,1469,184,,,,,,,,,,,,,,,,,,,,,,,,,,,,,,,,,,,,,,,,,,,,,,,,,,,,,,,,,,,,,,,,,,,,,,,,,,,,,,,,,,,,,,,,,,
ACSSF,2011e1,co,000,0024,0000037,,,,,,,,,,,,,,,,,,,,,,,,,,,,,,,,,,,,,,,,,,,,,,,,,,,,,,,,,,,,,,,,,,,,,,,,,,,,,,,,,,,,,,,,,,,,,,,,,31.5,33.6,25.6,21.8,30.8,22.4,,,,,,,120002,60731,59271,103958,52909,51049,6596,3086,3510,8048,4109,3939,827,426,401,573,201,372,,,,,,,,,,,,,,,,,,,103615,89608,6178,6922,786,121,,,,,,,,,,,,,,,,,,,,,,,,,,,,,,,,,,,,,,,,,,,,,,,,,,,,,,,,,,,,,,,,,,,,,,,,,,,,,,,,,,,,,,,,,,
ACSSF,2011e1,co,000,0024,0000038,,,,,,,,,,,,,,,,,,,,,,,,,,,,,,,,,,,,,,,,,,,,,,,,,,,,,,,,,,,,,,,,,,,,,,,,,,,,,,,,,,,,,,,,,,,,,,,,,36.3,40.5,24.9,28.7,29.6,56.3,,,,,,,105649,53210,52439,84086,41933,42153,10490,6071,4419,5573,2506,3067,4708,2206,2502,792,494,298,,,,,,,,,,,,,,,,,,,88386,69630,9414,4170,4380,792,,,,,,,,,,,,,,,,,,,,,,,,,,,,,,,,,,,,,,,,,,,,,,,,,,,,,,,,,,,,,,,,,,,,,,,,,,,,,,,,,,,,,,,,,,
ACSSF,2011e1,co,000,0024,0000039,,,,,,,,,,,,,,,,,,,,,,,,,,,,,,,,,,,,,,,,,,,,,,,,,,,,,,,,,,,,,,,,,,,,,,,,,,,,,,,,,,,,,,,,,,,,,,,,,28.7,41.3,22.4,20.8,24.2,22.6,,,,,,,98030,48415,49615,58844,28427,30417,21637,10514,11123,7083,3979,3104,8757,4731,4026,1709,764,945,,,,,,,,,,,,,,,,,,,88777,54228,20494,5592,7119,1344,,,,,,,,,,,,,3887,1676,311,759,776,365,,,,,,,,,,,,,,,,,,,,,,,,,,,,,,,,,,,,,,,,,,,,,,,,,,,,,,,,,,,,,,,,,,,,,,,,
ACSSF,2011e1,co,000,0024,0000040,,,,,,,,,,,,,,,,,,,,,,,,,,,,,,,,,,,,,,,,,,,,,,,,,,,,,,,,,,,,,,,,,,,,,,,,,,,,,,,,,,,,,,,,,,,,,,,,,34.8,41.4,25.4,26.2,26.5,25.7,,,,,,,420732,209124,211608,310255,150580,159675,65392,35277,30115,7600,3795,3805,33759,17306,16453,3726,2166,1560,,,,,,,,,,,,,,,,,,,342509,261168,46407,5950,26565,2419,26060,14719,7266,263,3258,554,,,,,,,10596,6809,1553,133,1472,629,,,,,,,,,,,,,,,,,,,,,,,,,,,,,,,,,,,,,,,,,,,,,,,,,,,,,,,,,,,,,,,,,,,,,,,,
ACSSF,2011e1,co,000,0024,0000041,,,,,,,,,,,,,,,,,,,,,,,,,,,,,,,,,,,,,,,,,,,,,,,,,,,,,,,,,,,,,,,,,,,,,,,,,,,,,,,,,,,,,,,,,,,,,,,,,32.8,35.8,26.0,28.3,26.4,23.8,,,,,,,326049,161521,164528,247018,122631,124387,37282,18205,19077,30171,14741,15430,8579,4318,4261,2999,1626,1373,,,,,,,,,,,,,,,,,,,217523,170631,22328,18369,5721,474,49387,34522,5056,7953,889,967,,,,,,,17492,13730,1825,544,342,1051,,,,,,,20728,14370,3560,1903,388,507,,,,,,,,,,,,,,,,,,,,,,,,,,,,,,,,,,,,,,,,,,,,,,,,,,,,,,,,,,,,
ACSSF,2011e1,co,000,0024,0000042,,,,,,,,,,,,,,,,,,,,,,,,,,,,,,,,,,,,,,,,,,,,,,,,,,,,,,,,,,,,,,,,,,,,,,,,,,,,,,,,,,,,,,,,,,,,,,,,,34.0,37.9,28.0,27.6,29.3,29.1,,,,,,,610005,305546,304459,462442,231972,230470,62715,31782,30933,52945,26051,26894,24585,11839,12746,7318,3902,3416,,,,,,,,,,,,,,,,,,,438341,326413,47074,38659,22037,4158,59124,50086,4081,3525,797,635,8330,6281,674,1208,110,57,22830,18256,1951,1265,520,838,,,,,,,59556,44825,6500,6563,372,1296,,,,,,,,,,,,,,,,,,,,,,,,,,,,,,,,,,,,,,,,,,,,,,,,,,,,,,,,,,,,
ACSSF,2011e1,co,000,0024,0000043,,,,,,,,,,,,,,,,,,,,,,,,,,,,,,,,,,,,,,,,,,,,,,,,,,,,,,,,,,,,,,,,,,,,,,,,,,,,,,,,,,,,,,,,,,,,,,,,,29.9,35.2,22.8,20.3,24.8,24.5,,,,,,,145314,72761,72553,106580,54249,52331,20026,9577,10449,10101,4977,5124,7810,3619,4191,797,339,458,,,,,,,,,,,,,,,,,,,132803,98279,18263,8667,7126,468,1655,979,244,282,150,0,,,,,,,,,,,,,,,,,,,,,,,,,,,,,,,,,,,,,,,,,,,,,,,,,,,,,,,,,,,,,,,,,,,,,,,,,,,,,,,,,,,,
ACSSF,2011e1,co,000,0024,0000044,,,,,,,,,,,,,,,,,,,,,,,,,,,,,,,,,,,,,,,,,,,,,,,,,,,,,,,,,,,,,,,,,,,,,,,,,,,,,,,,,,,,,,,,,,,,,,,,,38.3,41.1,29.0,23.6,21.0,.,,,,,,,67198,32644,34554,55623,26832,28791,8534,4263,4271,1304,658,646,1550,704,846,187,187,0,,,,,,,,,,,,,,,,,,,58319,48091,7258,1304,1479,187,,,,,,,,,,,,,,,,,,,,,,,,,,,,,,,,,,,,,,,,,,,,,,,,,,,,,,,,,,,,,,,,,,,,,,,,,,,,,,,,,,,,,,,,,,
ACSSF,2011e1,co,000,0024,0000045,,,,,,,,,,,,,,,,,,,,,,,,,,,,,,,,,,,,,,,,,,,,,,,,,,,,,,,,,,,,,,,,,,,,,,,,,,,,,,,,,,,,,,,,,,,,,,,,,32.8,38.4,22.8,21.0,33.3,20.2,,,,,,,94012,45975,48037,68652,32861,35791,15833,8195,7638,5795,2924,2871,3381,1825,1556,351,170,181,,,,,,,,,,,,,,,,,,,85176,61651,14445,5487,3242,351,,,,,,,,,,,,,,,,,,,,,,,,,,,,,,,,,,,,,,,,,,,,,,,,,,,,,,,,,,,,,,,,,,,,,,,,,,,,,,,,,,,,,,,,,,
ACSSF,2011e1,co,000,0024,0000046,,,,,,,,,,,,,,,,,,,,,,,,,,,,,,,,,,,,,,,,,,,,,,,,,,,,,,,,,,,,,,,,,,,,,,,,,,,,,,,,,,,,,,,,,,,,,,,,,38.8,40.8,27.7,34.0,28.7,14.0,,,,,,,106494,51942,54552,87912,41988,45924,13987,7366,6621,2408,1548,860,2003,950,1053,184,90,94,,,,,,,,,,,,,,,,,,,84809,70381,10618,2157,1469,184,,,,,,,,,,,,,,,,,,,,,,,,,,,,,,,,,,,,,,,,,,,,,,,,,,,,,,,,,,,,,,,,,,,,,,,,,,,,,,,,,,,,,,,,,,
ACSSF,2011e1,co,000,0024,0000047,,,,,,,,,,,,,,,,,,,,,,,,,,,,,,,,,,,,,,,,,,,,,,,,,,,,,,,,,,,,,,,,,,,,,,,,,,,,,,,,,,,,,,,,,,,,,,,,,34.2,38.0,28.3,27.7,29.3,28.8,,,,,,,669795,335172,334623,508499,255329,253170,67084,34196,32888,58600,28401,30199,26784,12645,14139,8828,4601,4227,,,,,,,,,,,,,,,,,,,484230,362477,50917,42522,24017,4297,63346,53593,4124,4121,873,635,8576,6527,674,1208,110,57,24309,18911,1951,1393,663,1391,,,,,,,64197,47515,6796,7541,372,1973,,,,,,,,,,,,,,,,,,,,,,,,,,,,,,,,,,,,,,,,,,,,,,,,,,,,,,,,,,,,
ACSSF,2011e1,co,000,0024,0000048,,,,,,,,,,,,,,,,,,,,,,,,,,,,,,,,,,,,,,,,,,,,,,,,,,,,,,,,,,,,,,,,,,,,,,,,,,,,,,,,,,,,,,,,,,,,,,,,,35.1,38.4,25.1,25.9,29.3,34.4,,,,,,,730113,370429,359684,595794,299895,295899,61584,31587,29997,40346,20920,19426,27534,15563,11971,4855,2464,2391,,,,,,,,,,,,,,,,,,,638633,519703,56551,34035,24597,3747,8901,6962,648,719,572,0,,,,,,,27808,23346,929,1352,1424,757,,,,,,,27489,24017,1058,1980,153,281,,,,,,,,,,,,,,,,,,,,,,,,,,,,,,,,,,,,,,,,,,,,,,,,,,,,,,,,,,,,
ACSSF,2011e1,co,000,0024,0000049,,,,,,,,,,,,,,,,,,,,,,,,,,,,,,,,,,,,,,,,,,,,,,,,,,,,,,,,,,,,,,,,,,,,,,,,,,,,,,,,,,,,,,,,,,,,,,,,,40.0,44.0,24.6,29.0,29.3,27.5,,,,,,,697106,350430,346676,569582,284246,285336,78522,38889,39633,22193,11936,10257,25513,14310,11203,1296,1049,247,,,,,,,,,,,,,,,,,,,616878,503653,68054,20205,23796,1170,6186,4542,874,560,186,24,16331,13319,2038,315,557,102,,,,,,,,,,,,,32986,26803,4922,640,621,0,,,,,,,,,,,,,,,,,,,,,,,,,,,,,,,,,,,,,,,,,,,,,,,,,,,,,,,,,,,,
ACSSF,2011e1,co,000,0024,0000050,,,,,,,,,,,,,,,,,,,,,,,,,,,,,,,,,,,,,,,,,,,,,,,,,,,,,,,,,,,,,,,,,,,,,,,,,,,,,,,,,,,,,,,,,,,,,,,,,36.4,40.7,24.5,23.7,27.2,27.0,,,,,,,731271,369660,361611,579752,291951,287801,87140,44369,42771,37588,19094,18494,23083,12146,10937,3708,2100,1608,,,,,,,,,,,,,,,,,,,661645,525823,78227,33614,20663,3318,8950,5969,1204,1326,446,5,,,,,,,12892,11180,768,47,588,309,,,,,,,23436,18435,3272,1194,535,0,,,,,,,,,,,,,,,,,,,,,,,,,,,,,,,,,,,,,,,,,,,,,,,,,,,,,,,,,,,,
ACSSF,2011e1,co,000,0024,0000051,,,,,,,,,,,,,,,,,,,,,,,,,,,,,,,,,,,,,,,,,,,,,,,,,,,,,,,,,,,,,,,,,,,,,,,,,,,,,,,,,,,,,,,,,,,,,,,,,36.4,41.4,25.5,28.5,25.5,27.0,,,,,,,729174,369514,359660,565095,282124,282971,88939,46944,41995,14701,7940,6761,53650,28122,25528,6789,4384,2405,,,,,,,,,,,,,,,,,,,604071,479886,65322,11860,42552,4451,40713,25113,8938,648,5083,931,,,,,,,18356,12932,2443,287,1692,1002,,,,,,,25758,17143,6450,685,1347,133,,,,,,,,,,,,,,,,,,,,,,,,,,,,,,,,,,,,,,,,,,,,,,,,,,,,,,,,,,,,
ACSSF,2011e1,co,000,0024,0000052,,,,,,,,,,,,,,,,,,,,,,,,,,,,,,,,,,,,,,,,,,,,,,,,,,,,,,,,,,,,,,,,,,,,,,,,,,,,,,,,,,,,,,,,,,,,,,,,,39.7,41.2,28.5,30.1,35.5,32.4,,,,,,,806371,397693,408678,689579,341359,348220,47496,22309,25187,39657,20102,19555,25450,12187,13263,4189,1736,2453,,,,,,,,,,,,,,,,,,,710608,615737,37212,33088,22211,2360,25197,17388,2828,3489,1438,54,,,,,,,30428,25006,2183,867,597,1775,,,,,,,10630,9040,645,589,356,0,,,,,,,,,,,,,,,,,,,,,,,,,,,,,,,,,,,,,,,,,,,,,,,,,,,,,,,,,,,,
ACSSF,2011e1,co,000,0024,0000053,,,,,,,,,,,,,,,,,,,,,,,,,,,,,,,,,,,,,,,,,,,,,,,,,,,,,,,,,,,,,,,,,,,,,,,,,,,,,,,,,,,,,,,,,,,,,,,,,35.6,38.8,27.5,27.8,28.7,26.2,,,,,,,684613,341809,342804,539741,268254,271487,68055,35448,32607,51328,24797,26531,20110,10543,9567,5379,2767,2612,,,,,,,,,,,,,,,,,,,549181,438843,53575,38297,16375,2091,46732,33840,3777,6582,1011,1522,,,,,,,23799,19553,1718,610,778,1140,,,,,,,32943,24696,3793,3314,550,590,,,,,,,,,,,,,,,,,,,,,,,,,,,,,,,,,,,,,,,,,,,,,,,,,,,,,,,,,,,,
ACSSF,2011e1,co,000,0024,0000054,,,,,,,,,,,,,,,,,,,,,,,,,,,,,,,,,,,,,,,,,,,,,,,,,,,,,,,,,,,,,,,,,,,,,,,,,,,,,,,,,,,,,,,,,,,,,,,,,40.5,43.0,26.2,35.0,28.9,21.9,,,,,,,116849,61203,55646,96784,51401,45383,12694,6307,6387,3774,1586,2188,3339,1735,1604,258,174,84,,,,,,,,,,,,,,,,,,,111501,92643,11900,3544,3258,156,,,,,,,,,,,,,,,,,,,,,,,,,,,,,,,,,,,,,,,,,,,,,,,,,,,,,,,,,,,,,,,,,,,,,,,,,,,,,,,,,,,,,,,,,,
ACSSF,2011e1,co,000,0024,0000055,,,,,,,,,,,,,,,,,,,,,,,,,,,,,,,,,,,,,,,,,,,,,,,,,,,,,,,,,,,,,,,,,,,,,,,,,,,,,,,,,,,,,,,,,,,,,,,,,40.6,42.3,34.4,25.9,24.1,44.7,,,,,,,154522,75985,78537,129931,63558,66373,14253,7523,6730,4349,1834,2515,5560,2761,2799,429,309,120,,,,,,,,,,,,,,,,,,,138210,116647,12406,4166,4562,429,,,,,,,,,,,,,,,,,,,,,,,,,,,,,,,,,,,,,,,,,,,,,,,,,,,,,,,,,,,,,,,,,,,,,,,,,,,,,,,,,,,,,,,,,,
ACSSF,2011e1,co,000,0024,0000056,,,,,,,,,,,,,,,,,,,,,,,,,,,,,,,,,,,,,,,,,,,,,,,,,,,,,,,,,,,,,,,,,,,,,,,,,,,,,,,,,,,,,,,,,,,,,,,,,38.1,43.8,23.9,31.5,36.5,26.9,,,,,,,141934,70601,71333,114239,56564,57675,19272,9065,10207,3963,2237,1726,4257,2532,1725,203,203,0,,,,,,,,,,,,,,,,,,,127307,101942,17459,3698,4005,203,,,,,,,,,,,,,,,,,,,,,,,,,,,,,,,,,,,,,,,,,,,,,,,,,,,,,,,,,,,,,,,,,,,,,,,,,,,,,,,,,,,,,,,,,,
ACSSF,2011e1,co,000,0024,0000057,,,,,,,,,,,,,,,,,,,,,,,,,,,,,,,,,,,,,,,,,,,,,,,,,,,,,,,,,,,,,,,,,,,,,,,,,,,,,,,,,,,,,,,,,,,,,,,,,30.0,35.5,22.8,20.1,26.4,24.5,,,,,,,134386,68085,66301,98524,50132,48392,18972,9476,9496,9609,4977,4632,6484,3161,3323,797,339,458,,,,,,,,,,,,,,,,,,,122601,90643,17209,8175,6106,468,1655,979,244,282,150,0,,,,,,,,,,,,,,,,,,,,,,,,,,,,,,,,,,,,,,,,,,,,,,,,,,,,,,,,,,,,,,,,,,,,,,,,,,,,,,,,,,,,
ACSSF,2011e1,co,000,0024,0000058,,,,,,,,,,,,,,,,,,,,,,,,,,,,,,,,,,,,,,,,,,,,,,,,,,,,,,,,,,,,,,,,,,,,,,,,,,,,,,,,,,,,,,,,,,,,,,,,,34.2,37.9,22.4,24.2,35.3,19.5,,,,,,,254152,127134,127018,202322,100344,101978,31442,16463,14979,13505,6846,6659,6262,3306,2956,621,175,446,,,,,,,,,,,,,,,,,,,231278,183379,29055,12282,5946,616,,,,,,,,,,,,,,,,,,,,,,,,,8318,6752,1029,537,0,0,,,,,,,,,,,,,,,,,,,,,,,,,,,,,,,,,,,,,,,,,,,,,,,,,,,,,,,,,,,,
ACSSF,2011e1,co,000,0024,0000059,,,,,,,,,,,,,,,,,,,,,,,,,,,,,,,,,,,,,,,,,,,,,,,,,,,,,,,,,,,,,,,,,,,,,,,,,,,,,,,,,,,,,,,,,,,,,,,,,40.2,44.6,25.4,28.2,31.3,31.5,,,,,,,138332,73651,64681,111363,59907,51456,11890,5872,6018,10003,5169,4834,3843,2040,1803,1233,663,570,,,,,,,,,,,,,,,,,,,126865,102441,10537,9132,3540,1215,,,,,,,,,,,,,,,,,,,,,,,,,,,,,,,,,,,,,,,,,,,,,,,,,,,,,,,,,,,,,,,,,,,,,,,,,,,,,,,,,,,,,,,,,,
ACSSF,2011e1,co,000,0024,0000060,,,,,,,,,,,,,,,,,,,,,,,,,,,,,,,,,,,,,,,,,,,,,,,,,,,,,,,,,,,,,,,,,,,,,,,,,,,,,,,,,,,,,,,,,,,,,,,,,42.0,45.8,23.1,27.5,26.1,23.2,,,,,,,93555,46583,46972,79626,39131,40495,7170,3819,3351,4413,2277,2136,2088,1169,919,258,187,71,,,,,,,,,,,,,,,,,,,78796,67420,5621,3685,1836,234,,,,,,,,,,,,,,,,,,,,,,,,,8536,6761,993,541,241,0,,,,,,,,,,,,,,,,,,,,,,,,,,,,,,,,,,,,,,,,,,,,,,,,,,,,,,,,,,,,
ACSSF,2011e1,co,000,0024,0000061,,,,,,,,,,,,,,,,,,,,,,,,,,,,,,,,,,,,,,,,,,,,,,,,,,,,,,,,,,,,,,,,,,,,,,,,,,,,,,,,,,,,,,,,,,,,,,,,,38.9,41.0,27.1,33.4,28.3,31.6,,,,,,,152288,74501,77787,128810,61917,66893,17279,9069,8210,3323,2067,1256,2589,1255,1334,287,193,94,,,,,,,,,,,,,,,,,,,123272,105094,13071,2765,2055,287,,,,,,,,,,,,,,,,,,,,,,,,,,,,,,,,,,,,,,,,,,,,,,,,,,,,,,,,,,,,,,,,,,,,,,,,,,,,,,,,,,,,,,,,,,
ACSSF,2011e1,co,000,0024,0000062,,,,,,,,,,,,,,,,,,,,,,,,,,,,,,,,,,,,,,,,,,,,,,,,,,,,,,,,,,,,,,,,,,,,,,,,,,,,,,,,,,,,,,,,,,,,,,,,,42.7,47.7,27.0,26.0,31.6,46.3,,,,,,,168452,84882,83570,134846,67690,67156,18190,8722,9468,5021,2651,2370,10069,5509,4560,326,310,16,,,,,,,,,,,,,,,,,,,152933,122279,16084,4772,9472,326,,,,,,,6708,5105,1082,56,465,0,,,,,,,,,,,,,,,,,,,,,,,,,,,,,,,,,,,,,,,,,,,,,,,,,,,,,,,,,,,,,,,,,,,,,,,,,,,,,,
ACSSF,2011e1,co,000,0024,0000063,,,,,,,,,,,,,,,,,,,,,,,,,,,,,,,,,,,,,,,,,,,,,,,,,,,,,,,,,,,,,,,,,,,,,,,,,,,,,,,,,,,,,,,,,,,,,,,,,35.9,39.2,31.5,27.4,25.9,34.9,,,,,,,138525,74803,63722,113328,58530,54798,12253,7174,5079,4465,2689,1776,7965,6033,1932,514,377,137,,,,,,,,,,,,,,,,,,,125768,101432,11879,4393,7771,293,,,,,,,,,,,,,,,,,,,,,,,,,,,,,,,,,,,,,,,,,,,,,,,,,,,,,,,,,,,,,,,,,,,,,,,,,,,,,,,,,,,,,,,,,,
ACSSF,2011e1,co,000,0024,0000064,,,,,,,,,,,,,,,,,,,,,,,,,,,,,,,,,,,,,,,,,,,,,,,,,,,,,,,,,,,,,,,,,,,,,,,,,,,,,,,,,,,,,,,,,,,,,,,,,45.2,47.0,29.8,28.5,31.7,30.5,,,,,,,112186,57034,55152,97974,48730,49244,5503,2936,2567,4335,2853,1482,3820,2099,1721,554,416,138,,,,,,,,,,,,,,,,,,,105502,93238,4674,3621,3544,425,,,,,,,,,,,,,2063,1666,223,0,174,0,,,,,,,,,,,,,,,,,,,,,,,,,,,,,,,,,,,,,,,,,,,,,,,,,,,,,,,,,,,,,,,,,,,,,,,,
ACSSF,2011e1,co,000,0024,0000065,,,,,,,,,,,,,,,,,,,,,,,,,,,,,,,,,,,,,,,,,,,,,,,,,,,,,,,,,,,,,,,,,,,,,,,,,,,,,,,,,,,,,,,,,,,,,,,,,39.8,42.3,25.8,39.2,34.9,23.8,,,,,,,133677,67819,65858,109601,55390,54211,15418,7426,7992,4199,2412,1787,3514,1978,1536,945,613,332,,,,,,,,,,,,,,,,,,,116865,96334,13124,3552,2948,907,,,,,,,,,,,,,5932,5070,258,0,566,38,,,,,,,,,,,,,,,,,,,,,,,,,,,,,,,,,,,,,,,,,,,,,,,,,,,,,,,,,,,,,,,,,,,,,,,,
ACSSF,2011e1,co,000,0024,0000066,,,,,,,,,,,,,,,,,,,,,,,,,,,,,,,,,,,,,,,,,,,,,,,,,,,,,,,,,,,,,,,,,,,,,,,,,,,,,,,,,,,,,,,,,,,,,,,,,30.3,42.8,22.5,20.9,24.5,22.9,,,,,,,109804,53760,56044,68705,32912,35793,21990,10579,11411,7910,4431,3479,9391,5007,4384,1808,831,977,,,,,,,,,,,,,,,,,,,100044,63776,20937,6135,7753,1443,,,,,,,,,,,,,4067,1741,221,964,776,365,,,,,,,,,,,,,,,,,,,,,,,,,,,,,,,,,,,,,,,,,,,,,,,,,,,,,,,,,,,,,,,,,,,,,,,,
ACSSF,2011e1,co,000,0024,0000067,,,,,,,,,,,,,,,,,,,,,,,,,,,,,,,,,,,,,,,,,,,,,,,,,,,,,,,,,,,,,,,,,,,,,,,,,,,,,,,,,,,,,,,,,,,,,,,,,38.9,40.4,27.3,28.3,31.7,18.9,,,,,,,125041,60286,64755,109008,52248,56760,3757,2018,1739,7264,3146,4118,4693,2555,2138,319,319,0,,,,,,,,,,,,,,,,,,,111656,96539,3635,6787,4376,319,,,,,,,,,,,,,,,,,,,,,,,,,,,,,,,,,,,,,,,,,,,,,,,,,,,,,,,,,,,,,,,,,,,,,,,,,,,,,,,,,,,,,,,,,,
ACSSF,2011e1,co,000,0024,0000068,,,,,,,,,,,,,,,,,,,,,,,,,,,,,,,,,,,,,,,,,,,,,,,,,,,,,,,,,,,,,,,,,,,,,,,,,,,,,,,,,,,,,,,,,,,,,,,,,35.8,39.4,22.8,29.0,29.4,56.7,,,,,,,113104,56466,56638,90505,45053,45452,11835,6315,5520,6089,3024,3065,4067,1764,2303,608,310,298,,,,,,,,,,,,,,,,,,,92294,73210,10408,4502,3566,608,,,,,,,,,,,,,,,,,,,,,,,,,,,,,,,,,,,,,,,,,,,,,,,,,,,,,,,,,,,,,,,,,,,,,,,,,,,,,,,,,,,,,,,,,,
ACSSF,2011e1,co,000,0024,0000069,,,,,,,,,,,,,,,,,,,,,,,,,,,,,,,,,,,,,,,,,,,,,,,,,,,,,,,,,,,,,,,,,,,,,,,,,,,,,,,,,,,,,,,,,,,,,,,,,31.9,33.8,28.0,24.2,30.2,59.2,,,,,,,140705,72647,68058,119157,62103,57054,9728,4550,5178,9651,4953,4698,1062,501,561,1107,540,567,,,,,,,,,,,,,,,,,,,120520,101788,8916,8218,943,655,,,,,,,,,,,,,,,,,,,,,,,,,,,,,,,,,,,,,,,,,,,,,,,,,,,,,,,,,,,,,,,,,,,,,,,,,,,,,,,,,,,,,,,,,,
ACSSF,2011e1,co,000,0024,0000070,,,,,,,,,,,,,,,,,,,,,,,,,,,,,,,,,,,,,,,,,,,,,,,,,,,,,,,,,,,,,,,,,,,,,,,,,,,,,,,,,,,,,,,,,,,,,,,,,32.7,35.1,27.8,22.6,38.1,60.5,,,,,,,151819,74085,77734,128833,62441,66392,9684,4978,4706,10690,5251,5439,2370,1396,974,242,19,223,,,,,,,,,,,,,,,,,,,123970,104732,8173,8506,2317,242,,,,,,,,,,,,,,,,,,,,,,,,,13569,11787,484,1298,0,0,,,,,,,,,,,,,,,,,,,,,,,,,,,,,,,,,,,,,,,,,,,,,,,,,,,,,,,,,,,,
ACSSF,2011e1,co,000,0024,0000071,,,,,,,,,,,,,,,,,,,,,,,,,,,,,,,,,,,,,,,,,,,,,,,,,,,,,,,,,,,,,,,,,,,,,,,,,,,,,,,,,,,,,,,,,,,,,,,,,34.2,37.3,25.3,28.3,30.9,33.0,,,,,,,186392,90303,96089,148841,74747,74094,13935,5270,8665,16256,6777,9479,7085,3371,3714,275,138,137,,,,,,,,,,,,,,,,,,,141592,117668,8738,10328,4674,184,16447,10237,1192,4046,918,54,,,,,,,12035,10342,862,237,557,37,,,,,,,,,,,,,,,,,,,,,,,,,,,,,,,,,,,,,,,,,,,,,,,,,,,,,,,,,,,,,,,,,,,,,,,,
ACSSF,2011e1,co,000,0024,0000072,,,,,,,,,,,,,,,,,,,,,,,,,,,,,,,,,,,,,,,,,,,,,,,,,,,,,,,,,,,,,,,,,,,,,,,,,,,,,,,,,,,,,,,,,,,,,,,,,32.7,35.2,26.8,28.5,31.3,26.7,,,,,,,109078,54102,54976,89565,43708,45857,11240,5450,5790,5619,3272,2347,2237,1467,770,417,205,212,,,,,,,,,,,,,,,,,,,65406,55252,4588,3912,1433,221,21252,16625,2651,1336,444,196,,,,,,,,,,,,,,,,,,,9939,8151,1347,241,200,0,,,,,,,,,,,,,,,,,,,,,,,,,,,,,,,,,,,,,,,,,,,,,,,,,,,,,,,,,,,,
ACSSF,2011e1,co,000,0024,0000073,,,,,,,,,,,,,,,,,,,,,,,,,,,,,,,,,,,,,,,,,,,,,,,,,,,,,,,,,,,,,,,,,,,,,,,,,,,,,,,,,,,,,,,,,,,,,,,,,33.7,36.1,26.5,29.7,20.9,21.2,,,,,,,112886,58310,54576,79621,40084,39537,16413,9140,7273,11615,6384,5231,2732,1318,1414,2505,1384,1121,,,,,,,,,,,,,,,,,,,74847,54397,11730,6828,1679,213,17631,11860,1428,3127,445,771,,,,,,,,,,,,,,,,,,,8600,5069,2104,732,188,507,,,,,,,,,,,,,,,,,,,,,,,,,,,,,,,,,,,,,,,,,,,,,,,,,,,,,,,,,,,,
ACSSF,2011e1,co,000,0024,0000074,,,,,,,,,,,,,,,,,,,,,,,,,,,,,,,,,,,,,,,,,,,,,,,,,,,,,,,,,,,,,,,,,,,,,,,,,,,,,,,,,,,,,,,,,,,,,,,,,41.5,44.3,28.1,25.7,35.8,51.6,,,,,,,116809,57761,59048,100220,49297,50923,5514,3373,2141,6552,3255,3297,3827,1578,2249,696,258,438,,,,,,,,,,,,,,,,,,,104549,90025,4866,5706,3392,560,,,,,,,,,,,,,,,,,,,,,,,,,,,,,,,,,,,,,,,,,,,,,,,,,,,,,,,,,,,,,,,,,,,,,,,,,,,,,,,,,,,,,,,,,,
ACSSF,2011e1,co,000,0024,0000075,,,,,,,,,,,,,,,,,,,,,,,,,,,,,,,,,,,,,,,,,,,,,,,,,,,,,,,,,,,,,,,,,,,,,,,,,,,,,,,,,,,,,,,,,,,,,,,,,32.1,35.2,28.3,26.7,26.3,82.4,,,,,,,155057,76494,78563,118908,58387,60521,14329,7477,6852,14317,7456,6861,5610,2282,3328,1893,892,1001,,,,,,,,,,,,,,,,,,,89473,65462,9820,8551,5119,521,37106,33259,2666,888,262,31,,,,,,,,,,,,,,,,,,,19266,13521,899,3556,136,1154,,,,,,,,,,,,,,,,,,,,,,,,,,,,,,,,,,,,,,,,,,,,,,,,,,,,,,,,,,,,
ACSSF,2011e1,co,000,0024,0000076,,,,,,,,,,,,,,,,,,,,,,,,,,,,,,,,,,,,,,,,,,,,,,,,,,,,,,,,,,,,,,,,,,,,,,,,,,,,,,,,,,,,,,,,,,,,,,,,,33.6,38.0,28.2,26.2,29.9,28.0,,,,,,,97436,51590,45846,70756,36921,33835,12440,6916,5524,8351,4787,3564,4780,2306,2474,1109,660,449,,,,,,,,,,,,,,,,,,,79627,57571,9607,7496,3984,969,,,,,,,,,,,,,2770,1558,718,383,0,111,,,,,,,,,,,,,,,,,,,,,,,,,,,,,,,,,,,,,,,,,,,,,,,,,,,,,,,,,,,,,,,,,,,,,,,,
ACSSF,2011e1,co,000,0024,0000077,,,,,,,,,,,,,,,,,,,,,,,,,,,,,,,,,,,,,,,,,,,,,,,,,,,,,,,,,,,,,,,,,,,,,,,,,,,,,,,,,,,,,,,,,,,,,,,,,34.7,40.2,28.6,28.8,30.0,25.3,,,,,,,106541,55062,51479,77182,40985,36197,15162,7764,7398,5812,2060,3752,7213,3797,3416,1172,456,716,,,,,,,,,,,,,,,,,,,96765,70375,13868,5501,6484,537,,,,,,,,,,,,,2860,1825,173,191,313,358,,,,,,,,,,,,,,,,,,,,,,,,,,,,,,,,,,,,,,,,,,,,,,,,,,,,,,,,,,,,,,,,,,,,,,,,
ACSSF,2011e1,co,000,0024,0000078,,,,,,,,,,,,,,,,,,,,,,,,,,,,,,,,,,,,,,,,,,,,,,,,,,,,,,,,,,,,,,,,,,,,,,,,,,,,,,,,,,,,,,,,,,,,,,,,,37.1,42.3,29.0,29.5,28.0,28.0,,,,,,,150967,72624,78343,113485,55539,57946,10251,4737,5514,16048,6992,9056,7286,3416,3870,3897,1940,1957,,,,,,,,,,,,,,,,,,,114147,86463,8703,10573,6611,1797,16809,12195,541,2938,114,1021,,,,,,,8557,6545,371,477,333,831,,,,,,,,,,,,,,,,,,,,,,,,,,,,,,,,,,,,,,,,,,,,,,,,,,,,,,,,,,,,,,,,,,,,,,,,
ACSSF,2011e1,co,000,0024,0000079,,,,,,,,,,,,,,,,,,,,,,,,,,,,,,,,,,,,,,,,,,,,,,,,,,,,,,,,,,,,,,,,,,,,,,,,,,,,,,,,,,,,,,,,,,,,,,,,,31.0,33.5,24.0,27.2,37.3,26.1,,,,,,,124202,61364,62838,98407,48473,49934,11565,5544,6021,11122,5603,5519,1837,987,850,1271,757,514,,,,,,,,,,,,,,,,,,,75389,58133,5971,8297,1837,1151,,,,,,,,,,,,,,,,,,,,,,,,,30862,24464,4422,1976,0,0,,,,,,,,,,,,,,,,,,,,,,,,,,,,,,,,,,,,,,,,,,,,,,,,,,,,,,,,,,,,
ACSSF,2011e1,co,000,0024,0000080,,,,,,,,,,,,,,,,,,,,,,,,,,,,,,,,,,,,,,,,,,,,,,,,,,,,,,,,,,,,,,,,,,,,,,,,,,,,,,,,,,,,,,,,,,,,,,,,,40.8,44.5,29.0,30.3,29.3,36.4,,,,,,,111842,54552,57290,94184,46306,47878,9088,4598,4490,4693,1587,3106,3429,1678,1751,448,383,65,,,,,,,,,,,,,,,,,,,102469,86055,8806,4071,3178,359,,,,,,,,,,,,,,,,,,,,,,,,,,,,,,,,,,,,,,,,,,,,,,,,,,,,,,,,,,,,,,,,,,,,,,,,,,,,,,,,,,,,,,,,,,
ACSSF,2011e1,co,000,0024,0000081,,,,,,,,,,,,,,,,,,,,,,,,,,,,,,,,,,,,,,,,,,,,,,,,,,,,,,,,,,,,,,,,,,,,,,,,,,,,,,,,,,,,,,,,,,,,,,,,,40.4,45.3,28.4,26.1,29.2,82.0,,,,,,,90468,46196,44272,67966,34336,33630,11622,6321,5301,8228,4004,4224,2578,1499,1079,74,36,38,,,,,,,,,,,,,,,,,,,81999,61713,10802,7204,2206,74,,,,,,,,,,,,,,,,,,,,,,,,,,,,,,,,,,,,,,,,,,,,,,,,,,,,,,,,,,,,,,,,,,,,,,,,,,,,,,,,,,,,,,,,,,
ACSSF,2011e1,co,000,0024,0000082,,,,,,,,,,,,,,,,,,,,,,,,,,,,,,,,,,,,,,,,,,,,,,,,,,,,,,,,,,,,,,,,,,,,,,,,,,,,,,,,,,,,,,,,,,,,,,,,,38.8,42.1,28.6,28.9,30.1,29.6,,,,,,,141819,70458,71361,121195,60427,60768,8971,4346,4625,6003,3212,2791,5237,2226,3011,413,247,166,,,,,,,,,,,,,,,,,,,129762,111254,8574,4882,4699,353,,,,,,,,,,,,,,,,,,,,,,,,,,,,,,,,,,,,,,,,,,,,,,,,,,,,,,,,,,,,,,,,,,,,,,,,,,,,,,,,,,,,,,,,,,
ACSSF,2011e1,co,000,0024,0000083,,,,,,,,,,,,,,,,,,,,,,,,,,,,,,,,,,,,,,,,,,,,,,,,,,,,,,,,,,,,,,,,,,,,,,,,,,,,,,,,,,,,,,,,,,,,,,,,,41.8,43.9,31.1,33.2,37.8,36.2,,,,,,,102982,50023,52959,84916,41878,43038,6685,3083,3602,8071,3467,4604,2114,1100,1014,1196,495,701,,,,,,,,,,,,,,,,,,,90242,75449,5470,7136,1710,477,,,,,,,,,,,,,,,,,,,,,,,,,,,,,,,,,,,,,,,,,,,,,,,,,,,,,,,,,,,,,,,,,,,,,,,,,,,,,,,,,,,,,,,,,,
ACSSF,2011e1,co,000,0024,0000084,,,,,,,,,,,,,,,,,,,,,,,,,,,,,,,,,,,,,,,,,,,,,,,,,,,,,,,,,,,,,,,,,,,,,,,,,,,,,,,,,,,,,,,,,,,,,,,,,38.3,39.8,30.4,30.8,34.9,32.2,,,,,,,145438,73300,72138,126507,63825,62682,5403,2839,2564,8045,3943,4102,3373,1805,1568,2110,888,1222,,,,,,,,,,,,,,,,,,,131050,114759,4885,7692,3080,634,,,,,,,,,,,,,6825,4799,373,66,111,1476,,,,,,,,,,,,,,,,,,,,,,,,,,,,,,,,,,,,,,,,,,,,,,,,,,,,,,,,,,,,,,,,,,,,,,,,
ACSSF,2011e1,co,000,0024,0000085,,,,,,,,,,,,,,,,,,,,,,,,,,,,,,,,,,,,,,,,,,,,,,,,,,,,,,,,,,,,,,,,,,,,,,,,,,,,,,,,,,,,,,,,,,,,,,,,,39.0,40.7,30.5,29.7,32.6,17.5,,,,,,,179058,89372,89686,148406,73712,74694,16817,8169,8648,5925,3826,2099,7640,3665,3975,270,0,270,,,,,,,,,,,,,,,,,,,165469,138899,13884,5126,7453,107,,,,,,,,,,,,,,,,,,,,,,,,,,,,,,,,,,,,,,,,,,,,,,,,,,,,,,,,,,,,,,,,,,,,,,,,,,,,,,,,,,,,,,,,,,
ACSSF,2011e1,co,000,0024,0000086,,,,,,,,,,,,,,,,,,,,,,,,,,,,,,,,,,,,,,,,,,,,,,,,,,,,,,,,,,,,,,,,,,,,,,,,,,,,,,,,,,,,,,,,,,,,,,,,,32.9,38.5,25.6,23.7,21.3,26.8,,,,,,,158341,81557,76784,127335,65366,61969,11949,5810,6139,1249,542,707,15686,8380,7306,2122,1459,663,,,,,,,,,,,,,,,,,,,137820,113393,9934,1226,12015,1252,6206,2576,1208,23,2183,216,,,,,,,,,,,,,,,,,,,,,,,,,,,,,,,,,,,,,,,,,,,,,,,,,,,,,,,,,,,,,,,,,,,,,,,,,,,,,,,,,,,,
ACSSF,2011e1,co,000,0024,0000087,,,,,,,,,,,,,,,,,,,,,,,,,,,,,,,,,,,,,,,,,,,,,,,,,,,,,,,,,,,,,,,,,,,,,,,,,,,,,,,,,,,,,,,,,,,,,,,,,42.7,46.4,31.8,32.2,26.6,29.0,,,,,,,97385,46697,50688,75476,35341,40135,13125,6412,6713,1650,1205,445,6349,3325,3024,785,414,371,,,,,,,,,,,,,,,,,,,82490,65577,9755,1582,5050,526,4328,2627,633,68,741,259,,,,,,,,,,,,,,,,,,,,,,,,,,,,,,,,,,,,,,,,,,,,,,,,,,,,,,,,,,,,,,,,,,,,,,,,,,,,,,,,,,,,
ACSSF,2011e1,co,000,0024,0000088,,,,,,,,,,,,,,,,,,,,,,,,,,,,,,,,,,,,,,,,,,,,,,,,,,,,,,,,,,,,,,,,,,,,,,,,,,,,,,,,,,,,,,,,,,,,,,,,,39.1,48.1,25.3,23.7,25.3,21.7,,,,,,,102730,50466,52264,74466,35987,38479,18189,9880,8309,2958,1315,1643,5275,2229,3046,1842,1055,787,,,,,,,,,,,,,,,,,,,85524,64514,13645,2095,4228,1042,4692,2599,946,195,727,225,,,,,,,2026,868,312,111,160,575,,,,,,,,,,,,,,,,,,,,,,,,,,,,,,,,,,,,,,,,,,,,,,,,,,,,,,,,,,,,,,,,,,,,,,,,
ACSSF,2011e1,co,000,0024,0000089,,,,,,,,,,,,,,,,,,,,,,,,,,,,,,,,,,,,,,,,,,,,,,,,,,,,,,,,,,,,,,,,,,,,,,,,,,,,,,,,,,,,,,,,,,,,,,,,,31.5,37.0,24.7,25.5,29.3,28.2,,,,,,,164077,81578,82499,127002,60800,66202,18472,10480,7992,2150,1091,1059,15798,8850,6948,655,357,298,,,,,,,,,,,,,,,,,,,140452,110499,14870,1824,12674,585,,,,,,,,,,,,,,,,,,,,,,,,,,,,,,,,,,,,,,,,,,,,,,,,,,,,,,,,,,,,,,,,,,,,,,,,,,,,,,,,,,,,,,,,,,
ACSSF,2011e1,co,000,0024,0000090,,,,,,,,,,,,,,,,,,,,,,,,,,,,,,,,,,,,,,,,,,,,,,,,,,,,,,,,,,,,,,,,,,,,,,,,,,,,,,,,,,,,,,,,,,,,,,,,,30.7,38.3,22.9,25.8,24.5,27.4,,,,,,,106471,53429,53042,76799,37786,39013,20283,10781,9502,1705,800,905,6732,3310,3422,952,752,200,,,,,,,,,,,,,,,,,,,69236,50627,11349,1088,5559,613,,,,,,,,,,,,,,,,,,,,,,,,,,,,,,,,,,,,,,,,,,,,,,,,,,,,,,,,,,,,,,,,,,,,,,,,,,,,,,,,,,,,,,,,,,
ACSSF,2011e1,co,000,0024,0000091,,,,,,,,,,,,,,,,,,,,,,,,,,,,,,,,,,,,,,,,,,,,,,,,,,,,,,,,,,,,,,,,,,,,,,,,,,,,,,,,,,,,,,,,,,,,,,,,,47.2,49.0,31.0,35.2,39.6,53.3,,,,,,,109133,59944,49189,93249,51202,42047,6037,3060,2977,5481,3209,2272,3933,2126,1807,433,347,86,,,,,,,,,,,,,,,,,,,97556,84500,4905,4570,3148,433,,,,,,,,,,,,,,,,,,,,,,,,,,,,,,,,,,,,,,,,,,,,,,,,,,,,,,,,,,,,,,,,,,,,,,,,,,,,,,,,,,,,,,,,,,
ACSSF,2011e1,co,000,0024,0000092,,,,,,,,,,,,,,,,,,,,,,,,,,,,,,,,,,,,,,,,,,,,,,,,,,,,,,,,,,,,,,,,,,,,,,,,,,,,,,,,,,,,,,,,,,,,,,,,,38.2,42.4,30.4,27.9,24.6,20.5,,,,,,,100072,50992,49080,80642,40687,39955,10326,5696,4630,841,283,558,7825,4140,3685,438,186,252,,,,,,,,,,,,,,,,,,,89158,72720,8677,841,6552,368,,,,,,,,,,,,,,,,,,,,,,,,,,,,,,,,,,,,,,,,,,,,,,,,,,,,,,,,,,,,,,,,,,,,,,,,,,,,,,,,,,,,,,,,,,
ACSSF,2011e1,co,000,0024,0000093,,,,,,,,,,,,,,,,,,,,,,,,,,,,,,,,,,,,,,,,,,,,,,,,,,,,,,,,,,,,,,,,,,,,,,,,,,,,,,,,,,,,,,,,,,,,,,,,,31.2,33.7,26.3,28.3,26.2,23.6,,,,,,,210983,105692,105291,153466,76064,77402,24703,12803,11900,23055,11749,11306,6800,3450,3350,2959,1626,1333,,,,,,,,,,,,,,,,,,,127711,97135,13124,12677,4341,434,40545,27258,4087,7344,889,967,,,,,,,,,,,,,,,,,,,18670,12389,3487,1899,388,507,,,,,,,,,,,,,,,,,,,,,,,,,,,,,,,,,,,,,,,,,,,,,,,,,,,,,,,,,,,,
ACSSF,2011e1,co,000,0024,0000094,,,,,,,,,,,,,,,,,,,,,,,,,,,,,,,,,,,,,,,,,,,,,,,,,,,,,,,,,,,,,,,,,,,,,,,,,,,,,,,,,,,,,,,,,,,,,,,,,35.2,42.4,23.1,24.3,26.3,22.8,,,,,,,213023,106974,106049,158363,79253,79110,27322,13058,14264,12636,7106,5530,12703,6676,6027,1999,881,1118,,,,,,,,,,,,,,,,,,,192902,144488,25705,10322,10753,1634,,,,,,,,,,,,,7437,4537,562,964,1009,365,,,,,,,,,,,,,,,,,,,,,,,,,,,,,,,,,,,,,,,,,,,,,,,,,,,,,,,,,,,,,,,,,,,,,,,,
ACSSF,2011e1,co,000,0024,0000095,,,,,,,,,,,,,,,,,,,,,,,,,,,,,,,,,,,,,,,,,,,,,,,,,,,,,,,,,,,,,,,,,,,,,,,,,,,,,,,,,,,,,,,,,,,,,,,,,33.7,35.6,32.0,15.3,42.0,60.5,,,,,,,74362,35059,39303,64858,30171,34687,4011,1958,2053,4318,2348,1970,933,563,370,242,19,223,,,,,,,,,,,,,,,,,,,62847,55147,2826,3699,933,242,,,,,,,,,,,,,,,,,,,,,,,,,,,,,,,,,,,,,,,,,,,,,,,,,,,,,,,,,,,,,,,,,,,,,,,,,,,,,,,,,,,,,,,,,,
ACSSF,2011e1,co,000,0024,0000096,,,,,,,,,,,,,,,,,,,,,,,,,,,,,,,,,,,,,,,,,,,,,,,,,,,,,,,,,,,,,,,,,,,,,,,,,,,,,,,,,,,,,,,,,,,,,,,,,36.9,39.2,28.2,28.8,29.5,24.5,,,,,,,267644,131867,135777,218343,109062,109281,20840,9690,11150,16225,7604,8621,9735,4600,5135,2501,911,1590,,,,,,,,,,,,,,,,,,,209701,173410,15101,12702,7348,1140,20252,15630,1346,1721,946,609,,,,,,,18275,14785,1744,515,578,653,,,,,,,,,,,,,,,,,,,,,,,,,,,,,,,,,,,,,,,,,,,,,,,,,,,,,,,,,,,,,,,,,,,,,,,,
ACSSF,2011e1,co,000,0024,0000097,,,,,,,,,,,,,,,,,,,,,,,,,,,,,,,,,,,,,,,,,,,,,,,,,,,,,,,,,,,,,,,,,,,,,,,,,,,,,,,,,,,,,,,,,,,,,,,,,37.3,43.3,25.7,26.1,25.8,22.7,,,,,,,224588,110125,114463,168385,80598,87787,33886,18303,15583,5001,2560,2441,15140,7392,7748,2176,1272,904,,,,,,,,,,,,,,,,,,,182985,142873,23954,3784,10998,1376,12677,7343,3234,263,1612,225,,,,,,,4193,1932,986,133,567,575,,,,,,,,,,,,,,,,,,,,,,,,,,,,,,,,,,,,,,,,,,,,,,,,,,,,,,,,,,,,,,,,,,,,,,,,
ACSSF,2011e1,co,000,0024,0000098,,,,,,,,,,,,,,,,,,,,,,,,,,,,,,,,,,,,,,,,,,,,,,,,,,,,,,,,,,,,,,,,,,,,,,,,,,,,,,,,,,,,,,,,,,,,,,,,,34.0,37.9,28.0,27.6,29.3,29.1,,,,,,,610005,305546,304459,462442,231972,230470,62715,31782,30933,52945,26051,26894,24585,11839,12746,7318,3902,3416,,,,,,,,,,,,,,,,,,,438341,326413,47074,38659,22037,4158,59124,50086,4081,3525,797,635,8330,6281,674,1208,110,57,22830,18256,1951,1265,520,838,,,,,,,59556,44825,6500,6563,372,1296,,,,,,,,,,,,,,,,,,,,,,,,,,,,,,,,,,,,,,,,,,,,,,,,,,,,,,,,,,,,
ACSSF,2011e1,co,000,0024,0000099,,,,,,,,,,,,,,,,,,,,,,,,,,,,,,,,,,,,,,,,,,,,,,,,,,,,,,,,,,,,,,,,,,,,,,,,,,,,,,,,,,,,,,,,,,,,,,,,,38.1,39.9,30.3,30.7,35.2,32.1,,,,,,,289380,144418,144962,242361,120636,121725,20330,10146,10184,13513,7495,6018,10856,5313,5543,2320,828,1492,,,,,,,,,,,,,,,,,,,264629,223925,17220,12361,10382,741,,,,,,,,,,,,,10975,8096,686,452,162,1579,,,,,,,,,,,,,,,,,,,,,,,,,,,,,,,,,,,,,,,,,,,,,,,,,,,,,,,,,,,,,,,,,,,,,,,,
ACSSF,2011e1,co,000,0024,0000100,,,,,,,,,,,,,,,,,,,,,,,,,,,,,,,,,,,,,,,,,,,,,,,,,,,,,,,,,,,,,,,,,,,,,,,,,,,,,,,,,,,,,,,,,,,,,,,,,30.3,32.9,23.4,23.7,30.0,31.2,,,,,,,80938,41756,39182,63513,31837,31676,7911,4557,3354,906,477,429,8292,4615,3677,316,270,46,,,,,,,,,,,,,,,,,,,70289,55141,7466,602,6764,316,,,,,,,,,,,,,,,,,,,,,,,,,,,,,,,,,,,,,,,,,,,,,,,,,,,,,,,,,,,,,,,,,,,,,,,,,,,,,,,,,,,,,,,,,,
ACSSF,2011e1,co,000,0024,0000101,,,,,,,,,,,,,,,,,,,,,,,,,,,,,,,,,,,,,,,,,,,,,,,,,,,,,,,,,,,,,,,,,,,,,,,,,,,,,,,,,,,,,,,,,,,,,,,,,33.0,37.8,23.8,20.4,25.0,26.6,,,,,,,183480,92467,91013,138992,69838,69154,23643,12212,11431,11543,5794,5749,8385,4284,4101,917,339,578,,,,,,,,,,,,,,,,,,,167449,127782,21419,10045,7615,588,1677,979,244,304,150,0,,,,,,,,,,,,,,,,,,,,,,,,,,,,,,,,,,,,,,,,,,,,,,,,,,,,,,,,,,,,,,,,,,,,,,,,,,,,,,,,,,,,
ACSSF,2011e1,co,000,0024,0000102,,,,,,,,,,,,,,,,,,,,,,,,,,,,,,,,,,,,,,,,,,,,,,,,,,,,,,,,,,,,,,,,,,,,,,,,,,,,,,,,,,,,,,,,,,,,,,,,,38.1,43.8,23.9,31.5,36.5,26.9,,,,,,,141934,70601,71333,114239,56564,57675,19272,9065,10207,3963,2237,1726,4257,2532,1725,203,203,0,,,,,,,,,,,,,,,,,,,127307,101942,17459,3698,4005,203,,,,,,,,,,,,,,,,,,,,,,,,,,,,,,,,,,,,,,,,,,,,,,,,,,,,,,,,,,,,,,,,,,,,,,,,,,,,,,,,,,,,,,,,,,
ACSSF,2011e1,co,000,0024,0000103,,,,,,,,,,,,,,,,,,,,,,,,,,,,,,,,,,,,,,,,,,,,,,,,,,,,,,,,,,,,,,,,,,,,,,,,,,,,,,,,,,,,,,,,,,,,,,,,,31.3,37.0,22.3,20.9,33.7,20.2,,,,,,,116748,57408,59340,85763,41539,44224,19080,9592,9488,7343,3942,3401,4211,2165,2046,351,170,181,,,,,,,,,,,,,,,,,,,105563,77134,16957,7049,4072,351,,,,,,,,,,,,,,,,,,,,,,,,,,,,,,,,,,,,,,,,,,,,,,,,,,,,,,,,,,,,,,,,,,,,,,,,,,,,,,,,,,,,,,,,,,
ACSSF,2011e1,co,000,0024,0000104,,,,,,,,,,,,,,,,,,,,,,,,,,,,,,,,,,,,,,,,,,,,,,,,,,,,,,,,,,,,,,,,,,,,,,,,,,,,,,,,,,,,,,,,,,,,,,,,,28.1,34.4,23.1,28.1,23.3,26.7,,,,,,,74215,37639,36576,48079,23530,24549,17709,9257,8452,1035,495,540,6035,3480,2555,1357,877,480,,,,,,,,,,,,,,,,,,,47425,31182,9919,807,4725,792,11701,6850,4158,0,409,284,,,,,,,,,,,,,,,,,,,,,,,,,,,,,,,,,,,,,,,,,,,,,,,,,,,,,,,,,,,,,,,,,,,,,,,,,,,,,,,,,,,,
ACSSF,2011e1,co,000,0024,0000105,,,,,,,,,,,,,,,,,,,,,,,,,,,,,,,,,,,,,,,,,,,,,,,,,,,,,,,,,,,,,,,,,,,,,,,,,,,,,,,,,,,,,,,,,,,,,,,,,41.1,43.8,28.5,28.1,29.7,29.2,,,,,,,535987,266876,269111,451771,223892,227879,37602,19592,18010,27137,13352,13785,17599,8694,8905,1878,1346,532,,,,,,,,,,,,,,,,,,,490506,414588,35229,23348,15731,1610,5421,3927,0,972,522,0,,,,,,,13145,11515,360,432,689,149,,,,,,,7646,6164,418,819,162,83,,,,,,,,,,,,,,,,,,,,,,,,,,,,,,,,,,,,,,,,,,,,,,,,,,,,,,,,,,,,
ACSSF,2011e1,co,000,0024,0000106,,,,,,,,,,,,,,,,,,,,,,,,,,,,,,,,,,,,,,,,,,,,,,,,,,,,,,,,,,,,,,,,,,,,,,,,,,,,,,,,,,,,,,,,,,,,,,,,,43.4,46.1,26.2,31.4,42.9,35.3,,,,,,,96397,45323,51074,81590,38941,42649,5841,2855,2986,6060,2267,3793,2160,857,1303,746,403,343,,,,,,,,,,,,,,,,,,,89158,75492,5160,5716,2080,710,,,,,,,,,,,,,,,,,,,,,,,,,,,,,,,,,,,,,,,,,,,,,,,,,,,,,,,,,,,,,,,,,,,,,,,,,,,,,,,,,,,,,,,,,,
ACSSF,2011e1,co,000,0024,0000107,,,,,,,,,,,,,,,,,,,,,,,,,,,,,,,,,,,,,,,,,,,,,,,,,,,,,,,,,,,,,,,,,,,,,,,,,,,,,,,,,,,,,,,,,,,,,,,,,38.7,40.9,26.1,34.5,40.2,24.0,,,,,,,151236,75788,75448,126148,63022,63126,15357,7403,7954,5327,2662,2665,3235,1994,1241,1169,707,462,,,,,,,,,,,,,,,,,,,132890,111593,13250,4254,2732,1061,,,,,,,,,,,,,,,,,,,,,,,,,,,,,,,,,,,,,,,,,,,,,,,,,,,,,,,,,,,,,,,,,,,,,,,,,,,,,,,,,,,,,,,,,,
ACSSF,2011e1,co,000,0024,0000108,,,,,,,,,,,,,,,,,,,,,,,,,,,,,,,,,,,,,,,,,,,,,,,,,,,,,,,,,,,,,,,,,,,,,,,,,,,,,,,,,,,,,,,,,,,,,,,,,40.7,44.3,29.0,24.3,22.5,44.3,,,,,,,108059,53254,54805,92110,45627,46483,9532,4712,4820,2465,984,1481,3651,1630,2021,301,301,0,,,,,,,,,,,,,,,,,,,95560,81764,8146,2304,3045,301,,,,,,,,,,,,,,,,,,,,,,,,,,,,,,,,,,,,,,,,,,,,,,,,,,,,,,,,,,,,,,,,,,,,,,,,,,,,,,,,,,,,,,,,,,
ACSSF,2011e1,co,000,0024,0000109,,,,,,,,,,,,,,,,,,,,,,,,,,,,,,,,,,,,,,,,,,,,,,,,,,,,,,,,,,,,,,,,,,,,,,,,,,,,,,,,,,,,,,,,,,,,,,,,,39.0,40.9,27.7,33.9,28.7,14.0,,,,,,,108911,53092,55819,90218,43100,47118,14059,7404,6655,2447,1548,899,2003,950,1053,184,90,94,,,,,,,,,,,,,,,,,,,86968,72467,10652,2196,1469,184,,,,,,,,,,,,,,,,,,,,,,,,,,,,,,,,,,,,,,,,,,,,,,,,,,,,,,,,,,,,,,,,,,,,,,,,,,,,,,,,,,,,,,,,,,
ACSSF,2011e1,co,000,0024,0000110,,,,,,,,,,,,,,,,,,,,,,,,,,,,,,,,,,,,,,,,,,,,,,,,,,,,,,,,,,,,,,,,,,,,,,,,,,,,,,,,,,,,,,,,,,,,,,,,,34.1,37.3,24.9,26.5,38.0,22.5,,,,,,,208349,105316,103033,175764,89300,86464,14133,7169,6964,14283,6803,7480,3624,1808,1816,545,236,309,,,,,,,,,,,,,,,,,,,174172,145802,12578,12480,3197,115,,,,,,,,,,,,,,,,,,,,,,,,,,,,,,,,,,,,,,,,,,,,,,,,,,,,,,,,,,,,,,,,,,,,,,,,,,,,,,,,,,,,,,,,,,
ACSSF,2011e1,co,000,0024,0000111,,,,,,,,,,,,,,,,,,,,,,,,,,,,,,,,,,,,,,,,,,,,,,,,,,,,,,,,,,,,,,,,,,,,,,,,,,,,,,,,,,,,,,,,,,,,,,,,,32.6,35.2,25.4,27.4,29.0,57.0,,,,,,,70492,34910,35582,55712,27567,28145,7141,3569,3572,4894,2450,2444,2285,1093,1192,460,231,229,,,,,,,,,,,,,,,,,,,58997,45874,6574,3903,2186,460,,,,,,,,,,,,,,,,,,,,,,,,,,,,,,,,,,,,,,,,,,,,,,,,,,,,,,,,,,,,,,,,,,,,,,,,,,,,,,,,,,,,,,,,,,
