ACSSF,2011e1,co,000,0129,0000001,2492419,62758,177249,172464,65751,286037,118177,76232,177078,332936,505758,257989,129918,130072,1000410,22976,38061,70474,11090,34694,21219,41121,86755,197725,330856,51046,32505,61888,425902,3224,1701,2015,458,12517,2223,1449,6015,50920,101630,158927,46574,38249,605280,4963,10879,26209,37108,196024,31746,22348,76963,61998,58463,34782,19692,24105,233833,23992,118660,9811,3590,13188,11409,8218,3973,8719,5430,3185,20073,3585,226994,7603,7948,63955,13505,29614,51580,3096,3372,13574,9379,10049,11074,2245
ACSSF,2011e1,co,000,0129,0000002,1929595,30923,130551,130336,52020,227063,87629,61479,137964,266661,399154,208234,104459,93122,763777,11421,25252,49529,8825,26044,15575,33439,66236,156391,260900,38635,26447,45083,340279,1179,1159,1779,319,10514,1787,1181,5416,41916,79867,131229,37177,26756,478013,3153,7864,20286,28799,157333,23124,18655,59502,50790,47491,27939,15792,17285,168806,10892,90470,7784,2648,9372,7543,5471,3684,7150,4434,1843,15237,2278,178720,4278,5806,50958,11429,23800,39600,2733,3126,10414,6462,8588,9806,1720
ACSSF,2011e1,co,000,0129,0000003,562824,31835,46698,42128,13731,58974,30548,14753,39114,66275,106604,49755,25459,36950,236633,11555,12809,20945,2265,8650,5644,7682,20519,41334,69956,12411,6058,16805,85623,2045,542,236,139,2003,436,268,599,9004,21763,27698,9397,11493,127267,1810,3015,5923,8309,38691,8622,3693,17461,11208,10972,6843,3900,6820,65027,13100,28190,2027,942,3816,3866,2747,289,1569,996,1342,4836,1307,48274,3325,2142,12997,2076,5814,11980,363,246,3160,2917,1461,1268,525
ACSSF,2011e1,co,000,0129,0000004,2309585,44827,159493,165397,62294,266391,109240,73417,164838,319358,468556,238280,119407,118087,939760,16807,34565,68544,10602,32588,19876,40131,82143,191381,308821,45966,30525,57811,391438,2577,1468,1896,440,11572,2102,1414,5586,47564,92058,148691,42945,33125,563163,3810,10138,25297,34976,182124,29710,21322,70620,59927,54419,31528,17555,21737,204420,16174,106299,8982,3409,12125,9325,7477,3146,8299,4866,2781,18185,3352,210804,5459,7023,60678,12867,27982,48227,3073,3343,12187,8392,9314,10197,2062
ACSSF,2011e1,co,000,0129,0000005,2176824,37632,145684,157623,60221,253026,105080,71014,156786,306979,445769,214082,113192,109736,895487,14580,31881,67025,10396,30871,19270,38927,78150,186073,293350,41181,28887,54896,358371,1830,1056,1825,440,10935,1991,1192,5423,43769,87232,133493,40276,28909,537755,3533,9576,24489,33661,173222,28883,20575,66840,57990,52558,28611,17038,20779,187591,13086,96649,8589,3325,11644,8718,7247,3146,8029,4613,2244,17085,3216,197620,4603,6522,55695,12399,26354,46218,3073,3227,11118,8016,8553,9906,1936
ACSSF,2011e1,co,000,0129,0000006,973472,13041,62808,65096,26737,108614,41512,30364,65385,138363,215114,108959,51983,45496,394340,6848,11096,25124,3973,12637,6629,16080,31317,82178,142020,20385,13583,22470,178346,157,466,634,255,5123,1327,313,3344,21270,42556,70863,19632,12406,233803,1467,3476,10313,14836,74764,10864,9489,27834,26151,25137,12868,7629,8975,77583,3013,45177,3454,829,4300,2791,3514,1495,4057,1759,277,6054,863,89400,1556,2593,25571,6844,11790,19901,968,1395,4707,3642,4566,5085,782
ACSSF,2011e1,co,000,0129,0000007,1203352,24591,82876,92527,33484,144412,63568,40650,91401,168616,230655,105123,61209,64240,501147,7732,20785,41901,6423,18234,12641,22847,46833,103895,151330,20796,15304,32426,180025,1673,590,1191,185,5812,664,879,2079,22499,44676,62630,20644,16503,303952,2066,6100,14176,18825,98458,18019,11086,39006,31839,27421,15743,9409,11804,110008,10073,51472,5135,2496,7344,5927,3733,1651,3972,2854,1967,11031,2353,108220,3047,3929,30124,5555,14564,26317,2105,1832,6411,4374,3987,4821,1154
ACSSF,2011e1,co,000,0129,0000008,132761,7195,13809,7774,2073,13365,4160,2403,8052,12379,22787,24198,6215,8351,44273,2227,2684,1519,206,1717,606,1204,3993,5308,15471,4785,1638,2915,33067,747,412,71,0,637,111,222,163,3795,4826,15198,2669,4216,25408,277,562,808,1315,8902,827,747,3780,1937,1861,2917,517,958,16829,3088,9650,393,84,481,607,230,0,270,253,537,1100,136,13184,856,501,4983,468,1628,2009,0,116,1069,376,761,291,126
ACSSF,2011e1,co,000,0129,0000009,,,,,,,,,,,,,,,,,,,,,,,,,,,,,,,,,,,,,,,,,,,,,,,,,,,,,,,,,,,,,,,,,,,,,,,,,,,,,,,,,,,,
ACSSF,2011e1,co,000,0129,0000010,88306,5587,10924,4718,900,8669,3032,1428,5819,7395,15289,15485,4010,5050,29629,1881,1369,1026,148,1067,218,621,2954,3168,10617,4173,735,1652,18765,546,412,27,0,521,111,91,125,1786,3301,7695,1730,2420,17086,193,484,560,377,5653,726,705,2624,1162,934,2474,420,774,13667,2431,8158,355,11,481,400,11,0,270,73,483,897,97,9159,536,501,2750,364,947,1577,0,116,1009,364,660,228,107
ACSSF,2011e1,co,000,0129,0000011,182834,17931,17756,7067,3457,19646,8937,2815,12240,13578,37202,19709,10511,11985,60650,6169,3496,1930,488,2106,1343,990,4612,6344,22035,5080,1980,4077,34464,647,233,119,18,945,121,35,429,3356,9572,10236,3629,5124,42117,1153,741,912,2132,13900,2036,1026,6343,2071,4044,3254,2137,2368,29413,7818,12361,829,181,1063,2084,741,827,420,564,404,1888,233,16190,2144,925,3277,638,1632,3353,23,29,1387,987,735,877,183
ACSSF,2011e1,co,000,0129,0000012,315595,25126,31565,14841,5530,33011,13097,5218,20292,25957,59989,43907,16726,20336,104923,8396,6180,3449,694,3823,1949,2194,8605,11652,37506,9865,3618,6992,67531,1394,645,190,18,1582,232,257,592,7151,14398,25434,6298,9340,67525,1430,1303,1720,3447,22802,2863,1773,10123,4008,5905,6171,2654,3326,46242,10906,22011,1222,265,1544,2691,971,827,690,817,941,2988,369,29374,3000,1426,8260,1106,3260,5362,23,145,2456,1363,1496,1168,309
ACSSF,2011e1,co,000,0129,0000013,210698,2653,20281,17598,6913,29917,18104,5701,11635,22918,35332,19987,10214,9445,56863,1052,2861,4446,577,3496,2197,2097,4042,9957,17458,2874,1824,3982,39218,91,44,508,0,1140,279,203,260,5940,11563,12583,4064,2543,57148,260,1466,1923,3969,19029,5388,1896,6740,4992,4941,2907,1034,2603,26784,732,14855,1015,882,2827,1150,909,135,527,756,295,2490,211,30685,518,1055,9706,1485,3425,9090,596,458,1502,614,1328,802,106
ACSSF,2011e1,co,000,0129,0000014,295550,1742,17770,16753,9100,38420,14448,12772,28994,41928,55821,27390,16349,14063,119452,770,3193,7425,1428,3484,2461,6576,16776,23543,37099,4373,4578,7746,45644,0,349,215,150,2172,725,47,665,5599,10498,18124,4880,2220,79553,291,1128,3157,6041,26602,3671,4285,10550,8072,6832,3317,1978,3629,25421,344,12269,716,61,2283,1138,1664,384,2688,516,217,2852,289,25480,337,831,5240,1420,3879,6453,200,619,2026,876,1359,2061,179
ACSSF,2011e1,co,000,0129,0000015,158988,3328,7231,15286,2354,14573,4140,5304,7574,34888,36691,14035,8958,4626,82781,836,1492,9031,484,1296,1548,3473,3722,24835,26557,4037,2483,2987,24178,546,192,201,35,589,42,132,205,3709,5992,8038,3856,641,33909,90,296,2221,1586,11284,877,1546,3242,5482,3485,1522,1422,856,8499,1306,5125,343,109,172,186,153,187,133,177,0,511,97,9621,550,126,3490,140,1232,1487,0,218,729,480,438,686,45
ACSSF,2011e1,co,000,0129,0000016,319442,3091,21289,16514,10445,29422,14677,10127,24660,55337,65832,38039,15956,14053,139829,1833,4206,5559,2008,4229,1904,6303,12818,34625,47099,8011,4546,6688,57400,0,35,213,0,1548,390,0,1533,9288,9913,24504,5465,4511,71052,412,942,2582,4829,19682,4506,2584,9568,9184,6770,4588,2800,2605,23058,637,15180,461,255,1069,966,969,93,961,585,53,1671,158,28103,209,926,7699,3353,2894,6911,271,648,1279,1465,883,1474,91
ACSSF,2011e1,co,000,0129,0000017,154442,1788,8108,11165,3712,16342,5489,8918,20310,24187,24473,15504,6887,7559,81998,1052,4686,7693,535,2726,1476,5957,12884,16480,18640,3969,2178,3722,18049,83,49,0,0,551,31,118,163,1937,2442,8742,2001,1932,40516,112,326,1641,2447,11404,1760,2047,7263,5032,3015,2079,1980,1410,5852,501,2832,45,226,319,294,276,0,192,89,223,595,260,8027,40,215,1786,504,1342,1928,520,0,546,287,491,133,235
ACSSF,2011e1,co,000,0129,0000018,277275,2556,16352,17711,6844,30960,10701,8706,18033,33588,63620,27721,18086,22397,113611,1391,3879,8256,812,4534,2021,4738,7762,20220,39977,5311,4468,10242,53244,89,120,92,70,1846,219,254,611,3959,14519,18302,6517,6646,65857,362,1538,2390,3893,19944,2893,2327,8316,7405,7602,2667,3126,3394,22014,635,9832,1218,333,1554,1018,1268,1079,790,373,301,2410,1203,22549,79,983,5755,1736,3082,4550,119,265,1214,1149,1140,1565,912
ACSSF,2011e1,co,000,0129,0000019,280739,4162,18672,20392,9580,31795,15564,7349,21450,39945,54003,24296,15943,17588,120219,2135,4509,8907,2323,3574,3333,3925,10108,25145,37725,4424,3545,10566,40072,51,118,70,0,1501,125,73,701,4524,8366,15096,5901,3546,71946,418,1382,3241,4654,22413,5353,2302,9400,8073,5819,3476,2490,2925,25142,1312,11724,1550,784,1419,1442,520,711,1100,1272,232,2722,354,23360,246,939,6624,1819,2888,5311,529,530,1103,821,1068,1285,197
ACSSF,2011e1,co,000,0129,0000020,155732,3862,12329,15535,3562,17965,4427,3410,6799,20625,39182,15130,7360,5546,68444,1945,2662,8102,455,2625,1001,2048,2936,12181,26019,3491,1977,3002,24658,181,50,0,0,545,64,0,533,3551,7350,8284,2713,1387,36144,413,1321,2129,2637,12526,981,870,3031,3869,4466,2097,800,1004,13582,1133,7836,987,116,594,293,425,149,238,317,156,1326,12,12904,190,460,4317,354,1675,2088,67,150,786,1030,1102,544,141
ACSSF,2011e1,co,000,0129,0000021,68024,4250,4936,2912,1357,9476,4275,1455,4285,6327,14810,7832,2966,3143,22733,1174,1267,576,247,1431,928,569,1476,3389,9043,804,615,1214,11422,68,19,73,0,99,51,149,414,729,3549,4292,904,1075,17022,408,161,703,819,6557,811,162,1804,916,2201,1801,182,497,9741,2178,3434,200,183,89,727,190,252,727,17,468,919,357,7106,422,55,1360,108,1300,1758,385,339,566,0,467,346,0
ACSSF,2011e1,co,000,0129,0000022,66376,982,4684,6246,1373,8471,2312,1825,3109,6189,17800,6837,2688,3860,20785,216,738,1738,41,1308,755,422,1022,2363,9662,702,512,1306,16179,320,80,57,0,158,0,33,88,1588,5169,5371,1053,2262,16958,62,341,990,360,5927,615,1118,1929,1432,2757,764,477,186,5361,384,3376,307,0,129,327,36,70,189,89,0,378,76,7093,0,149,3154,972,949,615,216,0,617,123,0,268,30
ACSSF,2011e1,co,000,0129,0000023,118638,6807,9297,12400,3640,16181,6566,2562,6465,11530,25120,9312,4738,4020,40947,1513,1635,3243,1098,1251,1147,1251,2701,7529,14552,2266,831,1930,17685,244,0,396,185,665,0,40,164,1457,5662,5794,2028,1050,28300,415,246,2035,1550,11508,875,321,3542,1631,3724,999,414,1040,16272,3119,7095,1570,376,721,730,837,58,473,422,98,773,0,15434,1516,321,5156,431,2036,3814,113,0,440,760,155,692,0
ACSSF,2011e1,co,000,0129,0000024,54485,1103,3495,4980,2947,7357,3533,836,3173,6321,10491,4435,3238,2576,21058,322,1147,1607,544,617,965,418,1537,3988,7371,816,628,1098,7747,28,0,25,0,455,0,0,40,739,1636,2952,1052,820,14862,86,243,912,1307,5377,1123,384,1521,1362,1029,507,463,548,5486,667,1970,552,627,334,120,34,0,134,308,97,614,29,5332,0,135,1884,469,574,1325,0,75,98,147,63,481,81
ACSSF,2011e1,co,000,0129,0000025,158229,442,12316,9626,5599,21618,9456,6189,12326,19771,27180,17944,8334,7428,46609,179,1067,3482,482,1707,714,2469,6144,7513,15274,2512,1539,3527,30086,0,181,100,0,1065,757,47,284,4686,6915,11980,3084,987,44202,74,446,1711,3776,14591,2375,2336,5269,4236,3977,2064,840,2507,18715,86,10189,293,102,1426,744,1128,347,2037,339,68,1673,283,18617,103,433,4040,1239,2829,4866,209,282,1299,675,1320,1198,124
ACSSF,2011e1,co,000,0129,0000026,,,,,,,,,,,,,,,,,,,,,,,,,,,,,,,,,,,,,,,,,,,,,,,,,,,,,,,,,,,,,,,,,,,,,,,,,,,,,,,,,,,,
ACSSF,2011e1,co,000,0129,0000027,54342,603,2458,2903,1775,7216,2138,3178,6780,8792,10965,3277,2449,1808,27263,411,955,1178,455,439,864,1964,4344,5953,8041,858,968,833,4948,0,0,0,0,347,0,0,237,821,1353,1702,170,318,16597,158,296,856,1086,5699,538,1162,2053,1711,1441,521,468,608,2640,34,1207,330,0,154,117,52,0,90,56,0,551,49,2894,0,0,539,234,577,619,0,146,217,74,196,292,0
ACSSF,2011e1,co,000,0129,0000028,189557,2329,10049,13567,4760,21583,7082,5209,12047,23305,43796,20347,12310,13173,77972,1384,2192,6099,538,2822,1509,2411,5310,13817,28623,3778,3442,6047,37009,89,120,61,70,1171,0,61,424,2711,9353,14160,4527,4262,44576,362,975,1650,2854,14189,1578,1661,5239,5368,5227,1738,1797,1938,13290,415,6099,850,207,993,509,957,809,379,158,0,1492,422,16710,79,663,4907,1091,2408,3486,119,265,1030,435,671,1052,504
ACSSF,2011e1,co,000,0129,0000029,319442,3091,21289,16514,10445,29422,14677,10127,24660,55337,65832,38039,15956,14053,139829,1833,4206,5559,2008,4229,1904,6303,12818,34625,47099,8011,4546,6688,57400,0,35,213,0,1548,390,0,1533,9288,9913,24504,5465,4511,71052,412,942,2582,4829,19682,4506,2584,9568,9184,6770,4588,2800,2605,23058,637,15180,461,255,1069,966,969,93,961,585,53,1671,158,28103,209,926,7699,3353,2894,6911,271,648,1279,1465,883,1474,91
ACSSF,2011e1,co,000,0129,0000030,78118,1551,4266,6898,2021,8892,1696,1667,3595,10732,22284,8807,3245,2464,38293,1055,1109,3811,393,1091,389,900,1778,7303,15773,2397,732,1562,11098,0,50,0,0,291,64,0,266,813,3313,4458,1561,282,18807,150,319,1067,1335,6233,476,632,1364,2060,2711,1275,565,620,5110,212,2788,682,71,443,131,68,84,200,129,98,204,0,4810,134,0,1338,222,834,636,67,103,356,358,579,183,0
ACSSF,2011e1,co,000,0129,0000031,,,,,,,,,,,,,,,,,,,,,,,,,,,,,,,,,,,,,,,,,,,,,,,,,,,,,,,,,,,,,,,,,,,,,,,,,,,,,,,,,,,,
ACSSF,2011e1,co,000,0129,0000032,,,,,,,,,,,,,,,,,,,,,,,,,,,,,,,,,,,,,,,,,,,,,,,,,,,,,,,,,,,,,,,,,,,,,,,,,,,,,,,,,,,,
ACSSF,2011e1,co,000,0129,0000033,73720,716,5485,3413,1644,8408,4079,2125,5966,10191,14050,7321,5140,5182,29363,340,855,856,568,843,721,1247,2401,6006,9578,1208,1086,3654,10959,23,0,45,0,483,0,0,447,979,2297,4420,1874,391,18268,71,286,388,647,5943,1292,274,2174,1986,1513,1693,927,1074,8361,153,3784,433,49,648,490,242,615,846,216,0,822,63,6769,129,560,1691,380,491,1576,362,329,374,446,0,431,0
ACSSF,2011e1,co,000,0129,0000034,,,,,,,,,,,,,,,,,,,,,,,,,,,,,,,,,,,,,,,,,,,,,,,,,,,,,,,,,,,,,,,,,,,,,,,,,,,,,,,,,,,,
ACSSF,2011e1,co,000,0129,0000035,,,,,,,,,,,,,,,,,,,,,,,,,,,,,,,,,,,,,,,,,,,,,,,,,,,,,,,,,,,,,,,,,,,,,,,,,,,,,,,,,,,,
ACSSF,2011e1,co,000,0129,0000036,42880,251,2634,3286,942,5177,1445,1405,2378,4001,12264,5417,1728,1952,11843,100,221,748,0,368,505,267,730,1175,6246,460,375,648,12144,0,80,57,0,158,0,33,88,1262,3933,4519,826,1188,11146,0,183,357,267,3842,270,853,1490,1169,1906,438,255,116,3023,151,2001,169,0,129,120,36,70,136,83,0,128,0,4724,0,149,1955,675,680,550,216,0,259,96,0,144,0
ACSSF,2011e1,co,000,0129,0000037,59716,611,3672,6003,2124,7860,4617,2053,3708,7631,11394,4766,2499,2778,21057,210,1089,1723,67,1102,944,962,1447,4303,6363,831,888,1128,9917,0,0,351,0,193,160,77,260,996,2991,3294,717,878,16565,71,297,937,1393,5139,1146,541,1894,1737,1693,483,462,772,4658,235,2113,300,304,252,309,473,38,62,173,0,399,0,7519,95,173,2692,360,1174,2058,0,69,533,174,158,33,0
ACSSF,2011e1,co,000,0129,0000038,57230,798,3981,4313,1982,8610,3296,1758,3610,7755,10317,4920,3101,2789,21156,457,453,2123,291,1340,458,868,1358,4816,6518,583,576,1315,9508,0,132,30,0,343,0,48,65,1344,1958,3389,1146,1053,15747,90,168,519,1256,5678,986,707,2187,1176,1436,535,588,421,5918,251,3037,281,75,494,225,92,0,229,405,257,572,0,4901,0,191,1360,360,755,1627,43,0,190,0,156,219,0
ACSSF,2011e1,co,000,0129,0000039,,,,,,,,,,,,,,,,,,,,,,,,,,,,,,,,,,,,,,,,,,,,,,,,,,,,,,,,,,,,,,,,,,,,,,,,,,,,,,,,,,,,
ACSSF,2011e1,co,000,0129,0000040,189557,2329,10049,13567,4760,21583,7082,5209,12047,23305,43796,20347,12310,13173,77972,1384,2192,6099,538,2822,1509,2411,5310,13817,28623,3778,3442,6047,37009,89,120,61,70,1171,0,61,424,2711,9353,14160,4527,4262,44576,362,975,1650,2854,14189,1578,1661,5239,5368,5227,1738,1797,1938,13290,415,6099,850,207,993,509,957,809,379,158,0,1492,422,16710,79,663,4907,1091,2408,3486,119,265,1030,435,671,1052,504
ACSSF,2011e1,co,000,0129,0000041,158229,442,12316,9626,5599,21618,9456,6189,12326,19771,27180,17944,8334,7428,46609,179,1067,3482,482,1707,714,2469,6144,7513,15274,2512,1539,3527,30086,0,181,100,0,1065,757,47,284,4686,6915,11980,3084,987,44202,74,446,1711,3776,14591,2375,2336,5269,4236,3977,2064,840,2507,18715,86,10189,293,102,1426,744,1128,347,2037,339,68,1673,283,18617,103,433,4040,1239,2829,4866,209,282,1299,675,1320,1198,124
ACSSF,2011e1,co,000,0129,0000042,319442,3091,21289,16514,10445,29422,14677,10127,24660,55337,65832,38039,15956,14053,139829,1833,4206,5559,2008,4229,1904,6303,12818,34625,47099,8011,4546,6688,57400,0,35,213,0,1548,390,0,1533,9288,9913,24504,5465,4511,71052,412,942,2582,4829,19682,4506,2584,9568,9184,6770,4588,2800,2605,23058,637,15180,461,255,1069,966,969,93,961,585,53,1671,158,28103,209,926,7699,3353,2894,6911,271,648,1279,1465,883,1474,91
ACSSF,2011e1,co,000,0129,0000043,78118,1551,4266,6898,2021,8892,1696,1667,3595,10732,22284,8807,3245,2464,38293,1055,1109,3811,393,1091,389,900,1778,7303,15773,2397,732,1562,11098,0,50,0,0,291,64,0,266,813,3313,4458,1561,282,18807,150,319,1067,1335,6233,476,632,1364,2060,2711,1275,565,620,5110,212,2788,682,71,443,131,68,84,200,129,98,204,0,4810,134,0,1338,222,834,636,67,103,356,358,579,183,0
ACSSF,2011e1,co,000,0129,0000044,,,,,,,,,,,,,,,,,,,,,,,,,,,,,,,,,,,,,,,,,,,,,,,,,,,,,,,,,,,,,,,,,,,,,,,,,,,,,,,,,,,,
ACSSF,2011e1,co,000,0129,0000045,,,,,,,,,,,,,,,,,,,,,,,,,,,,,,,,,,,,,,,,,,,,,,,,,,,,,,,,,,,,,,,,,,,,,,,,,,,,,,,,,,,,
ACSSF,2011e1,co,000,0129,0000046,42880,251,2634,3286,942,5177,1445,1405,2378,4001,12264,5417,1728,1952,11843,100,221,748,0,368,505,267,730,1175,6246,460,375,648,12144,0,80,57,0,158,0,33,88,1262,3933,4519,826,1188,11146,0,183,357,267,3842,270,853,1490,1169,1906,438,255,116,3023,151,2001,169,0,129,120,36,70,136,83,0,128,0,4724,0,149,1955,675,680,550,216,0,259,96,0,144,0
ACSSF,2011e1,co,000,0129,0000047,351164,3327,22972,18162,11355,33673,15447,11316,28228,60234,71715,41934,17528,15273,152715,1907,4290,6352,2150,4652,2258,7033,15296,36945,51095,8470,4963,7304,64019,0,35,266,29,1631,390,0,1533,10180,11466,27722,5887,4880,78241,412,990,2729,5536,22517,4554,3016,10605,10301,6899,4806,3036,2840,25852,799,16616,566,287,1554,996,969,93,1283,663,53,1815,158,30337,209,1041,8249,3353,3319,7249,298,701,1525,1592,883,1827,91
ACSSF,2011e1,co,000,0129,0000048,391339,6828,26821,29957,9814,47871,17993,12364,24265,58660,76878,44098,19057,16733,166537,2069,5827,13121,1453,5663,3795,6937,12014,39755,51945,10205,4744,9009,62090,976,210,381,0,1272,311,348,649,7253,13882,25236,7166,4406,96847,336,1720,4944,6082,34060,3978,4193,11201,8889,8876,6287,3190,3091,31576,2761,18181,849,1185,1414,1516,792,140,452,701,764,2594,227,34289,686,883,10662,1094,5462,8393,94,261,2311,1474,1606,1363,0
ACSSF,2011e1,co,000,0129,0000049,317808,20123,27795,16938,6503,37721,14875,6804,18665,27259,69785,38452,15776,17112,104332,6268,5461,3990,757,4829,2815,2281,6367,13303,41918,6800,3567,5976,63514,1129,310,199,18,1393,210,217,930,5450,17278,23308,5578,7494,76385,1473,1120,2948,3502,26346,3146,2529,9933,5010,9151,6257,2168,2802,43906,8978,19747,1448,337,1253,3101,1153,1067,1250,821,759,3302,690,29671,2275,1157,8353,1889,3900,5603,624,368,2246,617,1328,1161,150
ACSSF,2011e1,co,000,0129,0000050,353687,19699,26905,37221,8142,39826,14164,7129,16168,42821,79087,31269,16804,14452,134541,6823,4799,14447,1539,4433,2610,3959,6282,23674,48492,6855,4092,6536,60627,497,431,718,220,1743,64,171,828,7951,18288,18082,6700,4934,78991,1243,1855,4864,4939,27595,2819,1473,8366,8237,9015,4405,1695,2485,39759,8104,18843,2879,263,1628,1127,1346,374,1043,896,388,2678,190,39769,3032,977,14313,1181,4427,7544,180,318,1916,2396,1539,1639,307
ACSSF,2011e1,co,000,0129,0000051,317237,4027,20130,19883,7254,35982,12448,9286,19886,37093,71534,33125,20029,26560,125958,1800,4461,9165,870,4809,2327,5191,8581,21139,45358,5867,5103,11287,64138,247,287,92,70,1942,248,288,611,5517,16272,22305,7291,8968,74207,374,1701,2669,4099,23356,3369,2420,9322,8064,8235,3092,3389,4117,26317,944,12464,1529,406,1789,1181,1268,1107,821,422,632,2546,1208,26617,662,1217,6428,1809,4086,5323,119,265,1552,1247,1229,1700,980
ACSSF,2011e1,co,000,0129,0000052,425596,4831,23940,29104,12339,46885,17998,20266,48452,65622,76058,36240,21560,22301,208158,2295,9167,17291,2023,5748,3991,12085,29334,43289,56247,8659,6507,11522,50547,233,217,130,121,2030,73,267,690,5386,8758,20322,7216,5104,116076,794,1886,5096,8148,33423,6390,5530,17718,13778,9574,5321,3993,4425,25220,1310,11590,921,255,1561,1615,1590,171,1476,721,424,2791,795,25595,199,1080,5666,1792,4123,5929,794,539,1693,758,1514,1053,455
ACSSF,2011e1,co,000,0129,0000053,335588,3923,28686,21199,10344,44079,25252,9067,21414,41247,60701,32871,19164,17641,108169,1814,4056,6108,2298,4560,3423,3635,8881,19620,35801,4190,3529,10254,60967,142,211,229,0,2506,927,158,774,9183,15686,21952,6736,2463,84533,331,1607,2959,4802,28727,7490,3187,9818,7719,6713,4614,2221,4345,41203,1096,21219,1619,857,3989,1873,1100,1021,2394,1206,165,4347,317,40716,540,1593,10284,2387,4297,11539,987,920,2331,1295,1950,2331,262
ACSSF,2011e1,co,000,0129,0000054,61316,4630,7352,1672,1294,7952,3361,866,4592,5537,10055,7893,3088,3024,18877,1472,1496,158,30,782,321,124,1788,1880,6961,1833,1008,1024,10276,114,131,0,0,395,25,0,86,1916,1916,3790,895,1008,16431,540,225,87,1208,5398,661,322,2323,1311,974,1652,844,886,10743,2040,5155,576,34,589,738,420,395,151,149,191,240,65,4989,464,345,851,22,788,1616,0,0,279,55,427,101,41
ACSSF,2011e1,co,000,0129,0000055,76037,2311,7746,9103,1547,8346,2050,1634,3196,10809,17186,5440,3663,3006,30767,890,1509,4835,62,1534,612,1148,1047,5693,10414,897,790,1336,13061,181,0,0,0,322,0,0,267,2672,4161,3162,1191,1105,16479,263,1002,1062,1308,5498,386,238,1667,1976,1751,717,199,412,7969,921,4775,305,45,151,41,248,65,38,188,58,1122,12,7761,56,460,2901,132,841,1011,0,150,430,672,606,361,141
ACSSF,2011e1,co,000,0129,0000056,66658,3956,4643,2898,1313,9401,4178,1455,4230,6314,14735,7640,2878,3017,22525,1141,1213,576,237,1431,928,569,1476,3389,9009,804,615,1137,11142,68,0,73,0,99,51,149,414,729,3527,4172,828,1032,16725,374,148,689,819,6482,799,162,1749,916,2182,1744,170,491,9283,1951,3252,200,149,89,727,190,252,727,17,453,919,357,6983,422,30,1360,108,1300,1673,385,339,553,0,467,346,0
ACSSF,2011e1,co,000,0129,0000057,73265,1551,3929,6320,1885,8673,1696,1667,3492,9159,20696,8663,3176,2358,35460,1055,1041,3267,393,1091,389,900,1778,6329,14526,2397,732,1562,10470,0,50,0,0,223,64,0,266,534,3071,4458,1522,282,17965,150,319,1067,1199,6082,476,632,1364,1740,2612,1275,535,514,4841,212,2519,682,71,443,131,68,84,200,129,98,204,0,4529,134,0,1304,222,834,636,67,0,356,358,435,183,0
ACSSF,2011e1,co,000,0129,0000058,118638,6807,9297,12400,3640,16181,6566,2562,6465,11530,25120,9312,4738,4020,40947,1513,1635,3243,1098,1251,1147,1251,2701,7529,14552,2266,831,1930,17685,244,0,396,185,665,0,40,164,1457,5662,5794,2028,1050,28300,415,246,2035,1550,11508,875,321,3542,1631,3724,999,414,1040,16272,3119,7095,1570,376,721,730,837,58,473,422,98,773,0,15434,1516,321,5156,431,2036,3814,113,0,440,760,155,692,0
ACSSF,2011e1,co,000,0129,0000059,62078,8650,4310,4964,879,7114,3456,871,2468,4735,11054,5113,3069,5395,18071,3217,599,969,109,918,576,299,1116,1590,6216,436,484,1542,12829,222,167,121,0,224,0,240,10,1389,3036,3341,995,3084,13833,647,193,348,476,4954,1089,288,1260,1390,1101,1087,470,530,8701,3634,2960,100,38,241,391,44,82,257,53,149,634,118,8644,930,391,3426,256,777,1400,0,0,109,648,100,486,121
ACSSF,2011e1,co,000,0129,0000060,35735,4343,2043,1307,1170,3711,2417,875,973,1443,10366,2499,1820,2768,10721,1247,126,302,91,438,122,456,453,569,5352,510,257,798,7460,132,68,25,18,410,33,35,22,394,3076,1471,437,1339,7000,151,91,227,494,2336,619,179,412,207,1223,392,198,471,6679,2301,1490,145,154,156,741,205,86,16,362,0,895,128,3875,512,268,608,413,371,902,0,0,257,353,126,33,32
ACSSF,2011e1,co,000,0129,0000061,64117,865,4545,5995,1337,8017,2133,1825,3109,6018,17408,6487,2518,3860,19885,216,738,1738,41,1119,689,422,1022,2199,9270,702,423,1306,15690,203,80,57,0,158,0,33,88,1581,5169,5047,1012,2262,16572,62,341,895,360,5662,615,1118,1929,1432,2757,738,477,186,5037,384,3237,275,0,129,214,36,70,189,89,0,338,76,6933,0,149,3030,936,949,615,216,0,617,123,0,268,30
ACSSF,2011e1,co,000,0129,0000062,76651,5916,7617,4725,1502,7559,2946,1788,3524,6761,15955,10469,3997,3892,26777,2081,1554,938,358,735,469,645,1625,3904,10116,1835,1138,1379,16075,612,53,44,0,331,101,0,253,1138,3489,6964,1350,1740,16435,283,273,871,734,5827,524,732,1617,1165,2066,1308,373,662,10259,2063,5340,252,0,290,575,411,0,134,204,115,811,64,7105,877,397,2620,410,376,1277,0,29,420,80,247,325,47
ACSSF,2011e1,co,000,0129,0000063,78054,2559,10427,1437,814,6445,1600,1038,8668,8182,11110,17979,4606,3189,30352,465,2521,607,135,1099,419,553,3707,4298,8330,5444,1038,1736,17405,430,78,0,0,190,44,91,221,2215,2047,9138,2221,730,14980,89,371,164,672,4317,100,371,4360,263,555,2277,744,697,10659,1474,7250,0,0,160,438,0,264,79,0,494,474,26,4658,101,207,666,7,679,599,23,116,1327,178,626,129,0
ACSSF,2011e1,co,000,0129,0000064,59879,1735,4052,4506,1815,4319,3875,1465,4707,9971,12687,4493,3416,2838,32632,910,1110,3072,558,277,1031,761,2781,7728,9916,1292,1024,2172,7494,546,0,0,0,36,0,33,80,823,1699,2645,1491,141,12317,76,716,463,998,3555,1021,618,1803,1352,764,484,232,235,4251,174,2155,133,208,40,336,53,43,30,235,29,600,215,3185,29,71,838,51,411,1487,0,0,38,73,43,69,75
ACSSF,2011e1,co,000,0129,0000065,68771,1841,3669,9603,1341,5479,1747,2371,3039,14535,13384,6489,3644,1629,30251,278,690,5109,61,515,404,1693,946,8358,8661,1645,1193,698,11788,0,192,201,35,373,0,0,121,2454,3039,3643,1391,339,15701,0,104,1496,996,3966,446,594,1719,3056,1368,1019,487,450,5017,1013,2624,278,109,141,39,84,85,86,147,0,314,97,6014,550,59,2519,140,484,858,0,168,581,169,182,259,45
ACSSF,2011e1,co,000,0129,0000066,61313,623,2021,3224,667,7071,1188,1849,2800,12919,17006,5666,4263,2016,35374,390,455,2134,95,495,502,1246,1734,10906,13026,1557,1124,1710,8372,0,0,0,0,216,0,132,0,498,2199,3454,1790,83,12681,0,170,285,572,5725,314,471,914,1364,1470,399,774,223,1890,233,1329,0,0,31,0,0,102,47,0,0,148,0,2996,0,67,805,0,604,372,0,50,104,311,256,427,0
ACSSF,2011e1,co,000,0129,0000067,68000,964,3787,6268,1834,7436,2868,3105,3592,12852,13809,5568,3199,2718,33871,490,658,3463,549,1371,817,1682,1579,9463,10169,944,1126,1560,8528,0,0,0,0,134,107,0,219,1253,2171,3053,874,717,17537,172,174,1535,1110,4992,686,1281,1794,2000,1254,1490,608,441,4337,302,2955,49,137,132,169,142,0,43,30,0,378,0,3727,0,0,1221,38,807,1089,0,0,93,185,81,213,0
ACSSF,2011e1,co,000,0129,0000068,59162,814,4289,4772,1512,9283,4134,1886,4047,7407,10822,5005,2672,2519,18795,342,618,1811,195,1087,195,779,1660,4208,5850,349,469,1232,9066,0,132,30,0,177,114,48,0,1092,2581,2944,1081,867,17932,111,197,721,804,6701,984,802,2387,1600,1838,1060,307,420,6111,80,3045,232,234,526,382,163,0,221,405,159,664,0,7258,281,297,1978,279,792,2459,94,0,286,148,493,151,0
ACSSF,2011e1,co,000,0129,0000069,70150,848,4775,7522,2401,10505,4448,2131,4713,8266,11451,6491,2925,3674,22418,268,1099,1317,136,1061,831,1060,1817,4254,6492,1471,928,1684,10994,0,0,351,0,366,46,77,162,1198,2532,4340,921,1001,20624,53,379,1134,1592,6777,1533,594,2601,2168,1854,522,467,950,5973,388,3081,339,247,360,436,400,38,62,173,0,410,39,10141,139,216,4381,426,1941,1602,0,95,584,400,158,199,0
ACSSF,2011e1,co,000,0129,0000070,70259,701,8776,4680,2475,10298,8227,1871,2421,5960,11891,6196,3814,2949,14905,161,1162,1375,319,1412,1037,557,661,1913,4613,773,256,666,14898,91,0,127,0,480,40,43,98,2446,5176,3792,1633,972,17697,96,839,57,1411,5761,2624,489,1236,1063,1753,1038,254,1076,11387,255,6231,400,204,1872,160,273,97,125,248,136,1257,129,11372,98,544,2721,541,773,4366,509,329,413,101,457,414,106
ACSSF,2011e1,co,000,0129,0000071,94093,390,6144,6713,3204,9846,5366,3694,9532,11995,17999,7045,3986,8179,39488,324,905,3045,379,898,449,1669,5872,6574,12385,1520,905,4563,12439,0,349,82,0,477,89,35,47,1571,2883,4223,1437,1246,27197,40,581,1428,2567,6880,2454,1473,3412,2431,2356,944,501,2130,6684,26,4112,75,0,43,354,432,38,819,153,149,243,240,8285,0,197,2083,258,1548,2020,85,163,600,222,209,900,0
ACSSF,2011e1,co,000,0129,0000072,52645,332,3547,2551,1125,8558,3619,1744,4113,7092,9655,5857,2701,1751,13199,78,642,692,0,317,284,487,2003,1988,4789,897,333,689,10023,0,0,0,0,398,325,0,69,1821,2782,3412,971,245,16488,74,215,647,647,6205,753,670,1942,1770,1732,768,372,693,5953,77,2446,217,29,880,192,463,99,805,84,0,661,0,6982,103,244,995,449,758,2065,124,0,708,268,780,364,124
ACSSF,2011e1,co,000,0129,0000073,51528,40,5898,2660,2013,7017,3257,1427,3021,6281,8587,7144,3063,1120,12551,31,204,624,393,831,145,726,910,2305,4418,658,700,606,12426,0,0,32,0,451,390,47,168,1831,2603,5510,1162,232,11431,0,69,341,981,4555,423,421,1580,1041,1064,577,140,239,9020,9,5557,27,73,516,494,233,210,582,255,68,953,43,6100,0,68,1636,566,664,1805,0,153,522,247,331,108,0
ACSSF,2011e1,co,000,0129,0000074,62811,652,1971,3223,2104,7782,2094,4407,8574,11078,11927,3662,4088,1249,35098,500,899,1988,427,838,1018,2678,5226,8639,9158,969,2018,740,5638,0,0,0,121,708,0,0,299,648,1094,1855,703,210,16335,118,145,645,1131,5463,305,1193,2903,1459,1632,642,449,250,2779,34,775,330,0,196,117,536,0,163,0,0,579,49,2961,0,152,260,425,577,654,0,146,169,43,196,339,0
ACSSF,2011e1,co,000,0129,0000075,75574,465,5479,3876,3227,6149,4301,2703,5879,13860,15059,6616,3530,4430,32016,227,1442,1286,347,947,379,1146,2698,9315,10596,912,862,1859,12473,0,0,0,0,87,178,0,358,1839,2660,4759,592,2000,17222,47,276,504,1034,4271,1287,1089,2636,2333,1529,671,1007,538,5604,68,3689,103,69,161,359,468,0,38,129,0,520,0,8259,123,72,1983,1777,683,2098,0,187,335,145,274,549,33
ACSSF,2011e1,co,000,0129,0000076,55524,754,2641,3659,2206,4673,1832,1649,4346,9814,10807,7983,2736,2424,26471,556,450,1342,406,428,244,1189,2551,6800,8301,2186,688,1330,10888,0,0,147,0,136,171,0,220,1616,1528,5217,1194,659,10511,97,93,590,1249,3637,318,309,1266,1021,665,514,440,312,3048,101,1986,0,0,246,40,0,93,295,0,0,164,123,4606,0,112,1580,551,226,1059,151,216,82,313,66,250,0
ACSSF,2011e1,co,000,0129,0000077,66935,1277,3353,2641,1491,5331,1776,1904,5886,13765,16844,7584,2997,2086,38413,615,1080,1591,551,1458,413,1411,3396,9752,13578,2082,1201,1285,8689,0,0,0,0,293,0,0,241,1242,1143,4569,903,298,13799,268,115,450,473,3435,625,392,2185,2455,1597,878,458,468,2843,308,1951,123,35,72,63,43,0,0,123,0,90,35,3191,86,207,477,432,73,675,58,64,316,403,55,345,0
ACSSF,2011e1,co,000,0129,0000078,82943,784,2275,2747,2879,9220,4627,3541,8291,12123,18059,10812,3526,4059,39196,371,994,1229,595,1214,1262,2402,4841,7449,13300,2171,1216,2152,14153,0,0,40,0,814,41,0,566,1813,2275,6548,908,1148,20410,0,219,424,1905,5713,1310,765,2703,2268,1976,1808,560,759,3508,276,1062,184,0,608,201,285,0,181,119,0,592,0,5676,137,0,870,379,871,1813,89,181,412,389,285,250,0
ACSSF,2011e1,co,000,0129,0000079,53269,110,7607,3977,1131,6060,2931,1041,2266,7307,7851,7217,3400,2371,11651,64,240,410,164,638,225,495,860,2212,3828,660,780,1075,14001,0,35,26,0,218,0,0,148,3115,2591,5401,1900,567,12245,0,239,638,602,3923,966,373,1258,1337,1003,900,335,671,8348,46,6558,51,151,47,303,173,0,447,214,53,305,0,7024,0,535,2852,214,1234,1437,0,0,196,215,203,80,58
ACSSF,2011e1,co,000,0129,0000080,56630,1277,3682,5151,2882,7839,3887,979,3077,6599,10709,4933,3115,2500,20986,469,1109,1450,536,568,933,421,1479,3683,7596,1004,632,1106,8189,28,0,25,0,544,0,0,40,1115,1850,3058,827,702,15456,86,243,976,1282,5692,1123,524,1483,1537,808,657,463,582,5905,694,2195,552,514,334,157,34,0,134,308,195,759,29,6094,0,135,2148,550,701,1674,0,75,130,147,19,434,81
ACSSF,2011e1,co,000,0129,0000081,45663,761,3699,2790,1433,5213,2799,923,3570,7042,7576,5019,2479,2359,14412,290,360,292,440,391,448,82,1252,3770,4797,660,414,1216,9119,0,30,0,0,276,125,0,466,1140,2104,3427,1021,530,10945,114,430,852,410,3240,926,281,1235,1430,474,555,448,550,5121,155,2521,152,0,665,62,198,326,437,112,0,430,63,6066,202,358,1494,583,641,1238,362,291,265,89,377,166,0
ACSSF,2011e1,co,000,0129,0000082,74704,465,4923,3808,1842,8775,3401,2365,6562,9916,14120,6901,5548,6078,32622,349,982,1557,711,1262,640,1698,3313,6127,9476,1240,1314,3953,10432,23,0,45,0,526,0,40,66,786,1882,3956,2136,972,19876,0,174,598,923,5959,1151,473,2803,2036,2043,1668,936,1112,6890,93,3392,502,49,248,660,154,342,456,283,37,674,0,4884,0,375,1106,159,780,950,0,38,511,436,0,488,41
ACSSF,2011e1,co,000,0129,0000083,52466,492,3932,3797,1092,7041,1664,1458,4568,7747,9459,4847,3744,2625,21494,210,865,1763,174,753,228,1085,2413,4227,6596,894,595,1691,8084,0,0,101,29,255,0,0,82,774,1981,3111,1443,308,13209,59,228,531,659,4947,441,373,1803,1965,476,568,636,523,5371,82,2629,222,32,652,342,0,37,438,172,0,717,48,4308,141,210,1180,198,434,653,0,233,343,234,274,353,55
ACSSF,2011e1,co,000,0129,0000084,78336,1383,4344,6727,2122,7404,3594,3971,8993,12652,14547,6387,2337,3875,42490,663,2678,4511,485,1070,1082,2432,5621,8813,10568,1735,1020,1812,8507,62,0,0,0,322,0,45,0,911,2035,3320,805,1007,20429,167,131,722,1354,5479,1610,1116,3288,2851,1681,808,512,710,2930,451,1410,116,44,0,212,81,0,0,177,93,0,346,3980,40,125,1378,239,533,690,297,84,77,86,431,0,0
ACSSF,2011e1,co,000,0129,0000085,96904,497,4441,6479,2183,10430,2937,5824,12431,15101,15274,11199,4821,5287,50276,389,2512,4615,145,1656,653,3864,7839,9783,12076,2532,1288,2924,12493,21,49,0,0,271,31,73,163,1406,1150,6706,1337,1286,25046,37,232,1017,1352,7375,601,1264,4429,3251,1819,1434,1468,767,3669,50,1558,45,182,319,219,276,0,192,28,130,595,75,5420,0,90,802,504,809,1433,347,0,469,201,397,133,235
ACSSF,2011e1,co,000,0129,0000086,62809,38,5140,2743,1480,5636,2672,3330,4827,8207,14133,4008,3700,6895,30092,7,1645,1764,274,1111,809,2132,1911,6238,9378,672,980,3171,9915,0,0,63,0,360,153,193,0,557,2726,2394,1428,2041,13452,0,199,434,972,3350,658,694,2916,926,1221,514,595,973,5890,31,2976,204,0,461,191,311,0,382,215,149,613,357,3460,0,320,278,234,354,861,0,0,104,593,279,84,353
ACSSF,2011e1,co,000,0129,0000087,45340,218,2290,3397,1278,4545,1657,1059,1983,7456,9916,6005,2998,2538,22413,165,556,1945,196,448,513,683,1031,4998,7508,1730,1202,1438,8335,0,0,0,70,717,0,0,187,837,1415,3316,1039,754,9091,0,456,523,631,2713,272,376,725,1066,993,723,413,200,2038,53,1194,58,126,111,146,0,40,104,0,0,206,0,3463,0,84,871,255,556,726,0,0,451,0,236,138,146
ACSSF,2011e1,co,000,0129,0000088,45462,756,2300,2876,1015,5735,2086,1443,2447,4687,10681,6471,2848,2117,15112,311,479,1258,167,406,313,790,686,2599,5954,660,531,958,10585,89,0,0,0,0,0,61,332,605,2507,5265,1088,638,12056,103,316,418,369,4088,760,265,1264,1133,1977,442,569,352,3358,220,1452,200,0,380,51,208,132,104,123,0,362,126,4351,33,53,1000,479,861,962,119,33,246,120,104,298,43
ACSSF,2011e1,co,000,0129,0000089,80429,1309,3473,5994,2350,9703,2309,2006,6570,8985,19095,6538,5557,6540,36684,908,942,2960,175,2002,354,970,3458,5360,13109,1620,1438,3388,13096,0,120,29,0,265,66,0,55,1189,3803,3602,2023,1944,20021,259,451,739,1526,6088,729,444,2537,2256,2058,887,1036,1011,4916,142,1665,237,105,402,463,592,436,127,0,39,658,50,5712,0,295,2029,544,946,697,0,84,53,125,390,402,147
ACSSF,2011e1,co,000,0129,0000090,43235,235,3149,2701,721,5341,1977,868,2206,4253,9795,4699,2983,4307,9310,0,257,329,0,567,32,163,676,1025,4028,629,317,1287,11313,0,0,0,0,504,0,0,37,771,4068,3725,939,1269,11237,0,116,276,395,3705,474,548,874,2024,1353,101,513,858,5812,189,2545,519,102,200,167,157,471,73,35,113,571,670,5563,46,231,1577,224,365,1304,0,148,360,311,131,643,223
ACSSF,2011e1,co,000,0129,0000091,45036,1409,3683,2558,547,5949,2501,637,1900,4578,8930,5659,2275,4410,13808,313,596,909,58,275,306,453,828,1858,5944,460,635,1173,11871,158,167,0,0,96,29,34,0,1544,1999,4345,1058,2441,9615,12,163,320,343,3765,808,93,1044,774,760,522,288,723,4737,343,2494,358,73,576,368,0,28,64,49,179,200,5,5005,583,263,971,73,1237,990,57,0,338,178,153,94,68
ACSSF,2011e1,co,000,0129,0000092,,,,,,,,,,,,,,,,,,,,,,,,,,,,,,,,,,,,,,,,,,,,,,,,,,,,,,,,,,,,,,,,,,,,,,,,,,,,,,,,,,,,
ACSSF,2011e1,co,000,0129,0000093,95835,403,9118,5382,3185,12994,6036,3715,6454,11410,15915,10757,5583,4883,24165,179,747,1167,318,758,280,1102,3082,3180,8694,1051,658,2949,19940,0,349,0,0,660,641,47,237,3869,4929,7060,1896,252,24461,35,284,844,1876,8625,1231,1545,2706,1934,1835,1441,466,1639,13397,86,7426,244,102,996,520,861,276,1165,84,68,1526,43,13872,103,312,3127,889,1955,3364,160,153,1262,373,1137,1037,0
ACSSF,2011e1,co,000,0129,0000094,117858,1337,5002,8314,1818,12282,3816,4353,6313,24933,28521,10236,6717,4216,65007,417,1163,5008,391,1025,1556,2515,3632,20256,21620,2739,1685,3000,15395,546,0,0,0,186,107,132,154,1472,3656,5903,2839,400,26977,90,202,1393,1389,10203,800,1637,2375,3010,2683,1338,1177,680,5083,284,3536,65,0,31,244,69,102,47,30,0,539,136,5396,0,101,1848,38,837,1109,0,50,148,532,256,477,0
ACSSF,2011e1,co,000,0129,0000095,,,,,,,,,,,,,,,,,,,,,,,,,,,,,,,,,,,,,,,,,,,,,,,,,,,,,,,,,,,,,,,,,,,,,,,,,,,,,,,,,,,,
ACSSF,2011e1,co,000,0129,0000096,146470,658,6781,8211,4603,17762,7029,5900,17051,21164,29407,13132,7073,7699,68921,280,1613,4469,730,1992,1672,3050,10501,14042,20845,2598,3102,4027,20103,0,0,100,121,858,116,0,346,2037,3743,8983,2101,1698,40935,79,627,1830,3211,13240,2233,2023,6004,3628,4175,1371,904,1610,8553,162,4268,227,0,566,291,751,71,1082,311,0,584,240,7958,137,273,1585,541,1106,2717,76,129,375,333,180,382,124
ACSSF,2011e1,co,000,0129,0000097,102353,882,6058,6606,2822,12600,3924,3452,5822,11842,22246,13491,7701,4907,36737,355,1406,2649,471,1525,545,1573,2435,6454,13166,2208,1657,2293,22762,89,120,29,0,492,0,61,387,1970,5374,9554,2927,1759,25259,103,672,869,1311,7894,1368,931,2755,2808,3148,1267,1550,583,7601,302,3683,216,207,773,180,768,212,229,123,39,743,126,9994,33,177,2843,833,1916,1831,119,33,381,435,423,824,146
ACSSF,2011e1,co,000,0129,0000098,319442,3091,21289,16514,10445,29422,14677,10127,24660,55337,65832,38039,15956,14053,139829,1833,4206,5559,2008,4229,1904,6303,12818,34625,47099,8011,4546,6688,57400,0,35,213,0,1548,390,0,1533,9288,9913,24504,5465,4511,71052,412,942,2582,4829,19682,4506,2584,9568,9184,6770,4588,2800,2605,23058,637,15180,461,255,1069,966,969,93,961,585,53,1671,158,28103,209,926,7699,3353,2894,6911,271,648,1279,1465,883,1474,91
ACSSF,2011e1,co,000,0129,0000099,155612,1875,8108,11265,3772,16342,5489,9098,20374,24419,24734,15504,6949,7683,82303,1052,4686,7793,595,2726,1476,6047,12884,16480,18640,3969,2178,3777,18203,170,49,0,0,551,31,118,163,1937,2509,8742,2001,1932,41165,112,326,1641,2447,11404,1760,2137,7327,5264,3209,2079,1980,1479,5914,501,2832,45,226,319,294,276,0,192,89,223,657,260,8027,40,215,1786,504,1342,1928,520,0,546,287,491,133,235
ACSSF,2011e1,co,000,0129,0000100,,,,,,,,,,,,,,,,,,,,,,,,,,,,,,,,,,,,,,,,,,,,,,,,,,,,,,,,,,,,,,,,,,,,,,,,,,,,,,,,,,,,
ACSSF,2011e1,co,000,0129,0000101,98366,1942,6891,8646,1982,11236,2732,1926,3827,14151,26829,10465,4503,3236,45830,1055,1588,5045,393,1505,672,980,2009,8802,17987,2861,1089,1844,15014,54,50,0,0,291,64,0,266,2052,4406,5521,1674,636,22761,191,1052,1022,1164,7771,696,811,1365,2365,3568,1381,631,744,7542,642,3885,934,71,479,172,68,84,200,129,98,768,12,7219,0,316,1645,354,1190,1128,67,103,732,739,604,341,0
ACSSF,2011e1,co,000,0129,0000102,66658,3956,4643,2898,1313,9401,4178,1455,4230,6314,14735,7640,2878,3017,22525,1141,1213,576,237,1431,928,569,1476,3389,9009,804,615,1137,11142,68,0,73,0,99,51,149,414,729,3527,4172,828,1032,16725,374,148,689,819,6482,799,162,1749,916,2182,1744,170,491,9283,1951,3252,200,149,89,727,190,252,727,17,453,919,357,6983,422,30,1360,108,1300,1673,385,339,553,0,467,346,0
ACSSF,2011e1,co,000,0129,0000103,,,,,,,,,,,,,,,,,,,,,,,,,,,,,,,,,,,,,,,,,,,,,,,,,,,,,,,,,,,,,,,,,,,,,,,,,,,,,,,,,,,,
ACSSF,2011e1,co,000,0129,0000104,,,,,,,,,,,,,,,,,,,,,,,,,,,,,,,,,,,,,,,,,,,,,,,,,,,,,,,,,,,,,,,,,,,,,,,,,,,,,,,,,,,,
ACSSF,2011e1,co,000,0129,0000105,282349,4194,18672,20631,9580,31993,15656,7349,21570,40085,54312,24710,16009,17588,120978,2135,4509,9027,2323,3653,3333,3925,10158,25285,37986,4533,3545,10566,40443,51,118,70,0,1501,125,73,701,4524,8366,15401,5967,3546,72334,450,1382,3360,4654,22532,5353,2302,9470,8073,5867,3476,2490,2925,25142,1312,11724,1550,784,1419,1442,520,711,1100,1272,232,2722,354,23452,246,939,6624,1819,2888,5403,529,530,1103,821,1068,1285,197
ACSSF,2011e1,co,000,0129,0000106,47300,700,2147,3256,1462,6360,1703,2840,5059,7596,8563,3302,3094,1218,23705,347,732,1579,293,1104,503,2177,2954,5322,6349,755,770,820,4954,0,0,48,0,427,0,0,82,361,1434,1666,889,47,12048,177,182,614,935,3775,365,611,1702,1742,694,632,372,247,3208,79,1138,219,0,423,281,52,37,116,43,0,771,49,3385,97,95,796,234,631,554,0,284,55,43,249,292,55
ACSSF,2011e1,co,000,0129,0000107,78426,2410,4019,10886,1873,7476,2793,2037,2918,15247,15209,7336,3563,2659,34652,683,735,5965,228,695,568,1668,1106,8898,9708,2074,1279,1045,12949,0,192,201,35,460,0,0,121,2441,3097,4234,1192,976,17190,28,94,1682,985,5521,384,241,1438,3241,1857,846,377,496,5917,1013,2973,278,485,141,327,128,85,86,190,0,114,97,7718,686,25,2760,140,659,1514,0,168,581,357,182,601,45
ACSSF,2011e1,co,000,0129,0000108,51661,1804,4887,6488,1450,5786,1113,1375,2861,6198,11022,3842,2598,2237,20698,890,962,2768,62,1120,329,1068,816,3256,7053,612,708,1054,8691,100,0,0,0,254,0,0,267,1499,2761,2099,960,751,11861,222,269,1107,1343,3812,166,59,1666,1351,795,611,169,291,5255,402,3512,53,45,115,0,248,65,38,161,58,558,0,5156,190,144,2560,0,485,618,0,47,54,252,462,203,141
ACSSF,2011e1,co,000,0129,0000109,43784,251,2769,3444,1146,5198,1445,1555,2416,4001,12314,5565,1728,1952,12017,100,241,748,0,368,505,267,730,1175,6272,588,375,648,12188,0,80,57,0,158,0,33,88,1262,3957,4539,826,1188,11483,0,183,485,267,3863,270,1003,1528,1169,1906,438,255,116,3138,151,2116,169,0,129,120,36,70,136,83,0,128,0,4958,0,149,1985,879,680,550,216,0,259,96,0,144,0
ACSSF,2011e1,co,000,0129,0000110,106103,1903,6870,9787,3137,14881,6784,4026,6431,12998,19778,10181,4829,4498,37990,895,1473,2709,413,1602,967,2200,2285,7937,11818,1350,1968,2373,15192,0,0,288,0,158,114,77,162,1183,4797,6032,1316,1065,32177,164,585,2089,2123,10319,2078,1233,3851,3386,2533,2267,489,1060,8172,468,4342,277,247,524,625,465,38,177,176,0,833,0,12572,376,470,4424,354,2278,3000,51,95,315,454,532,223,0
ACSSF,2011e1,co,000,0129,0000111,32053,147,3272,3002,1369,4396,2319,1118,1526,4449,4187,4147,1306,815,6978,0,299,491,68,599,240,36,549,1540,2365,326,144,321,6396,0,44,0,0,215,0,48,0,1775,1186,2437,351,340,7932,0,252,218,491,2725,533,547,922,676,460,833,121,154,5644,147,2640,335,379,636,211,81,55,231,176,295,458,0,5103,0,37,1958,431,221,1335,406,0,227,0,256,232,0
