ACSSF,2011e1,co,000,0042,0000001,2322794,93635,81620,115174,190679,247261,348243,307509,251937,135387,145607,72940,35365,157737,139700,2322794,83242,245839,336203,381134,353415,147999,321880,58378,84103,156155,104730,49716,2322794,93635,81620,115174,190679,247261,348243,307509,251937,135387,551349,2322794,329081,336203,381134,353415,147999,321880,142481,156155,154446
ACSSF,2011e1,co,000,0042,0000002,1814358,70201,60385,86793,142555,188840,259490,237006,198657,115516,118830,59625,28127,132407,115926,1814358,60829,198684,275903,310673,287720,109132,247180,40845,63242,111879,73033,35238,1814358,70201,60385,86793,142555,188840,259490,237006,198657,115516,454915,1814358,259513,275903,310673,287720,109132,247180,104087,111879,108271
ACSSF,2011e1,co,000,0042,0000003,508436,23434,21235,28381,48124,58421,88753,70503,53280,19871,26777,13315,7238,25330,23774,508436,22413,47155,60300,70461,65695,38867,74700,17533,20861,44276,31697,14478,508436,23434,21235,28381,48124,58421,88753,70503,53280,19871,96434,508436,69568,60300,70461,65695,38867,74700,38394,44276,46175
ACSSF,2011e1,co,000,0042,0000004,2158254,87063,75403,106010,179968,230997,322138,281889,232811,127210,135658,68074,32465,148158,130410,2158254,62585,209925,307259,360442,340210,141812,307766,55602,80571,148149,98554,45379,2158254,87063,75403,106010,179968,230997,322138,281889,232811,127210,514765,2158254,272510,307259,360442,340210,141812,307766,136173,148149,143933
ACSSF,2011e1,co,000,0042,0000005,2035193,81110,72096,101116,169266,222300,305503,261767,217596,120729,127612,64027,30068,139401,122602,2035193,54519,184118,284626,338459,328240,136806,296395,53466,79425,142698,94028,42413,2035193,81110,72096,101116,169266,222300,305503,261767,217596,120729,483710,2035193,238637,284626,338459,328240,136806,296395,132891,142698,136441
ACSSF,2011e1,co,000,0042,0000006,917390,32753,27846,44165,62552,94854,130827,117374,103234,62034,60202,31883,15708,72156,61802,917390,24568,102041,147589,168700,150696,52502,122650,19056,27706,48973,35873,17036,917390,32753,27846,44165,62552,94854,130827,117374,103234,62034,241751,917390,126609,147589,168700,150696,52502,122650,46762,48973,52909
ACSSF,2011e1,co,000,0042,0000007,1117803,48357,44250,56951,106714,127446,174676,144393,114362,58695,67410,32144,14360,67245,60800,1117803,29951,82077,137037,169759,177544,84304,173745,34410,51719,93725,58155,25377,1117803,48357,44250,56951,106714,127446,174676,144393,114362,58695,241959,1117803,112028,137037,169759,177544,84304,173745,86129,93725,83532
ACSSF,2011e1,co,000,0042,0000008,123061,5953,3307,4894,10702,8697,16635,20122,15215,6481,8046,4047,2397,8757,7808,123061,8066,25807,22633,21983,11970,5006,11371,2136,1146,5451,4526,2966,123061,5953,3307,4894,10702,8697,16635,20122,15215,6481,31055,123061,33873,22633,21983,11970,5006,11371,3282,5451,7492
ACSSF,2011e1,co,000,0042,0000009,40817,1864,922,1190,4105,2504,5312,5890,4771,2096,3007,1509,797,3498,3352,40817,2448,12835,9103,5840,3410,1111,2482,70,0,961,1493,1064,40817,1864,922,1190,4105,2504,5312,5890,4771,2096,12163,40817,15283,9103,5840,3410,1111,2482,70,961,2557
ACSSF,2011e1,co,000,0042,0000010,82244,4089,2385,3704,6597,6193,11323,14232,10444,4385,5039,2538,1600,5259,4456,82244,5618,12972,13530,16143,8560,3895,8889,2066,1146,4490,3033,1902,82244,4089,2385,3704,6597,6193,11323,14232,10444,4385,18892,82244,18590,13530,16143,8560,3895,8889,3212,4490,4935
ACSSF,2011e1,co,000,0042,0000011,164540,6572,6217,9164,10711,16264,26105,25620,19126,8177,9949,4866,2900,9579,9290,164540,20657,35914,28944,20692,13205,6187,14114,2776,3532,8006,6176,4337,164540,6572,6217,9164,10711,16264,26105,25620,19126,8177,36584,164540,56571,28944,20692,13205,6187,14114,6308,8006,10513
ACSSF,2011e1,co,000,0042,0000012,287601,12525,9524,14058,21413,24961,42740,45742,34341,14658,17995,8913,5297,18336,17098,287601,28723,61721,51577,42675,25175,11193,25485,4912,4678,13457,10702,7303,287601,12525,9524,14058,21413,24961,42740,45742,34341,14658,67639,287601,90444,51577,42675,25175,11193,25485,9590,13457,18005
ACSSF,2011e1,co,000,0042,0000013,199407,12155,9203,12283,23045,21402,31463,20893,17662,7072,9311,5886,1000,13796,14236,199407,1830,10970,20333,29905,28749,14753,41555,7111,12099,17824,10760,3518,199407,12155,9203,12283,23045,21402,31463,20893,17662,7072,44229,199407,12800,20333,29905,28749,14753,41555,19210,17824,14278
ACSSF,2011e1,co,000,0042,0000014,276756,10897,7889,14046,20493,31819,39965,34419,33474,12310,18242,10114,6571,18181,18336,276756,4793,20501,29255,41700,44110,23011,50582,7998,14578,19059,15207,5962,276756,10897,7889,14046,20493,31819,39965,34419,33474,12310,71444,276756,25294,29255,41700,44110,23011,50582,22576,19059,21169
ACSSF,2011e1,co,000,0042,0000015,137635,3516,2402,5398,7126,11347,17175,21839,18550,13571,14555,5606,1858,7046,7646,137635,4803,17406,23830,24183,19979,7339,16234,3646,3389,9005,5708,2113,137635,3516,2402,5398,7126,11347,17175,21839,18550,13571,36711,137635,22209,23830,24183,19979,7339,16234,7035,9005,7821
ACSSF,2011e1,co,000,0042,0000016,297253,9678,8359,11997,20589,26820,42186,41565,39651,22672,19803,9258,4641,22799,17235,297253,6730,23503,42162,50079,53129,19516,48848,7603,10686,19654,12060,3283,297253,9678,8359,11997,20589,26820,42186,41565,39651,22672,73736,297253,30233,42162,50079,53129,19516,48848,18289,19654,15343
ACSSF,2011e1,co,000,0042,0000017,138454,4476,3596,5404,13388,15568,25148,17214,14649,10556,8558,3093,3126,6766,6912,138454,1966,11220,17179,17231,22691,10136,20278,4229,8086,14459,7392,3587,138454,4476,3596,5404,13388,15568,25148,17214,14649,10556,28455,138454,13186,17179,17231,22691,10136,20278,12315,14459,10979
ACSSF,2011e1,co,000,0042,0000018,280944,11813,13052,15717,25276,30138,46562,37549,24217,12658,15003,8022,5232,20227,15478,280944,8716,27995,46936,53378,55969,20345,35026,4921,4439,11947,6958,4314,280944,11813,13052,15717,25276,30138,46562,37549,24217,12658,63962,280944,36711,46936,53378,55969,20345,35026,9360,11947,11272
ACSSF,2011e1,co,000,0042,0000019,258463,8891,9321,11451,26905,33780,36529,30394,27636,15225,15192,7493,2511,18045,15090,258463,8366,16547,29843,39731,43903,17670,43386,8512,12959,22457,11505,3584,258463,8891,9321,11451,26905,33780,36529,30394,27636,15225,58331,258463,24913,29843,39731,43903,17670,43386,21471,22457,15089
ACSSF,2011e1,co,000,0042,0000020,142736,3223,4280,7439,7656,16587,19569,21933,12555,10373,11458,5718,1460,12738,7747,142736,6301,17579,26235,29065,21430,5655,14190,2450,1921,7404,5135,5371,142736,3223,4280,7439,7656,16587,19569,21933,12555,10373,39121,142736,23880,26235,29065,21430,5655,14190,4371,7404,10506
ACSSF,2011e1,co,000,0042,0000021,64102,3637,1579,3371,3788,7903,9202,9031,6695,4858,3217,2095,965,4603,3158,64102,2594,9403,14803,11952,9038,3163,3297,693,982,1825,3431,2921,64102,3637,1579,3371,3788,7903,9202,9031,6695,4858,14038,64102,11997,14803,11952,9038,3163,3297,1675,1825,6352
ACSSF,2011e1,co,000,0042,0000022,63958,3973,2356,3711,5559,5735,8422,7805,5707,3467,4027,1587,883,6200,4526,63958,1919,8609,13584,14762,7784,3614,5188,1493,1359,3434,1416,796,63958,3973,2356,3711,5559,5735,8422,7805,5707,3467,17223,63958,10528,13584,14762,7784,3614,5188,2852,3434,2212
ACSSF,2011e1,co,000,0042,0000023,111574,5336,7167,6843,10092,13533,16070,12739,10242,5314,4397,3914,985,5652,9290,111574,3988,14433,14628,18613,15131,8326,10324,2414,4411,8081,7211,4014,111574,5336,7167,6843,10092,13533,16070,12739,10242,5314,24238,111574,18421,14628,18613,15131,8326,10324,6825,8081,11225
ACSSF,2011e1,co,000,0042,0000024,51058,1797,1425,1912,6631,6874,7020,5740,4780,2402,2821,1680,301,4460,3215,51058,1789,2905,4744,8344,10607,3210,8072,1708,2895,4279,2039,466,51058,1797,1425,1912,6631,6874,7020,5740,4780,2402,12477,51058,4694,4744,8344,10607,3210,8072,4603,4279,2505
ACSSF,2011e1,co,000,0042,0000025,151168,7946,5501,9444,12702,17967,22000,12477,14666,5878,7900,6255,3424,11155,13853,151168,2129,9430,12636,21401,23087,12789,31019,4783,9392,10538,9829,4135,151168,7946,5501,9444,12702,17967,22000,12477,14666,5878,42587,151168,11559,12636,21401,23087,12789,31019,14175,10538,13964
ACSSF,2011e1,co,000,0042,0000026,47100,312,233,761,997,3096,4203,6669,6538,6689,6494,2608,894,3592,4014,47100,1946,9092,10364,9042,5191,884,3472,892,738,2839,1876,764,47100,312,233,761,997,3096,4203,6669,6538,6689,17602,47100,11038,10364,9042,5191,884,3472,1630,2839,2640
ACSSF,2011e1,co,000,0042,0000027,49267,1394,1730,1679,3688,5785,8223,7484,7114,2568,3534,1108,819,2592,1549,49267,1102,3629,6352,7324,6619,3943,8816,1280,2165,4181,2687,1169,49267,1394,1730,1679,3688,5785,8223,7484,7114,2568,9602,49267,4731,6352,7324,6619,3943,8816,3445,4181,3856
ACSSF,2011e1,co,000,0042,0000028,185814,6911,7080,9915,14504,20127,29300,24089,18736,8832,10638,6071,3799,14070,11742,185814,5226,21154,31496,38153,39814,11651,21159,2072,2162,6146,3976,2805,185814,6911,7080,9915,14504,20127,29300,24089,18736,8832,46320,185814,26380,31496,38153,39814,11651,21159,4234,6146,6781
ACSSF,2011e1,co,000,0042,0000029,297253,9678,8359,11997,20589,26820,42186,41565,39651,22672,19803,9258,4641,22799,17235,297253,6730,23503,42162,50079,53129,19516,48848,7603,10686,19654,12060,3283,297253,9678,8359,11997,20589,26820,42186,41565,39651,22672,73736,297253,30233,42162,50079,53129,19516,48848,18289,19654,15343
ACSSF,2011e1,co,000,0042,0000030,72461,1954,1185,2801,3514,7684,9478,10686,7395,5465,6267,3282,523,7519,4708,72461,4043,10634,15013,14787,10897,2023,6215,1178,636,2299,1940,2796,72461,1954,1185,2801,3514,7684,9478,10686,7395,5465,22299,72461,14677,15013,14787,10897,2023,6215,1814,2299,4736
ACSSF,2011e1,co,000,0042,0000031,39562,2443,1425,2644,3090,4689,4300,4743,3407,3185,1692,1651,223,2632,3438,39562,890,8129,8594,9196,4293,771,1880,450,648,1912,1421,1378,39562,2443,1425,2644,3090,4689,4300,4743,3407,3185,9636,39562,9019,8594,9196,4293,771,1880,1098,1912,2799
ACSSF,2011e1,co,000,0042,0000032,50853,1460,570,1653,5241,5538,10589,6613,5265,3327,3539,1393,785,2207,2673,50853,664,3303,6845,7229,11294,3832,6848,1082,2455,4688,2122,491,50853,1460,570,1653,5241,5538,10589,6613,5265,3327,10597,50853,3967,6845,7229,11294,3832,6848,3537,4688,2613
ACSSF,2011e1,co,000,0042,0000033,69489,2458,2020,2946,6606,10886,9525,8290,7345,3365,3276,2903,692,4672,4505,69489,2143,3931,9859,12788,11059,5015,11511,1466,3439,4417,2950,911,69489,2458,2020,2946,6606,10886,9525,8290,7345,3365,16048,69489,6074,9859,12788,11059,5015,11511,4905,4417,3861
ACSSF,2011e1,co,000,0042,0000034,40374,2310,1332,2126,3089,4791,5077,6307,5033,2601,3210,922,165,1447,1964,40374,1208,4799,7235,5299,5985,2505,4955,1889,1548,2544,1223,1184,40374,2310,1332,2126,3089,4791,5077,6307,5033,2601,7708,40374,6007,7235,5299,5985,2505,4955,3437,2544,2407
ACSSF,2011e1,co,000,0042,0000035,29494,383,1690,2299,1819,3370,4638,4777,2167,2722,1330,462,329,2162,1346,29494,783,3804,4501,6991,4118,1395,3593,410,603,1503,1119,674,29494,383,1690,2299,1819,3370,4638,4777,2167,2722,5629,29494,4587,4501,6991,4118,1395,3593,1013,1503,1793
ACSSF,2011e1,co,000,0042,0000036,41067,1961,1134,2238,2859,3726,5104,5491,3767,2012,2876,1274,746,4721,3158,41067,1225,7092,11600,9345,3998,1249,1579,705,833,2119,893,429,41067,1961,1134,2238,2859,3726,5104,5491,3767,2012,12775,41067,8317,11600,9345,3998,1249,1579,1538,2119,1322
ACSSF,2011e1,co,000,0042,0000037,57230,3395,2151,4283,5646,4797,9664,7251,5271,2027,3270,1426,379,2995,4675,57230,541,3441,4754,7968,9119,4202,10915,2341,4959,5412,2869,709,57230,3395,2151,4283,5646,4797,9664,7251,5271,2027,12745,57230,3982,4754,7968,9119,4202,10915,7300,5412,3578
ACSSF,2011e1,co,000,0042,0000038,52874,2541,2501,3189,4400,5561,6583,6108,5645,3998,1992,1797,597,4407,3555,52874,608,2763,5396,9223,9884,4581,9267,1416,2299,4123,2246,1068,52874,2541,2501,3189,4400,5561,6583,6108,5645,3998,12348,52874,3371,5396,9223,9884,4581,9267,3715,4123,3314
ACSSF,2011e1,co,000,0042,0000039,47100,312,233,761,997,3096,4203,6669,6538,6689,6494,2608,894,3592,4014,47100,1946,9092,10364,9042,5191,884,3472,892,738,2839,1876,764,47100,312,233,761,997,3096,4203,6669,6538,6689,17602,47100,11038,10364,9042,5191,884,3472,1630,2839,2640
ACSSF,2011e1,co,000,0042,0000040,185814,6911,7080,9915,14504,20127,29300,24089,18736,8832,10638,6071,3799,14070,11742,185814,5226,21154,31496,38153,39814,11651,21159,2072,2162,6146,3976,2805,185814,6911,7080,9915,14504,20127,29300,24089,18736,8832,46320,185814,26380,31496,38153,39814,11651,21159,4234,6146,6781
ACSSF,2011e1,co,000,0042,0000041,151168,7946,5501,9444,12702,17967,22000,12477,14666,5878,7900,6255,3424,11155,13853,151168,2129,9430,12636,21401,23087,12789,31019,4783,9392,10538,9829,4135,151168,7946,5501,9444,12702,17967,22000,12477,14666,5878,42587,151168,11559,12636,21401,23087,12789,31019,14175,10538,13964
ACSSF,2011e1,co,000,0042,0000042,297253,9678,8359,11997,20589,26820,42186,41565,39651,22672,19803,9258,4641,22799,17235,297253,6730,23503,42162,50079,53129,19516,48848,7603,10686,19654,12060,3283,297253,9678,8359,11997,20589,26820,42186,41565,39651,22672,73736,297253,30233,42162,50079,53129,19516,48848,18289,19654,15343
ACSSF,2011e1,co,000,0042,0000043,72461,1954,1185,2801,3514,7684,9478,10686,7395,5465,6267,3282,523,7519,4708,72461,4043,10634,15013,14787,10897,2023,6215,1178,636,2299,1940,2796,72461,1954,1185,2801,3514,7684,9478,10686,7395,5465,22299,72461,14677,15013,14787,10897,2023,6215,1814,2299,4736
ACSSF,2011e1,co,000,0042,0000044,29494,383,1690,2299,1819,3370,4638,4777,2167,2722,1330,462,329,2162,1346,29494,783,3804,4501,6991,4118,1395,3593,410,603,1503,1119,674,29494,383,1690,2299,1819,3370,4638,4777,2167,2722,5629,29494,4587,4501,6991,4118,1395,3593,1013,1503,1793
ACSSF,2011e1,co,000,0042,0000045,39562,2443,1425,2644,3090,4689,4300,4743,3407,3185,1692,1651,223,2632,3438,39562,890,8129,8594,9196,4293,771,1880,450,648,1912,1421,1378,39562,2443,1425,2644,3090,4689,4300,4743,3407,3185,9636,39562,9019,8594,9196,4293,771,1880,1098,1912,2799
ACSSF,2011e1,co,000,0042,0000046,41067,1961,1134,2238,2859,3726,5104,5491,3767,2012,2876,1274,746,4721,3158,41067,1225,7092,11600,9345,3998,1249,1579,705,833,2119,893,429,41067,1961,1134,2238,2859,3726,5104,5491,3767,2012,12775,41067,8317,11600,9345,3998,1249,1579,1538,2119,1322
ACSSF,2011e1,co,000,0042,0000047,326310,11117,9198,13489,22200,29815,45778,46487,42593,23868,22223,9849,6140,25326,18227,326310,7109,26301,46093,54992,57765,21148,53543,8749,11945,21559,13398,3708,326310,11117,9198,13489,22200,29815,45778,46487,42593,23868,81765,326310,33410,46093,54992,57765,21148,53543,20694,21559,17106
ACSSF,2011e1,co,000,0042,0000048,354959,10899,11962,17096,28718,29895,52615,48279,42612,25165,25452,12205,4775,21423,23863,354959,10842,36571,46074,57584,51841,23955,53327,10606,15709,26641,16639,5170,354959,10899,11962,17096,28718,29895,52615,48279,42612,25165,87718,354959,47413,46074,57584,51841,23955,53327,26315,26641,21809
ACSSF,2011e1,co,000,0042,0000049,293315,14757,9305,16144,20136,27304,42841,42635,32373,16696,17287,8465,5014,21808,18550,293315,20960,49978,58559,49677,32395,13088,24557,4735,5714,13737,11151,8764,293315,14757,9305,16144,20136,27304,42841,42635,32373,16696,71124,293315,70938,58559,49677,32395,13088,24557,10449,13737,19915
ACSSF,2011e1,co,000,0042,0000050,326805,13592,13812,17870,22705,39386,45039,47406,29848,19611,20745,11011,2969,22187,20624,326805,17857,49540,56539,58509,43830,14603,30237,6348,7357,17347,13357,11281,326805,13592,13812,17870,22705,39386,45039,47406,29848,19611,77536,326805,67397,56539,58509,43830,14603,30237,13705,17347,24638
ACSSF,2011e1,co,000,0042,0000051,317563,14329,14660,17722,28307,33862,52351,42353,27235,13899,17928,9498,5721,22544,17154,317563,11880,35322,51872,58781,57855,21659,37996,5967,5954,14649,10116,5512,317563,14329,14660,17722,28307,33862,52351,42353,27235,13899,72845,317563,47202,51872,58781,57855,21659,37996,11921,14649,15628
ACSSF,2011e1,co,000,0042,0000052,385598,13719,11197,17714,37463,45465,63046,48219,46253,22021,24531,11152,6808,19869,18141,385598,7735,27315,42258,50914,60614,30316,62773,11935,20558,38568,23114,9498,385598,13719,11197,17714,37463,45465,63046,48219,46253,22021,80501,385598,35050,42258,50914,60614,30316,62773,32493,38568,32612
ACSSF,2011e1,co,000,0042,0000053,318244,15222,11486,15139,31150,41534,46573,32130,31023,14127,17441,10760,3938,24580,23141,318244,6859,20812,34808,50677,49115,23230,59447,10038,16866,23654,16955,5783,318244,15222,11486,15139,31150,41534,46573,32130,31023,14127,79860,318244,27671,34808,50677,49115,23230,59447,26904,23654,22738
ACSSF,2011e1,co,000,0042,0000054,55282,1802,2028,2836,4298,4621,8327,6806,6878,2601,3054,2040,1501,4730,3760,55282,6589,10654,9243,7306,3815,2149,4494,586,1325,4250,2785,2086,55282,1802,2028,2836,4298,4621,8327,6806,6878,2601,15085,55282,17243,9243,7306,3815,2149,4494,1911,4250,4871
ACSSF,2011e1,co,000,0042,0000055,68862,1349,3095,4835,4175,9283,10080,11026,4720,4928,4824,2053,838,4757,2899,68862,1922,5918,11146,14448,10856,3393,8363,1173,1285,4682,3281,2395,68862,1349,3095,4835,4175,9283,10080,11026,4720,4928,15371,68862,7840,11146,14448,10856,3393,8363,2458,4682,5676
ACSSF,2011e1,co,000,0042,0000056,62981,3540,1531,3310,3589,7850,9014,8939,6546,4723,3156,2076,965,4584,3158,62981,2422,9315,14803,11875,8951,3141,3175,660,959,1488,3355,2837,62981,3540,1531,3310,3589,7850,9014,8939,6546,4723,13939,62981,11737,14803,11875,8951,3141,3175,1619,1488,6192
ACSSF,2011e1,co,000,0042,0000057,68059,1874,1185,2604,3351,6945,9003,9433,7138,5144,5887,3129,523,7417,4426,68059,3793,10180,13957,13986,10359,1917,5656,1178,636,2120,1648,2629,68059,1874,1185,2604,3351,6945,9003,9433,7138,5144,21382,68059,13973,13957,13986,10359,1917,5656,1814,2120,4277
ACSSF,2011e1,co,000,0042,0000058,111574,5336,7167,6843,10092,13533,16070,12739,10242,5314,4397,3914,985,5652,9290,111574,3988,14433,14628,18613,15131,8326,10324,2414,4411,8081,7211,4014,111574,5336,7167,6843,10092,13533,16070,12739,10242,5314,24238,111574,18421,14628,18613,15131,8326,10324,6825,8081,11225
ACSSF,2011e1,co,000,0042,0000059,57089,4160,3189,2992,5359,7100,8921,8623,4193,1514,2899,1151,500,3452,3036,57089,6436,13176,10044,6795,3954,1746,3939,1066,1354,3386,3349,1844,57089,4160,3189,2992,5359,7100,8921,8623,4193,1514,11038,57089,19612,10044,6795,3954,1746,3939,2420,3386,5193
ACSSF,2011e1,co,000,0042,0000060,32760,1748,1443,1767,1930,2851,5934,6290,2709,1104,2320,1385,450,1393,1436,32760,3705,6503,5757,4486,3117,1497,3297,891,418,1389,1094,606,32760,1748,1443,1767,1930,2851,5934,6290,2709,1104,6984,32760,10208,5757,4486,3117,1497,3297,1309,1389,1700
ACSSF,2011e1,co,000,0042,0000061,61546,3716,2326,3628,5181,5646,7941,7367,5538,3364,3820,1527,883,6178,4431,61546,1814,8425,13345,14699,7380,3123,4836,1253,1301,3158,1416,796,61546,3716,2326,3628,5181,5646,7941,7367,5538,3364,16839,61546,10239,13345,14699,7380,3123,4836,2554,3158,2212
ACSSF,2011e1,co,000,0042,0000062,68302,3881,1924,3629,5176,5314,9391,11943,8606,3282,4324,1021,817,4486,4508,68302,4041,13908,12908,8969,8124,2253,7483,642,1661,3496,2140,2677,68302,3881,1924,3629,5176,5314,9391,11943,8606,3282,15156,68302,17949,12908,8969,8124,2253,7483,2303,3496,4817
ACSSF,2011e1,co,000,0042,0000063,72117,865,486,2584,5500,4552,10520,11666,11898,5770,5643,2779,1981,4244,3629,72117,6882,14153,11902,12796,6735,4078,6903,2060,533,3014,2188,873,72117,865,486,2584,5500,4552,10520,11666,11898,5770,18276,72117,21035,11902,12796,6735,4078,6903,2593,3014,3061
ACSSF,2011e1,co,000,0042,0000064,51846,654,2288,2720,5359,4998,7281,7442,6510,4089,4046,1555,605,2459,1840,51846,2529,4082,4970,6424,5677,3312,7052,2193,3013,6683,4473,1438,51846,654,2288,2720,5359,4998,7281,7442,6510,4089,10505,51846,6611,4970,6424,5677,3312,7052,5206,6683,5911
ACSSF,2011e1,co,000,0042,0000065,61310,2920,1679,3059,4602,6512,8921,9632,7913,3660,5622,1642,487,2086,2575,61310,1661,6109,9308,9308,10615,4283,8355,2382,1992,3680,2399,1218,61310,2920,1679,3059,4602,6512,8921,9632,7913,3660,12412,61310,7770,9308,9308,10615,4283,8355,4374,3680,3617
ACSSF,2011e1,co,000,0042,0000066,52142,394,296,798,1532,3545,4809,8029,7203,7207,6800,2784,894,3772,4079,52142,2314,9813,11079,10244,5810,984,3907,905,858,3094,2296,838,52142,394,296,798,1532,3545,4809,8029,7203,7207,18329,52142,12127,11079,10244,5810,984,3907,1763,3094,3134
ACSSF,2011e1,co,000,0042,0000067,60107,1188,2042,3080,3462,6604,10725,7747,7733,4643,3434,1251,1011,3316,3871,60107,1502,4607,7905,9771,10048,4773,9214,1789,3106,4176,2649,567,60107,1188,2042,3080,3462,6604,10725,7747,7733,4643,12883,60107,6109,7905,9771,10048,4773,9214,4895,4176,3216
ACSSF,2011e1,co,000,0042,0000068,54849,2786,1999,2840,5825,4761,6736,6980,6125,3326,2753,2578,361,3623,4156,54849,887,3810,5021,9453,8724,4557,10366,1453,2644,4652,1907,1375,54849,2786,1999,2840,5825,4761,6736,6980,6125,3326,13471,54849,4697,5021,9453,8724,4557,10366,4097,4652,3282
ACSSF,2011e1,co,000,0042,0000069,66951,4162,2416,4460,7551,5927,11031,8167,5528,2785,3899,1619,461,3491,5454,66951,631,3378,6925,9988,11814,3778,12668,2708,5513,6013,3037,498,66951,4162,2416,4460,7551,5927,11031,8167,5528,2785,14924,66951,4009,6925,9988,11814,3778,12668,8221,6013,3535
ACSSF,2011e1,co,000,0042,0000070,66568,3938,3576,4901,8352,9270,11546,5205,5553,1065,2154,1755,114,6039,3100,66568,367,3867,6831,10257,8181,5765,15001,2730,2894,5474,4352,849,66568,3938,3576,4901,8352,9270,11546,5205,5553,1065,13162,66568,4234,6831,10257,8181,5765,15001,5624,5474,5201
ACSSF,2011e1,co,000,0042,0000071,89771,3207,3031,4999,8003,10751,15373,9671,10855,3869,4051,3131,1544,4845,6441,89771,1032,3766,7082,9939,13638,9045,19363,2641,7510,8091,6012,1652,89771,3207,3031,4999,8003,10751,15373,9671,10855,3869,20012,89771,4798,7082,9939,13638,9045,19363,10151,8091,7664
ACSSF,2011e1,co,000,0042,0000072,50344,3226,1944,3126,4170,6525,6949,3524,3697,2000,2585,1765,1078,4337,5418,50344,676,2654,4495,8054,7533,4629,10780,1670,1476,3853,2770,1754,50344,3226,1944,3126,4170,6525,6949,3524,3697,2000,15183,50344,3330,4495,8054,7533,4629,10780,3146,3853,4524
ACSSF,2011e1,co,000,0042,0000073,49249,2250,1909,2687,4248,4941,6383,4567,5482,1940,3475,2349,1126,3624,4268,49249,810,3981,4034,7211,7764,3184,9069,1286,3191,2999,4169,1551,49249,2250,1909,2687,4248,4941,6383,4567,5482,1940,14842,49249,4791,4034,7211,7764,3184,9069,4477,2999,5720
ACSSF,2011e1,co,000,0042,0000074,56449,1398,1276,1730,3960,6575,7529,9751,8995,3188,4695,1648,1480,2711,1513,56449,1299,5489,9428,10554,8119,4396,8075,1433,1707,2923,2091,935,56449,1398,1276,1730,3960,6575,7529,9751,8995,3188,12047,56449,6788,9428,10554,8119,4396,8075,3140,2923,3026
ACSSF,2011e1,co,000,0042,0000075,71429,3145,2808,3824,5411,5605,12350,11023,9256,3028,3959,3041,958,3766,3255,71429,2024,5438,8107,11545,12519,4571,12749,2590,2200,5971,3129,586,71429,3145,2808,3824,5411,5605,12350,11023,9256,3028,14979,71429,7462,8107,11545,12519,4571,12749,4790,5971,3715
ACSSF,2011e1,co,000,0042,0000076,50852,1342,1340,1265,3284,6373,4919,7161,5988,5010,4758,1599,504,4357,2952,50852,1891,5222,7265,8887,9745,3009,6727,1116,1865,3134,1511,480,50852,1342,1340,1265,3284,6373,4919,7161,5988,5010,14170,50852,7113,7265,8887,9745,3009,6727,2981,3134,1991
ACSSF,2011e1,co,000,0042,0000077,61870,614,817,1807,2681,5139,8212,10318,10151,7052,4089,1930,1447,4813,2800,61870,903,4737,11669,11473,10624,3930,8631,1376,2409,2732,2761,625,61870,614,817,1807,2681,5139,8212,10318,10151,7052,15079,61870,5640,11669,11473,10624,3930,8631,3785,2732,3386
ACSSF,2011e1,co,000,0042,0000078,75600,3155,1166,2190,4493,6248,9241,11069,10787,6669,5465,2154,1243,7554,4166,75600,859,6127,10094,13015,14220,5680,13134,2045,2266,4123,3152,885,75600,3155,1166,2190,4493,6248,9241,11069,10787,6669,20582,75600,6986,10094,13015,14220,5680,13134,4311,4123,4037
ACSSF,2011e1,co,000,0042,0000079,51236,1873,2555,3239,5036,5017,8371,5061,4627,1301,3140,985,1092,4082,4857,51236,1053,3322,6109,7581,8548,2777,11045,850,2598,4387,2259,707,51236,1873,2555,3239,5036,5017,8371,5061,4627,1301,14156,51236,4375,6109,7581,8548,2777,11045,3448,4387,2966
ACSSF,2011e1,co,000,0042,0000080,53414,2046,1910,2051,5801,7245,7935,5878,4848,2946,2751,1576,249,4319,3859,53414,1766,3336,5743,8827,11286,3272,8360,1382,2521,4535,1968,418,53414,2046,1910,2051,5801,7245,7935,5878,4848,2946,12754,53414,5102,5743,8827,11286,3272,8360,3903,4535,2386
ACSSF,2011e1,co,000,0042,0000081,42383,1008,1047,2254,3403,6925,4741,5518,4345,2334,2282,1240,247,4873,2166,42383,1374,2534,5627,7373,7220,2953,8005,849,2000,2326,1928,194,42383,1008,1047,2254,3403,6925,4741,5518,4345,2334,10808,42383,3908,5627,7373,7220,2953,8005,2849,2326,2122
ACSSF,2011e1,co,000,0042,0000082,70268,3249,2149,2656,6939,9534,10737,8080,7467,3412,4273,2748,1017,3130,4877,70268,2263,4665,9347,12082,10793,4728,12413,1949,3058,5477,2244,1249,70268,3249,2149,2656,6939,9534,10737,8080,7467,3412,16045,70268,6928,9347,12082,10793,4728,12413,5007,5477,3493
ACSSF,2011e1,co,000,0042,0000083,48072,2303,1228,2526,3656,4943,7869,6196,6115,2662,3696,1408,967,2947,1556,48072,1077,4967,6199,7638,8225,2962,7368,1569,2017,3611,1566,873,48072,2303,1228,2526,3656,4943,7869,6196,6115,2662,10574,48072,6044,6199,7638,8225,2962,7368,3586,3611,2439
ACSSF,2011e1,co,000,0042,0000084,71871,2226,1751,2911,7633,7957,13075,9079,6903,5178,4407,2015,602,3828,4306,71871,1679,4620,8845,10210,12844,5817,9731,2094,3927,7338,3712,1054,71871,2226,1751,2911,7633,7957,13075,9079,6903,5178,15158,71871,6299,8845,10210,12844,5817,9731,6021,7338,4766
ACSSF,2011e1,co,000,0042,0000085,85603,2974,2910,3142,8199,9725,14741,9997,9963,6355,5213,1545,2619,4145,4075,85603,1219,7415,10168,8607,13055,6019,13301,3142,5198,9460,4967,3052,85603,2974,2910,3142,8199,9725,14741,9997,9963,6355,17597,85603,8634,10168,8607,13055,6019,13301,8340,9460,8019
ACSSF,2011e1,co,000,0042,0000086,70278,3059,4563,4502,7544,6248,13098,11740,4483,2843,3731,1566,975,3781,2145,70278,3074,4520,12155,10034,10928,6134,10329,2587,2362,4887,2081,1187,70278,3059,4563,4502,7544,6248,13098,11740,4483,2843,12198,70278,7594,12155,10034,10928,6134,10329,4949,4887,3268
ACSSF,2011e1,co,000,0042,0000087,43660,1384,760,2460,3458,4338,6683,5635,4726,2915,2955,1624,946,3215,2561,43660,1044,5027,9900,8774,7449,3077,4444,384,379,1140,1468,574,43660,1384,760,2460,3458,4338,6683,5635,4726,2915,11301,43660,6071,9900,8774,7449,3077,4444,763,1140,2042
ACSSF,2011e1,co,000,0042,0000088,44113,2469,1319,2376,2845,4041,6116,5926,3819,1938,2553,2034,801,4190,3686,44113,2223,6241,9003,10250,7405,2205,3241,367,355,1155,857,811,44113,2469,1319,2376,2845,4041,6116,5926,3819,1938,13264,44113,8464,9003,10250,7405,2205,3241,722,1155,1668
ACSSF,2011e1,co,000,0042,0000089,78780,2282,1936,3412,8914,10135,15210,10536,7829,3688,3605,1433,1371,4199,4230,78780,1255,8212,9256,13944,21018,6182,11502,1291,753,3328,1333,706,78780,2282,1936,3412,8914,10135,15210,10536,7829,3688,14838,78780,9467,9256,13944,21018,6182,11502,2044,3328,2039
ACSSF,2011e1,co,000,0042,0000090,44113,2619,4474,2967,2515,5376,5455,3712,3360,1274,2159,1365,1139,4842,2856,44113,1120,3995,6622,10376,9169,2747,5510,292,590,1437,1219,1036,44113,2619,4474,2967,2515,5376,5455,3712,3360,1274,12361,44113,5115,6622,10376,9169,2747,5510,882,1437,2255
ACSSF,2011e1,co,000,0042,0000091,41094,3493,2057,2164,3152,4308,7006,5033,3208,1266,2733,1525,584,2500,2065,41094,3118,7240,5283,5342,2022,1607,3070,1382,1818,4412,3953,1847,41094,3493,2057,2164,3152,4308,7006,5033,3208,1266,9407,41094,10358,5283,5342,2022,1607,3070,3200,4412,5800
ACSSF,2011e1,co,000,0042,0000092,45725,961,1427,1527,4371,5724,8709,7824,6389,2080,1827,579,463,1882,1962,45725,716,4967,10412,7168,10119,3051,4897,299,476,1769,1350,501,45725,961,1427,1527,4371,5724,8709,7824,6389,2080,6713,45725,5683,10412,7168,10119,3051,4897,775,1769,1851
ACSSF,2011e1,co,000,0042,0000093,93085,5287,3983,5923,7336,10915,14065,6803,7924,4456,4433,2326,1905,7201,10528,93085,1197,4894,8445,13127,12791,7413,20022,3499,6126,6831,6236,2504,93085,5287,3983,5923,7336,10915,14065,6803,7924,4456,26393,93085,6091,8445,13127,12791,7413,20022,9625,6831,8740
ACSSF,2011e1,co,000,0042,0000094,100580,1249,1446,2980,4215,6958,12077,15875,13677,10847,11377,5048,2068,6168,6595,100580,3662,12987,16998,21048,14191,4549,10986,1975,2068,6609,4363,1144,100580,1249,1446,2980,4215,6958,12077,15875,13677,10847,31256,100580,16649,16998,21048,14191,4549,10986,4043,6609,5507
ACSSF,2011e1,co,000,0042,0000095,36581,2134,1063,2829,3964,6469,8232,2503,2934,313,784,1121,239,3088,908,36581,118,1944,4142,5685,2548,3516,8444,2281,2131,3083,2464,225,36581,2134,1063,2829,3964,6469,8232,2503,2934,313,6140,36581,2062,4142,5685,2548,3516,8444,4412,3083,2689
ACSSF,2011e1,co,000,0042,0000096,136242,3800,3030,5741,11188,15725,17969,20030,17870,6057,10224,6638,3158,8195,6617,136242,1998,10373,14422,19510,23229,11918,25332,2973,6996,8998,7812,2681,136242,3800,3030,5741,11188,15725,17969,20030,17870,6057,34832,136242,12371,14422,19510,23229,11918,25332,9969,8998,10493
ACSSF,2011e1,co,000,0042,0000097,100507,4483,3117,4799,6398,10208,15061,12954,8741,5461,6702,4115,2406,9135,6927,100507,3591,12111,18142,20726,20706,6378,9413,1702,1255,2912,2024,1547,100507,4483,3117,4799,6398,10208,15061,12954,8741,5461,29285,100507,15702,18142,20726,20706,6378,9413,2957,2912,3571
ACSSF,2011e1,co,000,0042,0000098,297253,9678,8359,11997,20589,26820,42186,41565,39651,22672,19803,9258,4641,22799,17235,297253,6730,23503,42162,50079,53129,19516,48848,7603,10686,19654,12060,3283,297253,9678,8359,11997,20589,26820,42186,41565,39651,22672,73736,297253,30233,42162,50079,53129,19516,48848,18289,19654,15343
ACSSF,2011e1,co,000,0042,0000099,139624,4476,3656,5459,13657,15568,25400,17278,14887,10556,8790,3093,3126,6766,6912,139624,1966,11220,17179,17358,22773,10200,20585,4229,8086,14618,7823,3587,139624,4476,3656,5459,13657,15568,25400,17278,14887,10556,28687,139624,13186,17179,17358,22773,10200,20585,12315,14618,11410
ACSSF,2011e1,co,000,0042,0000100,37570,1011,1223,2167,6147,4170,9354,5161,1706,511,1141,404,951,1749,1875,37570,556,2140,3623,6373,7806,4167,7491,817,1386,2080,686,445,37570,1011,1223,2167,6147,4170,9354,5161,1706,511,6120,37570,2696,3623,6373,7806,4167,7491,2203,2080,1131
ACSSF,2011e1,co,000,0042,0000101,90660,2442,1687,4259,4656,9594,12890,12966,8661,6316,8241,4150,721,9126,4951,90660,4213,11440,19029,18256,14238,3131,7652,1775,726,3373,3031,3796,90660,2442,1687,4259,4656,9594,12890,12966,8661,6316,27189,90660,15653,19029,18256,14238,3131,7652,2501,3373,6827
ACSSF,2011e1,co,000,0042,0000102,62981,3540,1531,3310,3589,7850,9014,8939,6546,4723,3156,2076,965,4584,3158,62981,2422,9315,14803,11875,8951,3141,3175,660,959,1488,3355,2837,62981,3540,1531,3310,3589,7850,9014,8939,6546,4723,13939,62981,11737,14803,11875,8951,3141,3175,1619,1488,6192
ACSSF,2011e1,co,000,0042,0000103,48064,2823,1715,2701,3462,5527,6146,5289,4187,4017,2340,1893,249,3545,4170,48064,1281,8668,9430,12059,5763,1420,2193,697,947,2471,1703,1432,48064,2823,1715,2701,3462,5527,6146,5289,4187,4017,12197,48064,9949,9430,12059,5763,1420,2193,1644,2471,3135
ACSSF,2011e1,co,000,0042,0000104,31679,1755,3300,2191,2100,3419,3228,3400,2046,1504,2057,1141,411,2747,2380,31679,773,3348,4912,6656,6990,1775,4374,207,0,857,976,811,31679,1755,3300,2191,2100,3419,3228,3400,2046,1504,8736,31679,4121,4912,6656,6990,1775,4374,207,857,1787
ACSSF,2011e1,co,000,0042,0000105,259973,8891,9321,11451,26905,34052,36684,30709,28244,15225,15258,7493,2511,18139,15090,259973,8366,16547,30042,39972,44614,17718,43555,8512,13101,22457,11505,3584,259973,8891,9321,11451,26905,34052,36684,30709,28244,15225,58491,259973,24913,30042,39972,44614,17718,43555,21613,22457,15089
ACSSF,2011e1,co,000,0042,0000106,42984,1439,1138,1964,2490,4685,7088,5941,7025,1962,3283,1203,801,2211,1754,42984,1340,4169,5145,8239,6864,3394,6370,1048,1284,2737,1415,979,42984,1439,1138,1964,2490,4685,7088,5941,7025,1962,9252,42984,5509,5145,8239,6864,3394,6370,2332,2737,2394
ACSSF,2011e1,co,000,0042,0000107,70960,2620,3667,4203,6233,7863,10212,10790,8722,3791,4750,1706,359,2440,3604,70960,2064,6465,9836,8131,11317,6951,9531,3052,3112,5803,3080,1618,70960,2620,3667,4203,6233,7863,10212,10790,8722,3791,12859,70960,8529,9836,8131,11317,6951,9531,6164,5803,4698
ACSSF,2011e1,co,000,0042,0000108,46927,810,2528,3103,2859,6795,6100,7575,3461,3814,2361,1167,640,3082,2632,46927,1413,4954,6151,10019,6842,2524,6148,611,1195,3840,2002,1228,46927,810,2528,3103,2859,6795,6100,7575,3461,3814,9882,46927,6367,6151,10019,6842,2524,6148,1806,3840,3230
ACSSF,2011e1,co,000,0042,0000109,41971,1961,1338,2238,2859,3726,5125,5517,4193,2050,2916,1274,746,4816,3212,41971,1275,7171,11650,9696,4148,1249,1599,705,833,2119,1097,429,41971,1961,1338,2238,2859,3726,5125,5517,4193,2050,12964,41971,8446,11650,9696,4148,1249,1599,1538,2119,1526
ACSSF,2011e1,co,000,0042,0000110,99804,4325,3457,5924,10146,9204,17350,12700,9047,5086,6364,2745,505,4616,8335,99804,1441,8180,10297,12293,14189,6661,20303,3434,7479,9361,4822,1344,99804,4325,3457,5924,10146,9204,17350,12700,9047,5086,22565,99804,9621,10297,12293,14189,6661,20303,10913,9361,6166
ACSSF,2011e1,co,000,0042,0000111,30153,1590,1910,1481,2801,3038,3041,3836,3335,1778,918,443,227,2955,2800,30153,327,660,3880,6296,5790,3354,4706,367,1007,2064,1090,612,30153,1590,1910,1481,2801,3038,3041,3836,3335,1778,7343,30153,987,3880,6296,5790,3354,4706,1374,2064,1702
