ACSSF,2011e1,co,000,0006,0000001,5116796,4046237,1070559,829837,25247,5834,2600,30795,306,7780,5869,2774,2621,11376,69,20831,2145,1025,1441,6147,912,44,6596,596,1925,0,155415,45562,46035,6575,57243,5116796,4046237,3560652,196454,27931,140122,5494,4848,110736,2765,107971,1070559,757535,6789,23746,3638,455,216359,62037,33249,28788,5116796,4046237,1070559,5116796,4046237,1070559,829837,25247,5834,2600,30795,20831,155415,5116796,4046237,3560652,196454,27931,140122,5494,4848,110736,2765,107971,1070559
ACSSF,2011e1,co,000,0006,0000002,3957683,3049319,908364,719184,18536,4461,2529,26750,306,7425,5337,1331,2143,10208,0,15613,1764,910,1082,4505,732,44,4505,315,1756,0,121291,33694,36456,5856,45285,3957683,3049319,2649793,165783,20197,115062,4902,4570,89012,2316,86696,908364,631142,6095,20532,3391,438,194431,52335,28455,23880,3957683,3049319,908364,3957683,3049319,908364,719184,18536,4461,2529,26750,15613,121291,3957683,3049319,2649793,165783,20197,115062,4902,4570,89012,2316,86696,908364
ACSSF,2011e1,co,000,0006,0000003,,,,,,,,,,,,,,,,,,,,,,,,,,,,,,,,1159113,996918,910859,30671,7734,25060,592,278,21724,449,21275,162195,126393,694,3214,247,17,21928,9702,4794,4908,1159113,996918,162195,1159113,996918,162195,110653,6711,1373,71,4045,5218,34124,1159113,996918,910859,30671,7734,25060,592,278,21724,449,21275,162195
ACSSF,2011e1,co,000,0006,0000004,4709563,3727672,981891,770138,24248,5650,2512,29875,306,7513,5828,2636,2590,10933,69,20055,1976,910,1427,6041,785,44,6405,596,1871,0,129413,40864,40161,5006,43382,4709563,3727672,3258598,192563,22198,137958,5404,4450,106501,2765,103736,981891,686094,6699,21534,3280,438,204939,58907,31688,27219,4709563,3727672,981891,4709563,3727672,981891,770138,24248,5650,2512,29875,20055,129413,4709563,3727672,3258598,192563,22198,137958,5404,4450,106501,2765,103736,981891
ACSSF,2011e1,co,000,0006,0000005,4432039,3507531,924508,723302,23841,5465,2512,27053,306,6447,5261,2600,2590,9780,69,19287,1701,910,1427,6030,785,44,5923,596,1871,0,123048,38372,37931,4883,41862,4432039,3507531,3055324,187991,17337,135507,5295,3968,102109,2459,99650,924508,646995,6410,20055,3280,438,190657,56673,30404,26269,4432039,3507531,924508,4432039,3507531,924508,723302,23841,5465,2512,27053,19287,123048,4432039,3507531,3055324,187991,17337,135507,5295,3968,102109,2459,99650,924508
ACSSF,2011e1,co,000,0006,0000006,2011423,1512290,499133,396847,11930,3346,2172,20411,184,6031,4119,1514,1702,6861,0,9269,1064,704,714,2708,557,0,2596,0,926,0,55158,17898,14649,2126,20485,2011423,1512290,1245825,140183,8065,65460,3721,1731,47305,1490,45815,499133,323291,3898,12524,852,345,126729,31494,18852,12642,2011423,1512290,499133,2011423,1512290,499133,396847,11930,3346,2172,20411,9269,55158,2011423,1512290,1245825,140183,8065,65460,3721,1731,47305,1490,45815,499133
ACSSF,2011e1,co,000,0006,0000007,2420616,1995241,425375,326455,11911,2119,340,6642,122,416,1142,1086,888,2919,69,10018,637,206,713,3322,228,44,3327,596,945,0,67890,20474,23282,2757,21377,2420616,1995241,1809499,47808,9272,70047,1574,2237,54804,969,53835,425375,323704,2512,7531,2428,93,63928,25179,11552,13627,2420616,1995241,425375,2420616,1995241,425375,326455,11911,2119,340,6642,10018,67890,2420616,1995241,1809499,47808,9272,70047,1574,2237,54804,969,53835,425375
ACSSF,2011e1,co,000,0006,0000008,,,,,,,,,,,,,,,,,,,,,,,,,,,,,,,,277524,220141,203274,4572,4861,2451,109,482,4392,306,4086,57383,39099,289,1479,0,0,14282,2234,1284,950,277524,220141,57383,277524,220141,57383,46836,407,185,0,2822,768,6365,277524,220141,203274,4572,4861,2451,109,482,4392,306,4086,57383
ACSSF,2011e1,co,000,0006,0000009,,,,,,,,,,,,,,,,,,,,,,,,,,,,,,,,,,,,,,,,,,,,,,,,,,,,,92059,71222,20837,,,,,,,,,,,92059,71222,66597,1127,1167,708,109,0,1514,140,1374,20837
ACSSF,2011e1,co,000,0006,0000010,,,,,,,,,,,,,,,,,,,,,,,,,,,,,,,,185465,148919,136677,3445,3694,1743,0,482,2878,166,2712,36546,27055,182,1434,0,0,6333,1542,677,865,185465,148919,36546,,,,,,,,,,,185465,148919,136677,3445,3694,1743,0,482,2878,166,2712,36546
ACSSF,2011e1,co,000,0006,0000011,,,,,,,,,,,,,,,,,,,,,,,,,,,,,,,,407233,318565,302054,3891,5733,2164,90,398,4235,0,4235,88668,71441,90,2212,358,17,11420,3130,1561,1569,407233,318565,88668,407233,318565,88668,59699,999,184,88,920,776,26002,407233,318565,302054,3891,5733,2164,90,398,4235,0,4235,88668
ACSSF,2011e1,co,000,0006,0000012,,,,,,,,,,,,,,,,,,,,,,,,,,,,,,,,684757,538706,505328,8463,10594,4615,199,880,8627,306,8321,146051,110540,379,3691,358,17,25702,5364,2845,2519,684757,538706,146051,684757,538706,146051,106535,1406,369,88,3742,1544,32367,684757,538706,505328,8463,10594,4615,199,880,8627,306,8321,146051
ACSSF,2011e1,co,000,0006,0000013,,,,,,,,,,,,,,,,,,,,,,,,,,,,,,,,451443,279080,238903,13825,2205,16569,0,261,7317,246,7071,172363,128300,785,2111,1717,0,29102,10348,5291,5057,451443,279080,172363,451443,279080,172363,141205,2375,610,0,1482,2215,24476,451443,279080,238903,13825,2205,16569,0,261,7317,246,7071,172363
ACSSF,2011e1,co,000,0006,0000014,,,,,,,,,,,,,,,,,,,,,,,,,,,,,,,,584948,475457,369029,58231,1933,28120,1341,599,16204,730,15474,109491,71863,1096,2068,219,58,24552,9635,5934,3701,584948,475457,109491,584948,475457,109491,84386,3388,549,1415,5521,2600,11632,584948,475457,369029,58231,1933,28120,1341,599,16204,730,15474,109491
ACSSF,2011e1,co,000,0006,0000015,,,,,,,,,,,,,,,,,,,,,,,,,,,,,,,,299378,258391,235857,2546,678,11558,41,111,7600,80,7520,40987,31281,201,430,152,0,7100,1823,1049,774,299378,258391,40987,299378,258391,40987,32947,272,447,9,916,1769,4627,299378,258391,235857,2546,678,11558,41,111,7600,80,7520,40987
ACSSF,2011e1,co,000,0006,0000016,619968,422850,197118,166853,3635,1203,609,5204,101,1134,1515,750,321,1383,0,2373,621,0,85,688,198,0,733,0,48,0,17241,6175,3965,968,6133,619968,422850,325415,58126,3825,22730,765,734,11255,451,10804,197118,119772,1675,4539,316,0,60110,10706,5448,5258,619968,422850,197118,619968,422850,197118,166853,3635,1203,609,5204,2373,17241,619968,422850,325415,58126,3825,22730,765,734,11255,451,10804,197118
ACSSF,2011e1,co,000,0006,0000017,,,,,,,,,,,,,,,,,,,,,,,,,,,,,,,,292167,269348,247796,3233,653,10823,75,0,6768,0,6768,22819,19033,69,458,130,0,1843,1286,604,682,292167,269348,22819,292167,269348,22819,18516,342,34,145,267,1211,2304,292167,269348,247796,3233,653,10823,75,0,6768,0,6768,22819
ACSSF,2011e1,co,000,0006,0000018,636963,538962,98001,60562,7238,1522,213,6880,0,2566,204,515,1072,2523,0,4228,295,179,361,1831,44,0,793,0,725,0,17358,4598,5591,322,6847,636963,538962,456022,36787,2436,17247,2450,347,23673,170,23503,98001,65455,1162,1114,272,345,22550,7103,3477,3626,636963,538962,98001,636963,538962,98001,60562,7238,1522,213,6880,4228,17358,636963,538962,456022,36787,2436,17247,2450,347,23673,170,23503,98001
ACSSF,2011e1,co,000,0006,0000019,,,,,,,,,,,,,,,,,,,,,,,,,,,,,,,,539884,461217,429089,5036,1966,12779,208,577,11562,164,11398,78667,64811,385,1376,366,35,6935,4759,1590,3169,539884,461217,78667,539884,461217,78667,56411,3041,648,0,1240,2074,15253,539884,461217,429089,5036,1966,12779,208,577,11562,164,11398,78667
ACSSF,2011e1,co,000,0006,0000020,,,,,,,,,,,,,,,,,,,,,,,,,,,,,,,,305525,272592,256289,2233,1215,7132,114,549,5060,207,4853,32933,20383,108,1113,0,0,8567,2762,1992,770,305525,272592,32933,305525,272592,32933,26125,337,159,0,1714,1396,3202,305525,272592,256289,2233,1215,7132,114,549,5060,207,4853,32933
ACSSF,2011e1,co,000,0006,0000021,,,,,,,,,,,,,,,,,,,,,,,,,,,,,,,,147083,127088,121363,902,603,1030,59,279,2852,27,2825,19995,10469,121,800,0,0,6497,2108,1560,548,147083,127088,19995,,,,,,,,,,,147083,127088,121363,902,603,1030,59,279,2852,27,2825,19995
ACSSF,2011e1,co,000,0006,0000022,,,,,,,,,,,,,,,,,,,,,,,,,,,,,,,,160545,93774,86166,2962,711,1086,82,276,2491,168,2323,66771,44582,457,4190,45,0,13563,3934,2457,1477,160545,93774,66771,160545,93774,66771,49036,1670,0,0,1063,255,14747,160545,93774,86166,2962,711,1086,82,276,2491,168,2323,66771
ACSSF,2011e1,co,000,0006,0000023,,,,,,,,,,,,,,,,,,,,,,,,,,,,,,,,258638,184797,173872,2591,721,3799,143,41,3630,60,3570,73841,61660,237,1604,63,0,8484,1793,953,840,258638,184797,73841,258638,184797,73841,62612,1201,0,0,745,538,8745,258638,184797,173872,2591,721,3799,143,41,3630,60,3570,73841
ACSSF,2011e1,co,000,0006,0000024,,,,,,,,,,,,,,,,,,,,,,,,,,,,,,,,,,,,,,,,,,,,,,,,,,,,,107326,92683,14643,,,,,,,,,,,107326,92683,87055,963,253,2841,0,0,1571,0,1571,14643
ACSSF,2011e1,co,000,0006,0000025,,,,,,,,,,,,,,,,,,,,,,,,,,,,,,,,332551,233907,155670,49500,980,17532,1258,30,8937,427,8510,98644,65926,835,1985,219,0,21098,8581,6012,2569,332551,233907,98644,332551,233907,98644,78826,2273,138,1327,6149,1651,8280,332551,233907,155670,49500,980,17532,1258,30,8937,427,8510,98644
ACSSF,2011e1,co,000,0006,0000026,,,,,,,,,,,,,,,,,,,,,,,,,,,,,,,,,,,,,,,,,,,,,,,,,,,,,98903,92099,6804,98903,92099,6804,4836,0,447,0,175,670,676,98903,92099,84533,668,140,3946,0,42,2770,80,2690,6804
ACSSF,2011e1,co,000,0006,0000027,,,,,,,,,,,,,,,,,,,,,,,,,,,,,,,,,,,,,,,,,,,,,,,,,,,,,102621,94422,8199,,,,,,,,,,,102621,94422,83405,3658,442,5027,0,238,1652,201,1451,8199
ACSSF,2011e1,co,000,0006,0000028,,,,,,,,,,,,,,,,,,,,,,,,,,,,,,,,426406,355009,303254,25586,1499,10376,1393,241,12660,107,12553,71397,43277,816,835,220,345,21278,4626,2591,2035,426406,355009,71397,426406,355009,71397,46860,4291,1230,115,5297,2975,10629,426406,355009,303254,25586,1499,10376,1393,241,12660,107,12553,71397
ACSSF,2011e1,co,000,0006,0000029,619968,422850,197118,166853,3635,1203,609,5204,101,1134,1515,750,321,1383,0,2373,621,0,85,688,198,0,733,0,48,0,17241,6175,3965,968,6133,619968,422850,325415,58126,3825,22730,765,734,11255,451,10804,197118,119772,1675,4539,316,0,60110,10706,5448,5258,619968,422850,197118,619968,422850,197118,166853,3635,1203,609,5204,2373,17241,619968,422850,325415,58126,3825,22730,765,734,11255,451,10804,197118
ACSSF,2011e1,co,000,0006,0000030,,,,,,,,,,,,,,,,,,,,,,,,,,,,,,,,,,,,,,,,,,,,,,,,,,,,,146777,130821,15956,146777,130821,15956,12570,282,35,0,291,801,1977,146777,130821,122280,1655,135,3083,114,88,3466,207,3259,15956
ACSSF,2011e1,co,000,0006,0000031,,,,,,,,,,,,,,,,,,,,,,,,,,,,,,,,,,,,,,,,,,,,,,,,,,,,,94966,59484,35482,,,,,,,,,,,,,,,,,,,,,,
ACSSF,2011e1,co,000,0006,0000032,,,,,,,,,,,,,,,,,,,,,,,,,,,,,,,,,,,,,,,,,,,,,,,,,,,,,109365,102400,6965,,,,,,,,,,,109365,102400,92567,1513,181,5026,0,0,3113,0,3113,6965
ACSSF,2011e1,co,000,0006,0000033,,,,,,,,,,,,,,,,,,,,,,,,,,,,,,,,144414,114785,104978,2133,322,3567,0,246,3539,79,3460,29629,25623,160,403,97,35,1394,1917,636,1281,144414,114785,29629,144414,114785,29629,20835,2188,47,0,568,685,5306,144414,114785,104978,2133,322,3567,0,246,3539,79,3460,29629
ACSSF,2011e1,co,000,0006,0000034,,,,,,,,,,,,,,,,,,,,,,,,,,,,,,,,,,,,,,,,,,,,,,,,,,,,,87695,64136,23559,,,,,,,,,,,87695,64136,57677,809,382,3810,0,0,1458,0,1458,23559
ACSSF,2011e1,co,000,0006,0000035,,,,,,,,,,,,,,,,,,,,,,,,,,,,,,,,,,,,,,,,,,,,,,,,,,,,,68203,61700,6503,,,,,,,,,,,68203,61700,56621,416,459,3479,0,0,725,0,725,6503
ACSSF,2011e1,co,000,0006,0000036,,,,,,,,,,,,,,,,,,,,,,,,,,,,,,,,107584,55041,49833,2068,553,906,82,276,1323,168,1155,52543,35770,210,3332,45,0,10090,3096,1824,1272,107584,55041,52543,107584,55041,52543,39174,954,0,0,1022,255,11138,107584,55041,49833,2068,553,906,82,276,1323,168,1155,52543
ACSSF,2011e1,co,000,0006,0000037,,,,,,,,,,,,,,,,,,,,,,,,,,,,,,,,121449,86372,78741,1670,362,3392,0,35,2172,88,2084,35077,26002,83,490,825,0,5857,1820,1519,301,121449,86372,35077,,,,,,,,,,,121449,86372,78741,1670,362,3392,0,35,2172,88,2084,35077
ACSSF,2011e1,co,000,0006,0000038,,,,,,,,,,,,,,,,,,,,,,,,,,,,,,,,107950,83483,71115,2168,221,6627,0,133,3219,0,3219,24467,19012,164,122,0,0,3367,1802,337,1465,107950,83483,24467,107950,83483,24467,19338,876,137,0,391,154,3571,107950,83483,71115,2168,221,6627,0,133,3219,0,3219,24467
ACSSF,2011e1,co,000,0006,0000039,,,,,,,,,,,,,,,,,,,,,,,,,,,,,,,,,,,,,,,,,,,,,,,,,,,,,98903,92099,6804,98903,92099,6804,4836,0,447,0,175,670,676,98903,92099,84533,668,140,3946,0,42,2770,80,2690,6804
ACSSF,2011e1,co,000,0006,0000040,,,,,,,,,,,,,,,,,,,,,,,,,,,,,,,,426406,355009,303254,25586,1499,10376,1393,241,12660,107,12553,71397,43277,816,835,220,345,21278,4626,2591,2035,426406,355009,71397,426406,355009,71397,46860,4291,1230,115,5297,2975,10629,426406,355009,303254,25586,1499,10376,1393,241,12660,107,12553,71397
ACSSF,2011e1,co,000,0006,0000041,,,,,,,,,,,,,,,,,,,,,,,,,,,,,,,,332551,233907,155670,49500,980,17532,1258,30,8937,427,8510,98644,65926,835,1985,219,0,21098,8581,6012,2569,332551,233907,98644,332551,233907,98644,78826,2273,138,1327,6149,1651,8280,332551,233907,155670,49500,980,17532,1258,30,8937,427,8510,98644
ACSSF,2011e1,co,000,0006,0000042,619968,422850,197118,166853,3635,1203,609,5204,101,1134,1515,750,321,1383,0,2373,621,0,85,688,198,0,733,0,48,0,17241,6175,3965,968,6133,619968,422850,325415,58126,3825,22730,765,734,11255,451,10804,197118,119772,1675,4539,316,0,60110,10706,5448,5258,619968,422850,197118,619968,422850,197118,166853,3635,1203,609,5204,2373,17241,619968,422850,325415,58126,3825,22730,765,734,11255,451,10804,197118
ACSSF,2011e1,co,000,0006,0000043,,,,,,,,,,,,,,,,,,,,,,,,,,,,,,,,,,,,,,,,,,,,,,,,,,,,,146777,130821,15956,146777,130821,15956,12570,282,35,0,291,801,1977,146777,130821,122280,1655,135,3083,114,88,3466,207,3259,15956
ACSSF,2011e1,co,000,0006,0000044,,,,,,,,,,,,,,,,,,,,,,,,,,,,,,,,,,,,,,,,,,,,,,,,,,,,,68203,61700,6503,,,,,,,,,,,68203,61700,56621,416,459,3479,0,0,725,0,725,6503
ACSSF,2011e1,co,000,0006,0000045,,,,,,,,,,,,,,,,,,,,,,,,,,,,,,,,,,,,,,,,,,,,,,,,,,,,,94966,59484,35482,,,,,,,,,,,,,,,,,,,,,,
ACSSF,2011e1,co,000,0006,0000046,,,,,,,,,,,,,,,,,,,,,,,,,,,,,,,,107584,55041,49833,2068,553,906,82,276,1323,168,1155,52543,35770,210,3332,45,0,10090,3096,1824,1272,107584,55041,52543,107584,55041,52543,39174,954,0,0,1022,255,11138,107584,55041,49833,2068,553,906,82,276,1323,168,1155,52543
ACSSF,2011e1,co,000,0006,0000047,680107,471046,209061,176846,3817,1306,609,5315,101,1134,1590,750,321,1419,0,2925,621,0,85,834,304,0,1033,0,48,0,18243,6487,4290,1025,6441,680107,471046,365193,62051,3931,24209,833,839,13990,553,13437,209061,126232,1972,4679,316,0,64646,11216,5547,5669,680107,471046,209061,680107,471046,209061,176846,3817,1306,609,5315,2925,18243,680107,471046,365193,62051,3931,24209,833,839,13990,553,13437,209061
ACSSF,2011e1,co,000,0006,0000048,,,,,,,,,,,,,,,,,,,,,,,,,,,,,,,,740269,593096,538993,8422,2366,26541,100,634,16040,190,15850,147173,107670,479,1638,1378,0,27294,8714,3103,5611,740269,593096,147173,740269,593096,147173,117051,3075,1346,0,3171,3933,18597,740269,593096,538993,8422,2366,26541,100,634,16040,190,15850,147173
ACSSF,2011e1,co,000,0006,0000049,,,,,,,,,,,,,,,,,,,,,,,,,,,,,,,,705110,531582,500732,5470,9052,4587,272,950,10519,352,10167,173528,122491,825,7745,403,17,32442,9605,5844,3761,705110,531582,173528,705110,531582,173528,121744,2822,348,209,2932,1493,43980,705110,531582,500732,5470,9052,4587,272,950,10519,352,10167,173528
ACSSF,2011e1,co,000,0006,0000050,,,,,,,,,,,,,,,,,,,,,,,,,,,,,,,,740121,586958,549577,8473,3593,13018,266,646,11385,267,11118,153163,119930,477,3311,215,0,23121,6109,4208,1901,740121,586958,153163,740121,586958,153163,129675,923,248,9,3977,2098,16233,740121,586958,549577,8473,3593,13018,266,646,11385,267,11118,153163
ACSSF,2011e1,co,000,0006,0000051,738236,628668,109568,68203,7374,1534,213,7625,0,2566,405,518,1103,3033,0,4377,350,179,361,1831,44,0,887,0,725,0,20242,5516,6382,322,8022,738236,628668,537405,40245,3822,18084,2450,946,25716,453,25263,109568,73724,1162,1411,272,345,25524,7130,3504,3626,738236,628668,109568,738236,628668,109568,68203,7374,1534,213,7625,4377,20242,738236,628668,537405,40245,3822,18084,2450,946,25716,453,25263,109568
ACSSF,2011e1,co,000,0006,0000052,,,,,,,,,,,,,,,,,,,,,,,,,,,,,,,,816759,740139,663271,25603,1893,30451,141,464,18316,431,17885,76620,55286,509,1813,349,58,10284,8321,4953,3368,816759,740139,76620,816759,740139,76620,56429,3341,803,233,2009,3134,10671,816759,740139,663271,25603,1893,30451,141,464,18316,431,17885,76620
ACSSF,2011e1,co,000,0006,0000053,696194,494748,201446,159889,3895,249,1327,5766,168,1531,414,142,306,3205,0,2871,207,117,413,560,267,44,1098,113,52,0,27449,9420,7826,857,9346,696194,494748,405481,46190,3274,23232,1432,369,14770,519,14251,201446,152202,1365,3149,705,35,33048,10942,6090,4852,696194,494748,201446,696194,494748,201446,159889,3895,249,1327,5766,2871,27449,696194,494748,405481,46190,3274,23232,1432,369,14770,519,14251,201446
ACSSF,2011e1,co,000,0006,0000054,,,,,,,,,,,,,,,,,,,,,,,,,,,,,,,,118417,96723,93217,331,1476,1098,0,83,518,0,518,21694,19418,8,583,0,0,1185,500,500,0,118417,96723,21694,118417,96723,21694,17692,677,0,88,467,697,2073,118417,96723,93217,331,1476,1098,0,83,518,0,518,21694
ACSSF,2011e1,co,000,0006,0000055,,,,,,,,,,,,,,,,,,,,,,,,,,,,,,,,,,,,,,,,,,,,,,,,,,,,,156462,138371,18091,,,,,,,,,,,156462,138371,130031,491,1080,4349,0,461,1959,0,1959,18091
ACSSF,2011e1,co,000,0006,0000056,,,,,,,,,,,,,,,,,,,,,,,,,,,,,,,,144424,124680,119013,902,545,1030,59,279,2852,27,2825,19744,10295,121,723,0,0,6497,2108,1560,548,144424,124680,19744,,,,,,,,,,,144424,124680,119013,902,545,1030,59,279,2852,27,2825,19744
ACSSF,2011e1,co,000,0006,0000057,,,,,,,,,,,,,,,,,,,,,,,,,,,,,,,,,,,,,,,,,,,,,,,,,,,,,135411,120727,14684,135411,120727,14684,11455,282,35,0,291,801,1820,135411,120727,112851,1655,135,2783,114,88,3101,207,2894,14684
ACSSF,2011e1,co,000,0006,0000058,,,,,,,,,,,,,,,,,,,,,,,,,,,,,,,,258638,184797,173872,2591,721,3799,143,41,3630,60,3570,73841,61660,237,1604,63,0,8484,1793,953,840,258638,184797,73841,258638,184797,73841,62612,1201,0,0,745,538,8745,258638,184797,173872,2591,721,3799,143,41,3630,60,3570,73841
ACSSF,2011e1,co,000,0006,0000059,,,,,,,,,,,,,,,,,,,,,,,,,,,,,,,,139863,111777,104556,3122,1441,784,26,56,1792,0,1792,28086,23684,132,135,0,0,3010,1125,945,180,139863,111777,28086,,,,,,,,,,,139863,111777,104556,3122,1441,784,26,56,1792,0,1792,28086
ACSSF,2011e1,co,000,0006,0000060,,,,,,,,,,,,,,,,,,,,,,,,,,,,,,,,94324,54960,52192,711,422,335,22,210,1068,0,1068,39364,27286,0,1433,339,17,8407,1882,506,1376,94324,54960,39364,,,,,,,,,,,94324,54960,52192,711,422,335,22,210,1068,0,1068,39364
ACSSF,2011e1,co,000,0006,0000061,,,,,,,,,,,,,,,,,,,,,,,,,,,,,,,,153952,87864,80482,2962,711,929,82,276,2422,168,2254,66088,43899,457,4190,45,0,13563,3934,2457,1477,153952,87864,66088,153952,87864,66088,48674,1670,0,0,1063,255,14426,153952,87864,80482,2962,711,929,82,276,2422,168,2254,66088
ACSSF,2011e1,co,000,0006,0000062,,,,,,,,,,,,,,,,,,,,,,,,,,,,,,,,169694,145132,134692,516,5905,1052,109,102,2756,157,2599,24562,19389,221,897,19,0,2844,1192,821,371,169694,145132,24562,,,,,,,,,,,169694,145132,134692,516,5905,1052,109,102,2756,157,2599,24562
ACSSF,2011e1,co,000,0006,0000063,,,,,,,,,,,,,,,,,,,,,,,,,,,,,,,,,,,,,,,,,,,,,,,,,,,,,140211,113736,26475,140211,113736,26475,23009,235,173,0,1189,750,1119,140211,113736,109976,737,388,1232,59,24,1320,0,1320,26475
ACSSF,2011e1,co,000,0006,0000064,,,,,,,,,,,,,,,,,,,,,,,,,,,,,,,,112600,105243,100048,225,261,2063,174,0,2472,0,2472,7357,5868,5,187,0,0,598,699,79,620,112600,105243,7357,112600,105243,7357,5394,71,131,0,244,275,1242,112600,105243,100048,225,261,2063,174,0,2472,0,2472,7357
ACSSF,2011e1,co,000,0006,0000065,,,,,,,,,,,,,,,,,,,,,,,,,,,,,,,,135595,105449,95357,1038,382,5780,41,69,2782,0,2782,30146,23030,201,430,152,0,5139,1194,562,632,135595,105449,30146,135595,105449,30146,25428,177,0,9,741,441,3350,135595,105449,95357,1038,382,5780,41,69,2782,0,2782,30146
ACSSF,2011e1,co,000,0006,0000066,,,,,,,,,,,,,,,,,,,,,,,,,,,,,,,,,,,,,,,,,,,,,,,,,,,,,110740,102793,7947,110740,102793,7947,5340,0,447,0,175,1181,804,110740,102793,94757,747,140,4126,0,42,2981,80,2901,7947
ACSSF,2011e1,co,000,0006,0000067,,,,,,,,,,,,,,,,,,,,,,,,,,,,,,,,,,,,,,,,,,,,,,,,,,,,,126541,113707,12834,,,,,,,,,,,126541,113707,102869,2125,182,3670,0,331,4530,22,4508,12834
ACSSF,2011e1,co,000,0006,0000068,,,,,,,,,,,,,,,,,,,,,,,,,,,,,,,,115241,89214,74925,2395,408,8668,0,133,2685,0,2685,26027,18904,44,270,0,0,3910,2899,451,2448,115241,89214,26027,115241,89214,26027,19748,954,61,0,298,154,4812,115241,89214,74925,2395,408,8668,0,133,2685,0,2685,26027
ACSSF,2011e1,co,000,0006,0000069,,,,,,,,,,,,,,,,,,,,,,,,,,,,,,,,142037,95137,86554,1082,1089,4267,0,35,2110,88,2022,46900,35251,83,526,1303,0,7885,1852,1187,665,142037,95137,46900,142037,95137,46900,37722,745,416,0,233,988,6796,142037,95137,86554,1082,1089,4267,0,35,2110,88,2022,46900
ACSSF,2011e1,co,000,0006,0000070,,,,,,,,,,,,,,,,,,,,,,,,,,,,,,,,155128,78690,68854,4055,647,2753,0,93,2288,0,2288,76438,56975,483,1218,414,0,13621,3727,1771,1956,155128,78690,76438,,,,,,,,,,,155128,78690,68854,4055,647,2753,0,93,2288,0,2288,76438
ACSSF,2011e1,co,000,0006,0000071,,,,,,,,,,,,,,,,,,,,,,,,,,,,,,,,190305,160211,125832,16848,346,12039,15,130,5001,316,4685,30094,18471,90,1364,158,0,3839,6172,4476,1696,190305,160211,30094,190305,160211,30094,20221,1974,238,88,1354,785,5434,190305,160211,125832,16848,346,12039,15,130,5001,316,4685,30094
ACSSF,2011e1,co,000,0006,0000072,,,,,,,,,,,,,,,,,,,,,,,,,,,,,,,,110817,81653,49647,21376,634,5357,1258,0,3381,148,3233,29164,16252,373,369,61,0,10154,1955,1199,756,110817,81653,29164,110817,81653,29164,22977,956,0,434,1749,362,2686,110817,81653,49647,21376,634,5357,1258,0,3381,148,3233,29164
ACSSF,2011e1,co,000,0006,0000073,,,,,,,,,,,,,,,,,,,,,,,,,,,,,,,,114961,65586,38712,17440,337,6110,0,30,2957,121,2836,49375,37563,372,252,0,0,8755,2433,1696,737,114961,65586,49375,114961,65586,49375,42542,124,138,893,3174,490,2014,114961,65586,38712,17440,337,6110,0,30,2957,121,2836,49375
ACSSF,2011e1,co,000,0006,0000074,,,,,,,,,,,,,,,,,,,,,,,,,,,,,,,,,,,,,,,,,,,,,,,,,,,,,117606,110052,7554,,,,,,,,,,,117606,110052,98771,3755,567,4390,0,155,2414,201,2213,7554
ACSSF,2011e1,co,000,0006,0000075,,,,,,,,,,,,,,,,,,,,,,,,,,,,,,,,158833,99464,56259,36809,955,1305,518,0,3618,383,3235,59369,35913,466,1864,70,0,19573,1483,868,615,158833,99464,59369,158833,99464,59369,50659,1231,133,151,2362,491,4342,158833,99464,56259,36809,955,1305,518,0,3618,383,3235,59369
ACSSF,2011e1,co,000,0006,0000076,,,,,,,,,,,,,,,,,,,,,,,,,,,,,,,,99207,63514,52489,4910,859,2770,44,71,2371,0,2371,35693,28421,455,580,0,0,4598,1639,476,1163,99207,63514,35693,99207,63514,35693,29818,555,471,151,387,851,3460,99207,63514,52489,4910,859,2770,44,71,2371,0,2371,35693
ACSSF,2011e1,co,000,0006,0000077,,,,,,,,,,,,,,,,,,,,,,,,,,,,,,,,107630,100956,94168,1751,565,2860,59,219,1334,68,1266,6674,3686,20,267,0,0,544,2157,346,1811,107630,100956,6674,,,,,,,,,,,107630,100956,94168,1751,565,2860,59,219,1334,68,1266,6674
ACSSF,2011e1,co,000,0006,0000078,,,,,,,,,,,,,,,,,,,,,,,,,,,,,,,,152661,131222,100475,16859,646,8514,212,151,4365,0,4365,21439,14739,260,518,43,0,4658,1221,422,799,152661,131222,21439,152661,131222,21439,14931,1111,663,246,1463,918,2107,152661,131222,100475,16859,646,8514,212,151,4365,0,4365,21439
ACSSF,2011e1,co,000,0006,0000079,,,,,,,,,,,,,,,,,,,,,,,,,,,,,,,,125853,48621,36348,1446,800,8919,0,293,815,0,815,77232,39767,474,1310,203,0,31187,4291,3336,955,125853,48621,77232,125853,48621,77232,68786,494,0,8,861,233,6850,125853,48621,36348,1446,800,8919,0,293,815,0,815,77232
ACSSF,2011e1,co,000,0006,0000080,,,,,,,,,,,,,,,,,,,,,,,,,,,,,,,,,,,,,,,,,,,,,,,,,,,,,113819,97221,16598,,,,,,,,,,,113819,97221,90491,1216,390,3234,0,0,1890,0,1890,16598
ACSSF,2011e1,co,000,0006,0000081,,,,,,,,,,,,,,,,,,,,,,,,,,,,,,,,92323,67831,62820,923,792,917,0,169,2210,34,2176,24492,20782,136,142,327,35,1284,1786,493,1293,92323,67831,24492,92323,67831,24492,17722,2117,0,0,140,401,4112,92323,67831,62820,923,792,917,0,169,2210,34,2176,24492
ACSSF,2011e1,co,000,0006,0000082,,,,,,,,,,,,,,,,,,,,,,,,,,,,,,,,143281,121584,112830,1818,365,3591,0,77,2903,130,2773,21697,18269,24,360,0,0,2066,978,682,296,143281,121584,21697,143281,121584,21697,13211,748,172,0,439,966,6161,143281,121584,112830,1818,365,3591,0,77,2903,130,2773,21697
ACSSF,2011e1,co,000,0006,0000083,,,,,,,,,,,,,,,,,,,,,,,,,,,,,,,,103983,88550,82074,1972,209,1584,0,284,2427,102,2325,15433,9067,435,140,0,0,4825,966,393,573,103983,88550,15433,103983,88550,15433,13451,230,54,0,100,551,1047,103983,88550,82074,1972,209,1584,0,284,2427,102,2325,15433
ACSSF,2011e1,co,000,0006,0000084,,,,,,,,,,,,,,,,,,,,,,,,,,,,,,,,148382,137483,124681,1457,263,6993,34,0,4055,0,4055,10899,8960,69,0,42,0,900,928,558,370,148382,137483,10899,148382,137483,10899,7827,0,249,145,0,1184,1494,148382,137483,124681,1457,263,6993,34,0,4055,0,4055,10899
ACSSF,2011e1,co,000,0006,0000085,,,,,,,,,,,,,,,,,,,,,,,,,,,,,,,,180894,165362,154102,1977,472,4822,75,0,3914,0,3914,15532,12737,0,458,88,0,1537,712,332,380,180894,165362,15532,,,,,,,,,,,180894,165362,154102,1977,472,4822,75,0,3914,0,3914,15532
ACSSF,2011e1,co,000,0006,0000086,,,,,,,,,,,,,,,,,,,,,,,,,,,,,,,,159997,142781,123810,6547,259,4891,462,0,6812,0,6812,17216,15314,11,0,52,0,361,1478,676,802,159997,142781,17216,159997,142781,17216,8526,2690,292,0,687,1060,3961,159997,142781,123810,6547,259,4891,462,0,6812,0,6812,17216
ACSSF,2011e1,co,000,0006,0000087,,,,,,,,,,,,,,,,,,,,,,,,,,,,,,,,98581,82591,72959,3837,501,1719,666,217,2692,22,2670,15990,10653,491,0,143,41,3590,1072,611,461,98581,82591,15990,98581,82591,15990,10664,341,43,0,416,856,3670,98581,82591,72959,3837,501,1719,666,217,2692,22,2670,15990
ACSSF,2011e1,co,000,0006,0000088,,,,,,,,,,,,,,,,,,,,,,,,,,,,,,,,103881,89525,79744,4578,213,2003,206,65,2716,85,2631,14356,6931,114,666,23,238,5522,862,710,152,103881,89525,14356,103881,89525,14356,10375,610,147,114,580,329,2201,103881,89525,79744,4578,213,2003,206,65,2716,85,2631,14356
ACSSF,2011e1,co,000,0006,0000089,,,,,,,,,,,,,,,,,,,,,,,,,,,,,,,,,,,,,,,,,,,,,,,,,,,,,165736,143646,22090,165736,143646,22090,10347,2372,848,0,3415,1742,3366,165736,143646,124677,6705,234,5659,487,0,5884,0,5884,22090
ACSSF,2011e1,co,000,0006,0000090,,,,,,,,,,,,,,,,,,,,,,,,,,,,,,,,108768,80419,54832,15120,1229,2975,629,65,5569,63,5506,28349,15427,403,448,54,66,9886,2065,1054,1011,108768,80419,28349,108768,80419,28349,20650,1225,192,99,1782,241,4160,108768,80419,54832,15120,1229,2975,629,65,5569,63,5506,28349
ACSSF,2011e1,co,000,0006,0000091,,,,,,,,,,,,,,,,,,,,,,,,,,,,,,,,,,,,,,,,,,,,,,,,,,,,,110000,98965,11035,110000,98965,11035,7144,136,12,0,745,163,2835,110000,98965,90685,3425,1362,752,0,599,2142,283,1859,11035
ACSSF,2011e1,co,000,0006,0000092,,,,,,,,,,,,,,,,,,,,,,,,,,,,,,,,,,,,,,,,,,,,,,,,,,,,,100919,92795,8124,100919,92795,8124,4602,783,147,0,708,1522,362,100919,92795,82589,2830,126,4356,707,0,2187,0,2187,8124
ACSSF,2011e1,co,000,0006,0000093,,,,,,,,,,,,,,,,,,,,,,,,,,,,,,,,215096,138972,80539,40438,886,10177,1258,30,5644,427,5217,76124,49526,791,1484,61,0,19040,5222,4078,1144,215096,138972,76124,215096,138972,76124,63421,593,48,1327,4319,358,6058,215096,138972,80539,40438,886,10177,1258,30,5644,427,5217,76124
ACSSF,2011e1,co,000,0006,0000094,,,,,,,,,,,,,,,,,,,,,,,,,,,,,,,,215730,195723,179160,1907,296,7496,41,42,6781,102,6679,20007,15971,114,36,0,0,2747,1139,780,359,215730,195723,20007,215730,195723,20007,16108,235,447,0,572,1564,1081,215730,195723,179160,1907,296,7496,41,42,6781,102,6679,20007
ACSSF,2011e1,co,000,0006,0000095,,,,,,,,,,,,,,,,,,,,,,,,,,,,,,,,,,,,,,,,,,,,,,,,,,,,,76540,52055,24485,,,,,,,,,,,,,,,,,,,,,,
ACSSF,2011e1,co,000,0006,0000096,,,,,,,,,,,,,,,,,,,,,,,,,,,,,,,,271252,232689,183647,20802,812,18279,68,285,8796,319,8477,38563,28217,44,501,158,0,4197,5446,3337,2109,271252,232689,38563,271252,232689,38563,27172,2544,431,88,1825,1664,4839,271252,232689,183647,20802,812,18279,68,285,8796,319,8477,38563
ACSSF,2011e1,co,000,0006,0000097,,,,,,,,,,,,,,,,,,,,,,,,,,,,,,,,227849,193016,168503,12114,948,4170,693,176,6412,107,6305,34833,17041,597,749,23,279,13614,2530,1617,913,227849,193016,34833,227849,193016,34833,22769,2043,249,114,3057,477,6124,227849,193016,168503,12114,948,4170,693,176,6412,107,6305,34833
ACSSF,2011e1,co,000,0006,0000098,619968,422850,197118,166853,3635,1203,609,5204,101,1134,1515,750,321,1383,0,2373,621,0,85,688,198,0,733,0,48,0,17241,6175,3965,968,6133,619968,422850,325415,58126,3825,22730,765,734,11255,451,10804,197118,119772,1675,4539,316,0,60110,10706,5448,5258,619968,422850,197118,619968,422850,197118,166853,3635,1203,609,5204,2373,17241,619968,422850,325415,58126,3825,22730,765,734,11255,451,10804,197118
ACSSF,2011e1,co,000,0006,0000099,,,,,,,,,,,,,,,,,,,,,,,,,,,,,,,,294043,271183,249399,3233,653,11055,75,0,6768,0,6768,22860,19074,69,458,130,0,1843,1286,604,682,294043,271183,22860,294043,271183,22860,18516,342,34,145,267,1211,2345,294043,271183,249399,3233,653,11055,75,0,6768,0,6768,22860
ACSSF,2011e1,co,000,0006,0000100,,,,,,,,,,,,,,,,,,,,,,,,,,,,,,,,,,,,,,,,,,,,,,,,,,,,,81868,67306,14562,,,,,,,,,,,81868,67306,58120,2188,0,2639,0,0,4359,0,4359,14562
ACSSF,2011e1,co,000,0006,0000101,,,,,,,,,,,,,,,,,,,,,,,,,,,,,,,,,,,,,,,,,,,,,,,,,,,,,185062,164619,20443,185062,164619,20443,15399,282,159,0,1186,1130,2287,185062,164619,154989,1677,135,3229,114,549,3926,207,3719,20443
ACSSF,2011e1,co,000,0006,0000102,,,,,,,,,,,,,,,,,,,,,,,,,,,,,,,,144424,124680,119013,902,545,1030,59,279,2852,27,2825,19744,10295,121,723,0,0,6497,2108,1560,548,144424,124680,19744,,,,,,,,,,,144424,124680,119013,902,545,1030,59,279,2852,27,2825,19744
ACSSF,2011e1,co,000,0006,0000103,,,,,,,,,,,,,,,,,,,,,,,,,,,,,,,,,,,,,,,,,,,,,,,,,,,,,118223,70196,48027,,,,,,,,,,,,,,,,,,,,,,
ACSSF,2011e1,co,000,0006,0000104,,,,,,,,,,,,,,,,,,,,,,,,,,,,,,,,75944,53096,34290,11779,609,2050,491,171,3706,0,3706,22848,13988,230,86,190,66,6955,1333,611,722,75944,53096,22848,75944,53096,22848,15764,552,192,1,1134,503,4702,75944,53096,34290,11779,609,2050,491,171,3706,0,3706,22848
ACSSF,2011e1,co,000,0006,0000105,,,,,,,,,,,,,,,,,,,,,,,,,,,,,,,,542623,463646,431518,5036,1966,12779,208,577,11562,164,11398,78977,64851,385,1376,366,35,7205,4759,1590,3169,542623,463646,78977,542623,463646,78977,56646,3041,688,0,1240,2109,15253,542623,463646,431518,5036,1966,12779,208,577,11562,164,11398,78977
ACSSF,2011e1,co,000,0006,0000106,,,,,,,,,,,,,,,,,,,,,,,,,,,,,,,,,,,,,,,,,,,,,,,,,,,,,97565,90000,7565,,,,,,,,,,,97565,90000,84730,2059,101,1783,0,179,1148,40,1108,7565
ACSSF,2011e1,co,000,0006,0000107,,,,,,,,,,,,,,,,,,,,,,,,,,,,,,,,153022,121069,110681,1122,382,6732,0,69,2083,0,2083,31953,23602,201,471,152,0,6475,1052,318,734,153022,121069,31953,153022,121069,31953,24759,979,0,9,1154,233,4819,153022,121069,110681,1122,382,6732,0,69,2083,0,2083,31953
ACSSF,2011e1,co,000,0006,0000108,,,,,,,,,,,,,,,,,,,,,,,,,,,,,,,,,,,,,,,,,,,,,,,,,,,,,109442,96449,12993,109442,96449,12993,11038,55,0,0,528,457,915,109442,96449,89890,469,1080,3903,0,0,1107,0,1107,12993
ACSSF,2011e1,co,000,0006,0000109,,,,,,,,,,,,,,,,,,,,,,,,,,,,,,,,110001,56885,51639,2106,553,906,82,276,1323,168,1155,53116,36123,210,3332,45,0,10310,3096,1824,1272,110001,56885,53116,110001,56885,53116,39678,954,0,0,1022,255,11207,110001,56885,51639,2106,553,906,82,276,1323,168,1155,53116
ACSSF,2011e1,co,000,0006,0000110,,,,,,,,,,,,,,,,,,,,,,,,,,,,,,,,210736,160494,140908,3263,1485,10551,0,62,4225,88,4137,50242,35035,44,493,1045,0,9193,4432,1236,3196,210736,160494,50242,210736,160494,50242,39882,909,416,0,377,853,7805,210736,160494,140908,3263,1485,10551,0,62,4225,88,4137,50242
ACSSF,2011e1,co,000,0006,0000111,,,,,,,,,,,,,,,,,,,,,,,,,,,,,,,,71819,35878,30362,906,102,3434,0,164,910,0,910,35941,29805,38,189,0,0,5073,836,337,499,71819,35878,35941,,,,,,,,,,,71819,35878,30362,906,102,3434,0,164,910,0,910,35941
