ACSSF,2011e1,co,000,0004,0000001,5116796,4318187,203243,51677,143760,5949,221207,172773,36014,136759,,,,,,,,,,,,,,,,,,,,,,,,,,,,,,,,,,,,,,,,,,,,,,,,,,,,,,,,,,,,,,,,,,,,,,,,4469887,253679,115554,190263,15931,259731,,,,,,,,,,,,,,,,,,,,,,,,,,,,,,,,,,,,,,,,,,,,,,,,,,,,,,,,143760,20911,320,0,1747,1929,25156,14039,2216,2530,9337,23941,1171,119,195,2327,0,1200,205,1112,3632,25536,0,1700,4437,,,,,,,,,,,,,5116796,4944023,4318187,203243,51677,143760,5949,221207,172773,36014,136759,157924,29863,45666,32931,4464,45000,14303,546,51677,32351,3288,541,5439,5170,17913,405,18921,143760,20911,26268,14039,9337,23941,25536,23728,5949,1648,771,1580,1950
ACSSF,2011e1,co,000,0004,0000002,3957683,3280935,171878,40729,118453,5340,199001,141347,30771,110576,,,,,,,,,,,,,,,,,,,,,,,,,,,,,,,,,,,,,,,,,,,,,,,,,,,,,,,,,,,,,,,,,,,,,,,,3403634,215920,90105,155973,14490,232088,,,,,,,,,,,,,,,,,,,,,,,,,,,,,,,,,,,,,,,,,,,,,,,,,,,,,,,,,,,,,,,,,,,,,,,,,,,,,,,,,,,,,,,,,,,,,3957683,3816336,3280935,171878,40729,118453,5340,199001,141347,30771,110576,128670,25480,34331,26090,4212,38557,12255,422,40729,25009,2659,541,4033,4715,13061,93,15627,118453,16280,20389,10457,7464,20757,24698,18408,5340,1565,737,1169,1869
ACSSF,2011e1,co,000,0004,0000003,1159113,1037252,31365,10948,25307,609,22206,31426,5243,26183,,,,,,,,,,,,,,,,,,,,,,,,,,,,,,,,,,,,,,,,,,,,,,,,,,,,,,,,,,,,,,,,,,,,,,,,1066253,37759,25449,34290,1441,27643,,,,,,,,,,,,,,,,,,,,,,,,,,,,,,,,,,,,,,,,,,,,,,,,,,,,,,,,,,,,,,,,,,,,,,,,,,,,,,,,,,,,,,,,,,,,,1159113,1127687,1037252,31365,10948,25307,609,22206,31426,5243,26183,29254,4383,11335,6841,252,6443,2048,124,10948,7342,629,0,1406,455,4852,312,3294,25307,4631,5879,3582,1873,3184,838,5320,,,,,
ACSSF,2011e1,co,000,0004,0000004,4709563,3944692,199262,43732,141238,5842,209389,165408,34453,130955,,,,,,,,,,,,,,,,,,,,,,,,,,,,,,,,,,,,,,,,,,,,,,,,,,,,,,,,,,,,,,,,,,,,,,,,4089933,248377,103763,186209,15364,246178,,,,,,,,,,,,,,,,,,,,,,,,,,,,,,,,,,,,,,,,,,,,,,,,,,,,,,,,,,,,,,,,,,,,,,,,,,,,,,,,,,,,,,,,,,,,,4709563,4544155,3944692,199262,43732,141238,5842,209389,165408,34453,130955,151102,29141,42631,31908,4074,43348,13840,466,43732,26808,3052,495,3396,4967,14898,397,16527,141238,20732,25581,13755,9177,23744,24928,23321,5842,1580,754,1558,1950
ACSSF,2011e1,co,000,0004,0000005,4432039,3702319,194401,37392,138787,5733,194625,158782,32863,125919,,,,,,,,,,,,,,,,,,,,,,,,,,,,,,,,,,,,,,,,,,,,,,,,,,,,,,,,,,,,,,,,,,,,,,,,3841762,242098,93884,182858,15008,229803,,,,,,,,,,,,,,,,,,,,,,,,,,,,,,,,,,,,,,,,,,,,,,,,,,,,,,,,,,,,,,,,,,,,,,,,,,,,,,,,,,,,,,,,,,,,,4432039,4273257,3702319,194401,37392,138787,5733,194625,158782,32863,125919,144737,28176,39955,31191,3904,41511,13579,466,37392,22826,2723,495,2794,4760,12054,270,14296,138787,20361,24946,13520,8745,23587,24453,23175,5733,1471,754,1558,1950
ACSSF,2011e1,co,000,0004,0000006,2011423,1569116,144081,20589,66312,4066,128460,78799,20342,58457,,,,,,,,,,,,,,,,,,,,,,,,,,,,,,,,,,,,,,,,,,,,,,,,,,,,,,,,,,,,,,,,,,,,,,,,1636032,171342,47837,85680,7106,150281,,,,,,,,,,,,,,,,,,,,,,,,,,,,,,,,,,,,,,,,,,,,,,,,,,,,,,,,,,,,,,,,,,,,,,,,,,,,,,,,,,,,,,,,,,,,,2011423,1932624,1569116,144081,20589,66312,4066,128460,78799,20342,58457,71004,14316,17401,13800,2621,22866,7534,261,20589,12787,1906,350,789,2699,7043,93,7709,66312,8915,12638,4976,3414,12111,11707,12551,4066,1073,100,1110,1783
ACSSF,2011e1,co,000,0004,0000007,2420616,2133203,50320,16803,72475,1667,66165,79983,12521,67462,,,,,,,,,,,,,,,,,,,,,,,,,,,,,,,,,,,,,,,,,,,,,,,,,,,,,,,,,,,,,,,,,,,,,,,,2205730,70756,46047,97178,7902,79522,,,,,,,,,,,,,,,,,,,,,,,,,,,,,,,,,,,,,,,,,,,,,,,,,,,,,,,,,,,,,,,,,,,,,,,,,,,,,,,,,,,,,,,,,,,,,2420616,2340633,2133203,50320,16803,72475,1667,66165,79983,12521,67462,73733,13860,22554,17391,1283,18645,6045,205,16803,10039,817,145,2005,2061,5011,177,6587,72475,11446,12308,8544,5331,11476,12746,10624,,,,,
ACSSF,2011e1,co,000,0004,0000008,277524,242373,4861,6340,2451,109,14764,6626,1590,5036,,,,,,,,,,,,,,,,,,,,,,,,,,,,,,,,,,,,,,,,,,,,,,,,,,,,,,,,,,,,,,,,,,,,,,,,248171,6279,9879,3351,,16375,,,,,,,,,,,,,,,,,,,,,,,,,,,,,,,,,,,,,,,,,,,,,,,,,,,,,,,,,,,,,,,,,,,,,,,,,,,,,,,,,,,,,,,,,,,,,277524,270898,242373,4861,6340,2451,109,14764,6626,1590,5036,6365,965,2676,717,170,1837,261,0,6340,3982,329,0,602,207,2844,127,2231,2451,371,635,235,432,157,475,146,,,,,
ACSSF,2011e1,co,000,0004,0000009,92059,78641,1234,1212,708,109,7949,2206,747,1459,,,,,,,,,,,,,,,,,,,,,,,,,,,,,,,,,,,,,,,,,,,,,,,,,,,,,,,,,,,,,,,,,,,,,,,,80474,1773,2289,1029,,8696,,,,,,,,,,,,,,,,,,,,,,,,,,,,,,,,,,,,,,,,,,,,,,,,,,,,,,,,,,,,,,,,,,,,,,,,,,,,,,,,,,,,,,,,,,,,,92059,89853,78641,1234,1212,708,109,7949,2206,747,1459,2101,245,642,321,146,747,105,0,,,,,,,,,,,,,,,,,,,,,,
ACSSF,2011e1,co,000,0004,0000010,185465,163732,3627,5128,1743,0,6815,4420,843,3577,,,,,,,,,,,,,,,,,,,,,,,,,,,,,,,,,,,,,,,,,,,,,,,,,,,,,,,,,,,,,,,,,,,,,,,,167697,4506,7590,2322,,7679,,,,,,,,,,,,,,,,,,,,,,,,,,,,,,,,,,,,,,,,,,,,,,,,,,,,,,,,,,,,,,,,,,,,,,,,,,,,,,,,,,,,,,,,,,,,,185465,181045,163732,3627,5128,1743,0,6815,4420,843,3577,4264,720,2034,396,24,1090,156,0,5128,3060,258,0,259,197,2346,127,1941,,,,,,,,,,,,,
ACSSF,2011e1,co,000,0004,0000011,407233,373495,3981,7945,2522,107,11818,7365,1561,5804,,,,,,,,,,,,,,,,,,,,,,,,,,,,,,,,,,,,,,,,,,,,,,,,,,,,,,,,,,,,,,,,,,,,,,,,379954,5302,11791,4054,567,13553,,,,,,,,,,,,,,,,,,,,,,,,,,,,,,,,,,,,,,,,,,,,,,,,,,,,,,,,,,,,,,,,,,,,,,,,,,,,,,,,,,,,,,,,,,,,,407233,399868,373495,3981,7945,2522,107,11818,7365,1561,5804,6822,722,3035,1023,390,1652,463,80,7945,5543,236,46,2043,203,3015,8,2394,2522,179,687,284,160,197,608,407,,,,,
ACSSF,2011e1,co,000,0004,0000012,684757,615868,8842,14285,4973,216,26582,13991,3151,10840,,,,,,,,,,,,,,,,,,,,,,,,,,,,,,,,,,,,,,,,,,,,,,,,,,,,,,,,,,,,,,,,,,,,,,,,628125,11581,21670,7405,923,29928,,,,,,,,,,,,,,,,,,,,,,,,,,,,,,,,,,,,,,,,,,,,,,,,,,,,,,,,,,,,,,,,,,,,,,,,,,,,,,,,,,,,,,,,,,,,,684757,670766,615868,8842,14285,4973,216,26582,13991,3151,10840,13187,1687,5711,1740,560,3489,724,80,14285,9525,565,46,2645,410,5859,135,4625,4973,550,1322,519,592,354,1083,553,,,,,
ACSSF,2011e1,co,000,0004,0000013,451443,367203,14610,4316,18286,0,29363,17665,5537,12128,,,,,,,,,,,,,,,,,,,,,,,,,,,,,,,,,,,,,,,,,,,,,,,,,,,,,,,,,,,,,,,,,,,,,,,,382875,17904,11755,21710,876,35022,,,,,,,,,,,,,,,,,,,,,,,,,,,,,,,,,,,,,,,,,,,,,,,,,,,,,,,,,,,,,,,,,,,,,,,,,,,,,,,,,,,,,,,,,,,,,451443,433778,367203,14610,4316,18286,0,29363,17665,5537,12128,16631,1726,6080,1822,0,7003,1034,0,,,,,,,,,,18286,507,2159,1053,1457,1100,5572,6438,,,,,
ACSSF,2011e1,co,000,0004,0000014,584948,440892,59327,4001,28339,1399,25151,25839,6664,19175,,,,,,,,,,,,,,,,,,,,,,,,,,,,,,,,,,,,,,,,,,,,,,,,,,,,,,,,,,,,,,,,,,,,,,,,462803,68136,10420,36441,1920,32421,,,,,,,,,,,,,,,,,,,,,,,,,,,,,,,,,,,,,,,,,,,,,,,,,,,,,,,,,,,,,,,,,,,,,,,,,,,,,,,,,,,,,,,,,,,,,584948,559109,440892,59327,4001,28339,1399,25151,25839,6664,19175,24485,5551,4047,6894,545,7448,1354,0,4001,1845,164,0,595,117,969,0,2156,28339,5376,4478,2273,1501,6478,1860,6373,,,,,
ACSSF,2011e1,co,000,0004,0000015,299378,267138,2747,1108,11710,41,7211,9423,1129,8294,,,,,,,,,,,,,,,,,,,,,,,,,,,,,,,,,,,,,,,,,,,,,,,,,,,,,,,,,,,,,,,,,,,,,,,,276055,4722,3532,15951,359,8414,,,,,,,,,,,,,,,,,,,,,,,,,,,,,,,,,,,,,,,,,,,,,,,,,,,,,,,,,,,,,,,,,,,,,,,,,,,,,,,,,,,,,,,,,,,,,299378,289955,267138,2747,1108,11710,41,7211,9423,1129,8294,9191,1556,2329,3745,0,1561,232,0,,,,,,,,,,11710,2725,3811,1511,288,1818,204,1353,,,,,
ACSSF,2011e1,co,000,0004,0000016,619968,445187,59801,8364,23046,765,60844,21961,5899,16062,,,,,,,,,,,,,,,,,,,,,,,,,,,,,,,,,,,,,,,,,,,,,,,,,,,,,,,,,,,,,,,,,,,,,,,,463991,68560,16705,26675,1637,66997,,,,,,,,,,,,,,,,,,,,,,,,,,,,,,,,,,,,,,,,,,,,,,,,,,,,,,,,,,,,,,,,,,,,,,,,,,,,,,,,,,,,,,,,,,,,,619968,598007,445187,59801,8364,23046,765,60844,21961,5899,16062,19425,4807,5260,2293,554,6511,2436,100,8364,5528,597,287,369,1393,2882,0,2836,23046,2482,3535,1174,1427,2171,9107,3150,,,,,
ACSSF,2011e1,co,000,0004,0000017,292167,266829,3302,1111,10953,75,1843,8054,604,7450,,,,,,,,,,,,,,,,,,,,,,,,,,,,,,,,,,,,,,,,,,,,,,,,,,,,,,,,,,,,,,,,,,,,,,,,274670,5801,3148,13686,,2447,,,,,,,,,,,,,,,,,,,,,,,,,,,,,,,,,,,,,,,,,,,,,,,,,,,,,,,,,,,,,,,,,,,,,,,,,,,,,,,,,,,,,,,,,,,,,292167,284113,266829,3302,1111,10953,75,1843,8054,604,7450,7011,1632,1398,1940,0,2041,1043,0,,,,,,,,,,10953,3293,2540,1406,262,2039,400,1013,,,,,
ACSSF,2011e1,co,000,0004,0000018,636963,521477,37949,3550,17519,2795,22897,30776,3647,27129,,,,,,,,,,,,,,,,,,,,,,,,,,,,,,,,,,,,,,,,,,,,,,,,,,,,,,,,,,,,,,,,,,,,,,,,547823,50212,14762,27889,4968,27021,,,,,,,,,,,,,,,,,,,,,,,,,,,,,,,,,,,,,,,,,,,,,,,,,,,,,,,,,,,,,,,,,,,,,,,,,,,,,,,,,,,,,,,,,,,,,636963,606187,521477,37949,3550,17519,2795,22897,30776,3647,27129,26001,6055,6259,7184,1493,5010,4614,161,3550,1873,262,60,335,626,590,0,1677,17519,1970,2854,3921,1032,3874,2209,1659,,,,,
ACSSF,2011e1,co,000,0004,0000019,539884,493900,5421,3342,13145,243,7512,16321,1754,14567,,,,,,,,,,,,,,,,,,,,,,,,,,,,,,,,,,,,,,,,,,,,,,,,,,,,,,,,,,,,,,,,,,,,,,,,508362,9685,9498,18532,1977,9375,,,,,,,,,,,,,,,,,,,,,,,,,,,,,,,,,,,,,,,,,,,,,,,,,,,,,,,,,,,,,,,,,,,,,,,,,,,,,,,,,,,,,,,,,,,,,539884,523563,493900,5421,3342,13145,243,7512,16321,1754,14567,15259,3481,5034,3138,217,3389,981,81,,,,,,,,,,13145,1841,1499,1303,1409,1694,4152,1247,,,,,
ACSSF,2011e1,co,000,0004,0000020,305525,276672,2341,2328,7132,114,9116,7822,2199,5623,,,,,,,,,,,,,,,,,,,,,,,,,,,,,,,,,,,,,,,,,,,,,,,,,,,,,,,,,,,,,,,,,,,,,,,,283179,4474,5487,8752,510,11416,,,,,,,,,,,,,,,,,,,,,,,,,,,,,,,,,,,,,,,,,,,,,,,,,,,,,,,,,,,,,,,,,,,,,,,,,,,,,,,,,,,,,,,,,,,,,305525,297703,276672,2341,2328,7132,114,9116,7822,2199,5623,7475,1272,1899,1094,729,2481,223,124,,,,,,,,,,7132,339,1419,307,581,3328,674,484,,,,,
ACSSF,2011e1,co,000,0004,0000021,147083,131832,1023,1403,1030,59,6776,4960,1587,3373,,,,,,,,,,,,,,,,,,,,,,,,,,,,,,,,,,,,,,,,,,,,,,,,,,,,,,,,,,,,,,,,,,,,,,,,135802,2241,3287,2135,,8688,,,,,,,,,,,,,,,,,,,,,,,,,,,,,,,,,,,,,,,,,,,,,,,,,,,,,,,,,,,,,,,,,,,,,,,,,,,,,,,,,,,,,,,,,,,,,147083,142123,131832,1023,1403,1030,59,6776,4960,1587,3373,4318,536,1131,651,219,1781,642,0,,,,,,,,,,,,,,,,,,,,,,
ACSSF,2011e1,co,000,0004,0000022,160545,130748,3419,4901,1131,82,13839,6425,2625,3800,,,,,,,,,,,,,,,,,,,,,,,,,,,,,,,,,,,,,,,,,,,,,,,,,,,,,,,,,,,,,,,,,,,,,,,,136445,4248,7742,1963,,16711,,,,,,,,,,,,,,,,,,,,,,,,,,,,,,,,,,,,,,,,,,,,,,,,,,,,,,,,,,,,,,,,,,,,,,,,,,,,,,,,,,,,,,,,,,,,,160545,154120,130748,3419,4901,1131,82,13839,6425,2625,3800,6090,501,2298,405,147,2739,335,0,,,,,,,,,,,,,,,,,,,,,,
ACSSF,2011e1,co,000,0004,0000023,258638,235532,2828,2325,3862,143,8525,5423,1013,4410,,,,,,,,,,,,,,,,,,,,,,,,,,,,,,,,,,,,,,,,,,,,,,,,,,,,,,,,,,,,,,,,,,,,,,,,240788,3638,4907,4816,473,9538,,,,,,,,,,,,,,,,,,,,,,,,,,,,,,,,,,,,,,,,,,,,,,,,,,,,,,,,,,,,,,,,,,,,,,,,,,,,,,,,,,,,,,,,,,,,,258638,253215,235532,2828,2325,3862,143,8525,5423,1013,4410,5324,743,2538,732,0,1311,99,0,,,,,,,,,,,,,,,,,,,,,,
ACSSF,2011e1,co,000,0004,0000024,107326,99026,963,987,2880,0,1614,1856,20,1836,,,,,,,,,,,,,,,,,,,,,,,,,,,,,,,,,,,,,,,,,,,,,,,,,,,,,,,,,,,,,,,,,,,,,,,,100882,1102,1814,3578,,1683,,,,,,,,,,,,,,,,,,,,,,,,,,,,,,,,,,,,,,,,,,,,,,,,,,,,,,,,,,,,,,,,,,,,,,,,,,,,,,,,,,,,,,,,,,,,,,,,,,,,,,,,,,,,,,,,,,,,,,,,,,,,,,,,,,,,,
ACSSF,2011e1,co,000,0004,0000025,332551,221596,50335,2965,17751,1258,21128,17518,6439,11079,,,,,,,,,,,,,,,,,,,,,,,,,,,,,,,,,,,,,,,,,,,,,,,,,,,,,,,,,,,,,,,,,,,,,,,,235477,57315,7039,21474,1539,27847,,,,,,,,,,,,,,,,,,,,,,,,,,,,,,,,,,,,,,,,,,,,,,,,,,,,,,,,,,,,,,,,,,,,,,,,,,,,,,,,,,,,,,,,,,,,,332551,315033,221596,50335,2965,17751,1258,21128,17518,6439,11079,16896,3680,2603,3029,545,7039,622,0,,,,,,,,,,17751,2338,2514,1641,868,2782,633,6975,,,,,
ACSSF,2011e1,co,000,0004,0000026,98903,89591,668,140,3946,0,1595,2963,131,2832,,,,,,,,,,,,,,,,,,,,,,,,,,,,,,,,,,,,,,,,,,,,,,,,,,,,,,,,,,,,,,,,,,,,,,,,92212,854,1012,5836,226,1800,,,,,,,,,,,,,,,,,,,,,,,,,,,,,,,,,,,,,,,,,,,,,,,,,,,,,,,,,,,,,,,,,,,,,,,,,,,,,,,,,,,,,,,,,,,,,98903,95940,89591,668,140,3946,0,1595,2963,131,2832,2889,25,798,1622,0,444,74,0,,,,,,,,,,3946,880,1417,129,105,793,185,437,,,,,
ACSSF,2011e1,co,000,0004,0000027,102621,89523,3797,442,5027,58,1147,2627,756,1871,,,,,,,,,,,,,,,,,,,,,,,,,,,,,,,,,,,,,,,,,,,,,,,,,,,,,,,,,,,,,,,,,,,,,,,,91633,4224,1676,5753,,2229,,,,,,,,,,,,,,,,,,,,,,,,,,,,,,,,,,,,,,,,,,,,,,,,,,,,,,,,,,,,,,,,,,,,,,,,,,,,,,,,,,,,,,,,,,,,,102621,99994,89523,3797,442,5027,58,1147,2627,756,1871,2254,427,553,481,0,793,373,0,,,,,,,,,,,,,,,,,,,,,,
ACSSF,2011e1,co,000,0004,0000028,426406,346531,26402,2334,10596,1738,21519,17286,2698,14588,,,,,,,,,,,,,,,,,,,,,,,,,,,,,,,,,,,,,,,,,,,,,,,,,,,,,,,,,,,,,,,,,,,,,,,,361631,32666,8550,16504,2942,24694,,,,,,,,,,,,,,,,,,,,,,,,,,,,,,,,,,,,,,,,,,,,,,,,,,,,,,,,,,,,,,,,,,,,,,,,,,,,,,,,,,,,,,,,,,,,,426406,409120,346531,26402,2334,10596,1738,21519,17286,2698,14588,14152,3069,3631,3753,427,3272,2973,161,,,,,,,,,,10596,1970,2143,1701,672,2266,909,935,,,,,
ACSSF,2011e1,co,000,0004,0000029,619968,445187,59801,8364,23046,765,60844,21961,5899,16062,,,,,,,,,,,,,,,,,,,,,,,,,,,,,,,,,,,,,,,,,,,,,,,,,,,,,,,,,,,,,,,,,,,,,,,,463991,68560,16705,26675,1637,66997,,,,,,,,,,,,,,,,,,,,,,,,,,,,,,,,,,,,,,,,,,,,,,,,,,,,,,,,,,,,,,,,,,,,,,,,,,,,,,,,,,,,,,,,,,,,,619968,598007,445187,59801,8364,23046,765,60844,21961,5899,16062,19425,4807,5260,2293,554,6511,2436,100,8364,5528,597,287,369,1393,2882,0,2836,23046,2482,3535,1174,1427,2171,9107,3150,,,,,
ACSSF,2011e1,co,000,0004,0000030,146777,134175,1655,614,3083,114,2291,4845,1109,3736,,,,,,,,,,,,,,,,,,,,,,,,,,,,,,,,,,,,,,,,,,,,,,,,,,,,,,,,,,,,,,,,,,,,,,,,137962,2678,2780,4414,,3501,,,,,,,,,,,,,,,,,,,,,,,,,,,,,,,,,,,,,,,,,,,,,,,,,,,,,,,,,,,,,,,,,,,,,,,,,,,,,,,,,,,,,,,,,,,,,146777,141932,134175,1655,614,3083,114,2291,4845,1109,3736,4736,455,1287,1043,560,1391,109,0,,,,,,,,,,,,,,,,,,,,,,
ACSSF,2011e1,co,000,0004,0000031,94966,86130,607,560,996,50,4156,2467,290,2177,,,,,,,,,,,,,,,,,,,,,,,,,,,,,,,,,,,,,,,,,,,,,,,,,,,,,,,,,,,,,,,,,,,,,,,,88430,1319,1606,1525,206,4446,,,,,,,,,,,,,,,,,,,,,,,,,,,,,,,,,,,,,,,,,,,,,,,,,,,,,,,,,,,,,,,,,,,,,,,,,,,,,,,,,,,,,,,,,,,,,94966,92499,86130,607,560,996,50,4156,2467,290,2177,2368,645,1002,307,0,414,99,0,,,,,,,,,,,,,,,,,,,,,,
ACSSF,2011e1,co,000,0004,0000032,109365,98613,1513,390,5026,0,271,3552,213,3339,,,,,,,,,,,,,,,,,,,,,,,,,,,,,,,,,,,,,,,,,,,,,,,,,,,,,,,,,,,,,,,,,,,,,,,,101952,2571,919,5554,,484,,,,,,,,,,,,,,,,,,,,,,,,,,,,,,,,,,,,,,,,,,,,,,,,,,,,,,,,,,,,,,,,,,,,,,,,,,,,,,,,,,,,,,,,,,,,,,,,,,,,,,,,,,,,,,,,,,,,,,,,,,,,,,,,,,,,,
ACSSF,2011e1,co,000,0004,0000033,144414,130601,2293,725,3664,35,1640,5456,715,4741,,,,,,,,,,,,,,,,,,,,,,,,,,,,,,,,,,,,,,,,,,,,,,,,,,,,,,,,,,,,,,,,,,,,,,,,135258,4468,2353,5082,949,2355,,,,,,,,,,,,,,,,,,,,,,,,,,,,,,,,,,,,,,,,,,,,,,,,,,,,,,,,,,,,,,,,,,,,,,,,,,,,,,,,,,,,,,,,,,,,,144414,138958,130601,2293,725,3664,35,1640,5456,715,4741,5023,1653,1188,589,45,1548,352,81,,,,,,,,,,3664,196,338,622,457,654,866,531,,,,,
ACSSF,2011e1,co,000,0004,0000034,87695,75584,809,776,3962,0,4479,2085,318,1767,,,,,,,,,,,,,,,,,,,,,,,,,,,,,,,,,,,,,,,,,,,,,,,,,,,,,,,,,,,,,,,,,,,,,,,,77669,861,1453,5052,,4797,,,,,,,,,,,,,,,,,,,,,,,,,,,,,,,,,,,,,,,,,,,,,,,,,,,,,,,,,,,,,,,,,,,,,,,,,,,,,,,,,,,,,,,,,,,,,87695,85610,75584,809,776,3962,0,4479,2085,318,1767,2033,0,677,1038,0,318,52,0,,,,,,,,,,,,,,,,,,,,,,
ACSSF,2011e1,co,000,0004,0000035,68203,58983,416,1070,3479,0,2571,1684,790,894,,,,,,,,,,,,,,,,,,,,,,,,,,,,,,,,,,,,,,,,,,,,,,,,,,,,,,,,,,,,,,,,,,,,,,,,60410,1310,1327,3479,,3361,,,,,,,,,,,,,,,,,,,,,,,,,,,,,,,,,,,,,,,,,,,,,,,,,,,,,,,,,,,,,,,,,,,,,,,,,,,,,,,,,,,,,,,,,,,,,,,,,,,,,,,,,,,,,,,,,,,,,,,,,,,,,,,,,,,,,
ACSSF,2011e1,co,000,0004,0000036,107584,85603,2278,3885,951,82,10366,4419,1992,2427,,,,,,,,,,,,,,,,,,,,,,,,,,,,,,,,,,,,,,,,,,,,,,,,,,,,,,,,,,,,,,,,,,,,,,,,89501,3107,5599,1444,,12605,,,,,,,,,,,,,,,,,,,,,,,,,,,,,,,,,,,,,,,,,,,,,,,,,,,,,,,,,,,,,,,,,,,,,,,,,,,,,,,,,,,,,,,,,,,,,107584,103165,85603,2278,3885,951,82,10366,4419,1992,2427,4084,501,1264,180,147,1992,335,0,,,,,,,,,,,,,,,,,,,,,,
ACSSF,2011e1,co,000,0004,0000037,121449,104743,1753,852,4217,0,5892,3992,1607,2385,,,,,,,,,,,,,,,,,,,,,,,,,,,,,,,,,,,,,,,,,,,,,,,,,,,,,,,,,,,,,,,,,,,,,,,,108600,2084,1836,5362,,7499,,,,,,,,,,,,,,,,,,,,,,,,,,,,,,,,,,,,,,,,,,,,,,,,,,,,,,,,,,,,,,,,,,,,,,,,,,,,,,,,,,,,,,,,,,,,,121449,117457,104743,1753,852,4217,0,5892,3992,1607,2385,3720,50,712,1010,0,1948,272,0,,,,,,,,,,4217,0,454,746,566,106,1200,1145,,,,,
ACSSF,2011e1,co,000,0004,0000038,107950,90127,2332,343,6627,0,3500,5021,337,4684,,,,,,,,,,,,,,,,,,,,,,,,,,,,,,,,,,,,,,,,,,,,,,,,,,,,,,,,,,,,,,,,,,,,,,,,95067,2793,3708,7740,,3837,,,,,,,,,,,,,,,,,,,,,,,,,,,,,,,,,,,,,,,,,,,,,,,,,,,,,,,,,,,,,,,,,,,,,,,,,,,,,,,,,,,,,,,,,,,,,107950,102929,90127,2332,343,6627,0,3500,5021,337,4684,4847,330,3188,911,0,418,174,0,,,,,,,,,,6627,199,1512,302,476,542,2491,1105,,,,,
ACSSF,2011e1,co,000,0004,0000039,98903,89591,668,140,3946,0,1595,2963,131,2832,,,,,,,,,,,,,,,,,,,,,,,,,,,,,,,,,,,,,,,,,,,,,,,,,,,,,,,,,,,,,,,,,,,,,,,,92212,854,1012,5836,226,1800,,,,,,,,,,,,,,,,,,,,,,,,,,,,,,,,,,,,,,,,,,,,,,,,,,,,,,,,,,,,,,,,,,,,,,,,,,,,,,,,,,,,,,,,,,,,,98903,95940,89591,668,140,3946,0,1595,2963,131,2832,2889,25,798,1622,0,444,74,0,,,,,,,,,,3946,880,1417,129,105,793,185,437,,,,,
ACSSF,2011e1,co,000,0004,0000040,426406,346531,26402,2334,10596,1738,21519,17286,2698,14588,,,,,,,,,,,,,,,,,,,,,,,,,,,,,,,,,,,,,,,,,,,,,,,,,,,,,,,,,,,,,,,,,,,,,,,,361631,32666,8550,16504,2942,24694,,,,,,,,,,,,,,,,,,,,,,,,,,,,,,,,,,,,,,,,,,,,,,,,,,,,,,,,,,,,,,,,,,,,,,,,,,,,,,,,,,,,,,,,,,,,,426406,409120,346531,26402,2334,10596,1738,21519,17286,2698,14588,14152,3069,3631,3753,427,3272,2973,161,,,,,,,,,,10596,1970,2143,1701,672,2266,909,935,,,,,
ACSSF,2011e1,co,000,0004,0000041,332551,221596,50335,2965,17751,1258,21128,17518,6439,11079,,,,,,,,,,,,,,,,,,,,,,,,,,,,,,,,,,,,,,,,,,,,,,,,,,,,,,,,,,,,,,,,,,,,,,,,235477,57315,7039,21474,1539,27847,,,,,,,,,,,,,,,,,,,,,,,,,,,,,,,,,,,,,,,,,,,,,,,,,,,,,,,,,,,,,,,,,,,,,,,,,,,,,,,,,,,,,,,,,,,,,332551,315033,221596,50335,2965,17751,1258,21128,17518,6439,11079,16896,3680,2603,3029,545,7039,622,0,,,,,,,,,,17751,2338,2514,1641,868,2782,633,6975,,,,,
ACSSF,2011e1,co,000,0004,0000042,619968,445187,59801,8364,23046,765,60844,21961,5899,16062,,,,,,,,,,,,,,,,,,,,,,,,,,,,,,,,,,,,,,,,,,,,,,,,,,,,,,,,,,,,,,,,,,,,,,,,463991,68560,16705,26675,1637,66997,,,,,,,,,,,,,,,,,,,,,,,,,,,,,,,,,,,,,,,,,,,,,,,,,,,,,,,,,,,,,,,,,,,,,,,,,,,,,,,,,,,,,,,,,,,,,619968,598007,445187,59801,8364,23046,765,60844,21961,5899,16062,19425,4807,5260,2293,554,6511,2436,100,8364,5528,597,287,369,1393,2882,0,2836,23046,2482,3535,1174,1427,2171,9107,3150,,,,,
ACSSF,2011e1,co,000,0004,0000043,146777,134175,1655,614,3083,114,2291,4845,1109,3736,,,,,,,,,,,,,,,,,,,,,,,,,,,,,,,,,,,,,,,,,,,,,,,,,,,,,,,,,,,,,,,,,,,,,,,,137962,2678,2780,4414,,3501,,,,,,,,,,,,,,,,,,,,,,,,,,,,,,,,,,,,,,,,,,,,,,,,,,,,,,,,,,,,,,,,,,,,,,,,,,,,,,,,,,,,,,,,,,,,,146777,141932,134175,1655,614,3083,114,2291,4845,1109,3736,4736,455,1287,1043,560,1391,109,0,,,,,,,,,,,,,,,,,,,,,,
ACSSF,2011e1,co,000,0004,0000044,68203,58983,416,1070,3479,0,2571,1684,790,894,,,,,,,,,,,,,,,,,,,,,,,,,,,,,,,,,,,,,,,,,,,,,,,,,,,,,,,,,,,,,,,,,,,,,,,,60410,1310,1327,3479,,3361,,,,,,,,,,,,,,,,,,,,,,,,,,,,,,,,,,,,,,,,,,,,,,,,,,,,,,,,,,,,,,,,,,,,,,,,,,,,,,,,,,,,,,,,,,,,,,,,,,,,,,,,,,,,,,,,,,,,,,,,,,,,,,,,,,,,,
ACSSF,2011e1,co,000,0004,0000045,94966,86130,607,560,996,50,4156,2467,290,2177,,,,,,,,,,,,,,,,,,,,,,,,,,,,,,,,,,,,,,,,,,,,,,,,,,,,,,,,,,,,,,,,,,,,,,,,88430,1319,1606,1525,206,4446,,,,,,,,,,,,,,,,,,,,,,,,,,,,,,,,,,,,,,,,,,,,,,,,,,,,,,,,,,,,,,,,,,,,,,,,,,,,,,,,,,,,,,,,,,,,,94966,92499,86130,607,560,996,50,4156,2467,290,2177,2368,645,1002,307,0,414,99,0,,,,,,,,,,,,,,,,,,,,,,
ACSSF,2011e1,co,000,0004,0000046,107584,85603,2278,3885,951,82,10366,4419,1992,2427,,,,,,,,,,,,,,,,,,,,,,,,,,,,,,,,,,,,,,,,,,,,,,,,,,,,,,,,,,,,,,,,,,,,,,,,89501,3107,5599,1444,,12605,,,,,,,,,,,,,,,,,,,,,,,,,,,,,,,,,,,,,,,,,,,,,,,,,,,,,,,,,,,,,,,,,,,,,,,,,,,,,,,,,,,,,,,,,,,,,107584,103165,85603,2278,3885,951,82,10366,4419,1992,2427,4084,501,1264,180,147,1992,335,0,,,,,,,,,,,,,,,,,,,,,,
ACSSF,2011e1,co,000,0004,0000047,680107,491425,64023,8610,24525,833,65485,25206,6100,19106,,,,,,,,,,,,,,,,,,,,,,,,,,,,,,,,,,,,,,,,,,,,,,,,,,,,,,,,,,,,,,,,,,,,,,,,513284,74366,17398,29370,1825,71839,,,,,,,,,,,,,,,,,,,,,,,,,,,,,,,,,,,,,,,,,,,,,,,,,,,,,,,,,,,,,,,,,,,,,,,,,,,,,,,,,,,,,,,,,,,,,680107,654901,491425,64023,8610,24525,833,65485,25206,6100,19106,22537,6188,5636,3348,554,6811,2569,100,8610,5660,637,287,369,1393,2974,0,2950,24525,3224,3752,1174,1707,2278,9240,3150,,,,,
ACSSF,2011e1,co,000,0004,0000048,740269,646663,8901,4004,27919,100,27928,24754,3293,21461,,,,,,,,,,,,,,,,,,,,,,,,,,,,,,,,,,,,,,,,,,,,,,,,,,,,,,,,,,,,,,,,,,,,,,,,670457,13394,14082,35886,850,31417,,,,,,,,,,,,,,,,,,,,,,,,,,,,,,,,,,,,,,,,,,,,,,,,,,,,,,,,,,,,,,,,,,,,,,,,,,,,,,,,,,,,,,,,,,,,,740269,715515,646663,8901,4004,27919,100,27928,24754,3293,21461,23691,3277,9489,6678,0,4247,1063,0,,,,,,,,,,27919,3999,4801,1874,2414,3237,6316,5278,,,,,
ACSSF,2011e1,co,000,0004,0000049,705110,623223,6295,16797,4990,289,33392,20124,6196,13928,,,,,,,,,,,,,,,,,,,,,,,,,,,,,,,,,,,,,,,,,,,,,,,,,,,,,,,,,,,,,,,,,,,,,,,,640211,9538,27138,8323,1237,40326,,,,,,,,,,,,,,,,,,,,,,,,,,,,,,,,,,,,,,,,,,,,,,,,,,,,,,,,,,,,,,,,,,,,,,,,,,,,,,,,,,,,,,,,,,,,,705110,684986,623223,6295,16797,4990,289,33392,20124,6196,13928,18665,1511,7685,2005,926,6538,1379,80,16797,11433,1134,84,2773,558,6884,199,5165,4990,470,1517,445,287,819,704,748,,,,,
ACSSF,2011e1,co,000,0004,0000050,740121,669507,8950,6904,13233,266,23767,17494,4475,13019,,,,,,,,,,,,,,,,,,,,,,,,,,,,,,,,,,,,,,,,,,,,,,,,,,,,,,,,,,,,,,,,,,,,,,,,685352,12512,14054,16909,1142,28372,,,,,,,,,,,,,,,,,,,,,,,,,,,,,,,,,,,,,,,,,,,,,,,,,,,,,,,,,,,,,,,,,,,,,,,,,,,,,,,,,,,,,,,,,,,,,740121,722627,669507,8950,6904,13233,266,23767,17494,4475,13019,16892,2470,5750,2780,729,5163,478,124,6904,4036,314,0,37,742,2943,206,2662,13233,1172,4614,1665,758,3493,677,854,,,,,
ACSSF,2011e1,co,000,0004,0000051,738236,611129,41407,5233,18356,2795,26470,32846,3957,28889,,,,,,,,,,,,,,,,,,,,,,,,,,,,,,,,,,,,,,,,,,,,,,,,,,,,,,,,,,,,,,,,,,,,,,,,639396,53989,17576,29312,5117,30904,,,,,,,,,,,,,,,,,,,,,,,,,,,,,,,,,,,,,,,,,,,,,,,,,,,,,,,,,,,,,,,,,,,,,,,,,,,,,,,,,,,,,,,,,,,,,738236,705390,611129,41407,5233,18356,2795,26470,32846,3957,28889,27795,6156,7114,7563,1493,5469,4890,161,5233,2822,549,60,335,775,1103,0,2411,18356,1970,3166,4078,1124,3921,2305,1792,,,,,
ACSSF,2011e1,co,000,0004,0000052,816759,718557,26112,3706,30800,199,10748,26637,5384,21253,,,,,,,,,,,,,,,,,,,,,,,,,,,,,,,,,,,,,,,,,,,,,,,,,,,,,,,,,,,,,,,,,,,,,,,,742343,34072,10394,39902,1971,16610,,,,,,,,,,,,,,,,,,,,,,,,,,,,,,,,,,,,,,,,,,,,,,,,,,,,,,,,,,,,,,,,,,,,,,,,,,,,,,,,,,,,,,,,,,,,,816759,790122,718557,26112,3706,30800,199,10748,26637,5384,21253,24741,5230,5089,7237,28,7157,1896,0,,,,,,,,,,30800,7789,5512,3440,1633,7385,1963,3078,,,,,
ACSSF,2011e1,co,000,0004,0000053,696194,557683,47555,6423,23937,1467,33417,25712,6609,19103,,,,,,,,,,,,,,,,,,,,,,,,,,,,,,,,,,,,,,,,,,,,,,,,,,,,,,,,,,,,,,,,,,,,,,,,578844,55808,14912,30561,3789,40263,,,,,,,,,,,,,,,,,,,,,,,,,,,,,,,,,,,,,,,,,,,,,,,,,,,,,,,,,,,,,,,,,,,,,,,,,,,,,,,,,,,,,,,,,,,,,696194,670482,557683,47555,6423,23937,1467,33417,25712,6609,19103,23603,5031,4903,3320,734,9615,2028,81,,,,,,,,,,23937,2287,2906,1363,1414,2808,4331,8828,,,,,
ACSSF,2011e1,co,000,0004,0000054,118417,112635,339,2059,1098,0,1268,1018,500,518,,,,,,,,,,,,,,,,,,,,,,,,,,,,,,,,,,,,,,,,,,,,,,,,,,,,,,,,,,,,,,,,,,,,,,,,113522,349,2660,1136,,1768,,,,,,,,,,,,,,,,,,,,,,,,,,,,,,,,,,,,,,,,,,,,,,,,,,,,,,,,,,,,,,,,,,,,,,,,,,,,,,,,,,,,,,,,,,,,,118417,117399,112635,339,2059,1098,0,1268,1018,500,518,1018,10,470,38,0,500,0,0,,,,,,,,,,,,,,,,,,,,,,
ACSSF,2011e1,co,000,0004,0000055,156462,139614,599,1714,4349,0,6844,3342,1090,2252,,,,,,,,,,,,,,,,,,,,,,,,,,,,,,,,,,,,,,,,,,,,,,,,,,,,,,,,,,,,,,,,,,,,,,,,142699,1709,2707,5003,,7934,,,,,,,,,,,,,,,,,,,,,,,,,,,,,,,,,,,,,,,,,,,,,,,,,,,,,,,,,,,,,,,,,,,,,,,,,,,,,,,,,,,,,,,,,,,,,156462,153120,139614,599,1714,4349,0,6844,3342,1090,2252,3104,817,612,416,169,1090,114,124,,,,,,,,,,,,,,,,,,,,,,
ACSSF,2011e1,co,000,0004,0000056,144424,129308,1023,1268,1030,59,6776,4960,1587,3373,,,,,,,,,,,,,,,,,,,,,,,,,,,,,,,,,,,,,,,,,,,,,,,,,,,,,,,,,,,,,,,,,,,,,,,,133278,2241,3152,2135,,8688,,,,,,,,,,,,,,,,,,,,,,,,,,,,,,,,,,,,,,,,,,,,,,,,,,,,,,,,,,,,,,,,,,,,,,,,,,,,,,,,,,,,,,,,,,,,,144424,139464,129308,1023,1268,1030,59,6776,4960,1587,3373,4318,536,1131,651,219,1781,642,0,,,,,,,,,,,,,,,,,,,,,,
ACSSF,2011e1,co,000,0004,0000057,135411,123535,1655,614,2783,114,2230,4480,1109,3371,,,,,,,,,,,,,,,,,,,,,,,,,,,,,,,,,,,,,,,,,,,,,,,,,,,,,,,,,,,,,,,,,,,,,,,,126957,2678,2780,3749,,3440,,,,,,,,,,,,,,,,,,,,,,,,,,,,,,,,,,,,,,,,,,,,,,,,,,,,,,,,,,,,,,,,,,,,,,,,,,,,,,,,,,,,,,,,,,,,,135411,130931,123535,1655,614,2783,114,2230,4480,1109,3371,4371,455,1287,678,560,1391,109,0,,,,,,,,,,,,,,,,,,,,,,
ACSSF,2011e1,co,000,0004,0000058,258638,235532,2828,2325,3862,143,8525,5423,1013,4410,,,,,,,,,,,,,,,,,,,,,,,,,,,,,,,,,,,,,,,,,,,,,,,,,,,,,,,,,,,,,,,,,,,,,,,,240788,3638,4907,4816,473,9538,,,,,,,,,,,,,,,,,,,,,,,,,,,,,,,,,,,,,,,,,,,,,,,,,,,,,,,,,,,,,,,,,,,,,,,,,,,,,,,,,,,,,,,,,,,,,258638,253215,235532,2828,2325,3862,143,8525,5423,1013,4410,5324,743,2538,732,0,1311,99,0,,,,,,,,,,,,,,,,,,,,,,
ACSSF,2011e1,co,000,0004,0000059,139863,128240,3254,1576,784,26,3066,2917,945,1972,,,,,,,,,,,,,,,,,,,,,,,,,,,,,,,,,,,,,,,,,,,,,,,,,,,,,,,,,,,,,,,,,,,,,,,,130959,3994,2447,1242,207,4040,,,,,,,,,,,,,,,,,,,,,,,,,,,,,,,,,,,,,,,,,,,,,,,,,,,,,,,,,,,,,,,,,,,,,,,,,,,,,,,,,,,,,,,,,,,,,139863,136946,128240,3254,1576,784,26,3066,2917,945,1972,2808,623,770,331,0,1084,109,0,,,,,,,,,,,,,,,,,,,,,,
ACSSF,2011e1,co,000,0004,0000060,94324,79478,711,1855,674,39,8617,2950,506,2444,,,,,,,,,,,,,,,,,,,,,,,,,,,,,,,,,,,,,,,,,,,,,,,,,,,,,,,,,,,,,,,,,,,,,,,,82167,1057,3541,1387,366,9242,,,,,,,,,,,,,,,,,,,,,,,,,,,,,,,,,,,,,,,,,,,,,,,,,,,,,,,,,,,,,,,,,,,,,,,,,,,,,,,,,,,,,,,,,,,,,94324,91374,79478,711,1855,674,39,8617,2950,506,2444,2544,260,1478,300,0,506,326,80,,,,,,,,,,,,,,,,,,,,,,
ACSSF,2011e1,co,000,0004,0000061,153952,124381,3419,4901,974,82,13839,6356,2625,3731,,,,,,,,,,,,,,,,,,,,,,,,,,,,,,,,,,,,,,,,,,,,,,,,,,,,,,,,,,,,,,,,,,,,,,,,130009,4248,7673,1806,,16711,,,,,,,,,,,,,,,,,,,,,,,,,,,,,,,,,,,,,,,,,,,,,,,,,,,,,,,,,,,,,,,,,,,,,,,,,,,,,,,,,,,,,,,,,,,,,153952,147596,124381,3419,4901,974,82,13839,6356,2625,3731,6021,501,2229,405,147,2739,335,0,,,,,,,,,,,,,,,,,,,,,,
ACSSF,2011e1,co,000,0004,0000062,169694,154081,737,6802,1071,109,2946,3948,978,2970,,,,,,,,,,,,,,,,,,,,,,,,,,,,,,,,,,,,,,,,,,,,,,,,,,,,,,,,,,,,,,,,,,,,,,,,157393,1140,9662,1409,,3924,,,,,,,,,,,,,,,,,,,,,,,,,,,,,,,,,,,,,,,,,,,,,,,,,,,,,,,,,,,,,,,,,,,,,,,,,,,,,,,,,,,,,,,,,,,,,169694,165746,154081,737,6802,1071,109,2946,3948,978,2970,3919,204,2229,304,170,1012,29,0,6802,5542,148,46,1687,78,3583,135,1125,,,,,,,,,,,,,
ACSSF,2011e1,co,000,0004,0000063,140211,127454,755,934,1232,59,7747,2030,46,1984,,,,,,,,,,,,,,,,,,,,,,,,,,,,,,,,,,,,,,,,,,,,,,,,,,,,,,,,,,,,,,,,,,,,,,,,129094,1849,1728,1671,,7840,,,,,,,,,,,,,,,,,,,,,,,,,,,,,,,,,,,,,,,,,,,,,,,,,,,,,,,,,,,,,,,,,,,,,,,,,,,,,,,,,,,,,,,,,,,,,140211,138181,127454,755,934,1232,59,7747,2030,46,1984,1983,657,404,439,390,93,47,0,,,,,,,,,,,,,,,,,,,,,,
ACSSF,2011e1,co,000,0004,0000064,112600,105916,230,448,2063,174,598,3171,79,3092,,,,,,,,,,,,,,,,,,,,,,,,,,,,,,,,,,,,,,,,,,,,,,,,,,,,,,,,,,,,,,,,,,,,,,,,108793,745,2566,3017,333,677,,,,,,,,,,,,,,,,,,,,,,,,,,,,,,,,,,,,,,,,,,,,,,,,,,,,,,,,,,,,,,,,,,,,,,,,,,,,,,,,,,,,,,,,,,,,,112600,109429,105916,230,448,2063,174,598,3171,79,3092,2811,221,1699,472,172,247,360,0,,,,,,,,,,,,,,,,,,,,,,
ACSSF,2011e1,co,000,0004,0000065,135595,118387,1239,812,5932,41,5208,3976,562,3414,,,,,,,,,,,,,,,,,,,,,,,,,,,,,,,,,,,,,,,,,,,,,,,,,,,,,,,,,,,,,,,,,,,,,,,,122269,2471,1672,7414,,5770,,,,,,,,,,,,,,,,,,,,,,,,,,,,,,,,,,,,,,,,,,,,,,,,,,,,,,,,,,,,,,,,,,,,,,,,,,,,,,,,,,,,,,,,,,,,,135595,131619,118387,1239,812,5932,41,5208,3976,562,3414,3861,1044,839,1367,0,611,115,0,,,,,,,,,,5932,948,2200,1273,137,633,19,722,,,,,
ACSSF,2011e1,co,000,0004,0000066,110740,100921,747,140,4126,0,1632,3174,131,3043,,,,,,,,,,,,,,,,,,,,,,,,,,,,,,,,,,,,,,,,,,,,,,,,,,,,,,,,,,,,,,,,,,,,,,,,103753,933,1121,6118,226,1837,,,,,,,,,,,,,,,,,,,,,,,,,,,,,,,,,,,,,,,,,,,,,,,,,,,,,,,,,,,,,,,,,,,,,,,,,,,,,,,,,,,,,,,,,,,,,110740,107566,100921,747,140,4126,0,1632,3174,131,3043,3100,25,907,1724,0,444,74,0,,,,,,,,,,,,,,,,,,,,,,
ACSSF,2011e1,co,000,0004,0000067,126541,112731,2321,304,3670,0,1832,5683,507,5176,,,,,,,,,,,,,,,,,,,,,,,,,,,,,,,,,,,,,,,,,,,,,,,,,,,,,,,,,,,,,,,,,,,,,,,,118319,3404,2699,5986,,2339,,,,,,,,,,,,,,,,,,,,,,,,,,,,,,,,,,,,,,,,,,,,,,,,,,,,,,,,,,,,,,,,,,,,,,,,,,,,,,,,,,,,,,,,,,,,,,,,,,,,,,,,,,,,,,,,,,,,,,,,,,,,,,,,,,,,,
ACSSF,2011e1,co,000,0004,0000068,115241,93829,2439,678,8668,0,4043,5584,451,5133,,,,,,,,,,,,,,,,,,,,,,,,,,,,,,,,,,,,,,,,,,,,,,,,,,,,,,,,,,,,,,,,,,,,,,,,99332,3068,4624,9428,,4494,,,,,,,,,,,,,,,,,,,,,,,,,,,,,,,,,,,,,,,,,,,,,,,,,,,,,,,,,,,,,,,,,,,,,,,,,,,,,,,,,,,,,,,,,,,,,115241,109657,93829,2439,678,8668,0,4043,5584,451,5133,5463,551,3822,558,0,532,121,0,,,,,,,,,,8668,134,1558,275,476,606,4258,1361,,,,,
ACSSF,2011e1,co,000,0004,0000069,142037,121805,1165,1615,5570,0,7920,3962,1275,2687,,,,,,,,,,,,,,,,,,,,,,,,,,,,,,,,,,,,,,,,,,,,,,,,,,,,,,,,,,,,,,,,,,,,,,,,125652,1598,3054,6440,385,9317,,,,,,,,,,,,,,,,,,,,,,,,,,,,,,,,,,,,,,,,,,,,,,,,,,,,,,,,,,,,,,,,,,,,,,,,,,,,,,,,,,,,,,,,,,,,,142037,138075,121805,1165,1615,5570,0,7920,3962,1275,2687,3515,50,1114,755,0,1596,447,0,,,,,,,,,,5570,0,454,891,815,106,1571,1733,,,,,
ACSSF,2011e1,co,000,0004,0000070,155128,125829,4538,1865,3167,0,13714,6015,1771,4244,,,,,,,,,,,,,,,,,,,,,,,,,,,,,,,,,,,,,,,,,,,,,,,,,,,,,,,,,,,,,,,,,,,,,,,,131027,5532,4076,5066,,15485,,,,,,,,,,,,,,,,,,,,,,,,,,,,,,,,,,,,,,,,,,,,,,,,,,,,,,,,,,,,,,,,,,,,,,,,,,,,,,,,,,,,,,,,,,,,,155128,149113,125829,4538,1865,3167,0,13714,6015,1771,4244,5481,722,1233,764,0,2762,534,0,,,,,,,,,,,,,,,,,,,,,,
ACSSF,2011e1,co,000,0004,0000071,190305,144303,16938,1710,12197,15,3969,11173,4792,6381,,,,,,,,,,,,,,,,,,,,,,,,,,,,,,,,,,,,,,,,,,,,,,,,,,,,,,,,,,,,,,,,,,,,,,,,153373,19783,4442,15078,,9087,,,,,,,,,,,,,,,,,,,,,,,,,,,,,,,,,,,,,,,,,,,,,,,,,,,,,,,,,,,,,,,,,,,,,,,,,,,,,,,,,,,,,,,,,,,,,190305,179132,144303,16938,1710,12197,15,3969,11173,4792,6381,10800,1369,2040,2490,0,4901,373,0,,,,,,,,,,12197,3158,517,1773,441,3831,712,1765,,,,,
ACSSF,2011e1,co,000,0004,0000072,110817,65899,21749,1003,5418,1258,10154,5336,1347,3989,,,,,,,,,,,,,,,,,,,,,,,,,,,,,,,,,,,,,,,,,,,,,,,,,,,,,,,,,,,,,,,,,,,,,,,,70767,23922,1979,6804,1467,11781,,,,,,,,,,,,,,,,,,,,,,,,,,,,,,,,,,,,,,,,,,,,,,,,,,,,,,,,,,,,,,,,,,,,,,,,,,,,,,,,,,,,,,,,,,,,,110817,105481,65899,21749,1003,5418,1258,10154,5336,1347,3989,4769,1442,378,1082,28,1839,567,0,,,,,,,,,,5418,316,627,337,259,1041,196,2642,,,,,
ACSSF,2011e1,co,000,0004,0000073,114961,76275,17812,589,6110,0,8785,5390,1817,3573,,,,,,,,,,,,,,,,,,,,,,,,,,,,,,,,,,,,,,,,,,,,,,,,,,,,,,,,,,,,,,,,,,,,,,,,79964,20600,2094,7099,,10602,,,,,,,,,,,,,,,,,,,,,,,,,,,,,,,,,,,,,,,,,,,,,,,,,,,,,,,,,,,,,,,,,,,,,,,,,,,,,,,,,,,,,,,,,,,,,114961,109571,76275,17812,589,6110,0,8785,5390,1817,3573,5382,1380,679,989,517,1817,8,0,,,,,,,,,,,,,,,,,,,,,,
ACSSF,2011e1,co,000,0004,0000074,117606,105237,3894,567,4390,58,873,2587,283,2304,,,,,,,,,,,,,,,,,,,,,,,,,,,,,,,,,,,,,,,,,,,,,,,,,,,,,,,,,,,,,,,,,,,,,,,,107526,4409,1019,6227,,1156,,,,,,,,,,,,,,,,,,,,,,,,,,,,,,,,,,,,,,,,,,,,,,,,,,,,,,,,,,,,,,,,,,,,,,,,,,,,,,,,,,,,,,,,,,,,,117606,115019,105237,3894,567,4390,58,873,2587,283,2304,2338,313,315,1391,0,319,249,0,,,,,,,,,,4390,1007,1877,183,184,478,0,661,,,,,
ACSSF,2011e1,co,000,0004,0000075,158833,92172,37275,2819,1375,518,19573,5101,1251,3850,,,,,,,,,,,,,,,,,,,,,,,,,,,,,,,,,,,,,,,,,,,,,,,,,,,,,,,,,,,,,,,,,,,,,,,,95887,40506,4469,2288,658,20846,,,,,,,,,,,,,,,,,,,,,,,,,,,,,,,,,,,,,,,,,,,,,,,,,,,,,,,,,,,,,,,,,,,,,,,,,,,,,,,,,,,,,,,,,,,,,158833,153732,92172,37275,2819,1375,518,19573,5101,1251,3850,4430,1309,862,338,299,1622,622,49,,,,,,,,,,,,,,,,,,,,,,
ACSSF,2011e1,co,000,0004,0000076,99207,80910,5365,1439,2770,44,4669,4010,476,3534,,,,,,,,,,,,,,,,,,,,,,,,,,,,,,,,,,,,,,,,,,,,,,,,,,,,,,,,,,,,,,,,,,,,,,,,84627,7249,2836,3316,349,5145,,,,,,,,,,,,,,,,,,,,,,,,,,,,,,,,,,,,,,,,,,,,,,,,,,,,,,,,,,,,,,,,,,,,,,,,,,,,,,,,,,,,,,,,,,,,,99207,95197,80910,5365,1439,2770,44,4669,4010,476,3534,3705,1628,1231,330,40,476,305,0,,,,,,,,,,,,,,,,,,,,,,
ACSSF,2011e1,co,000,0004,0000077,107630,97854,1771,832,2860,59,763,3491,414,3077,,,,,,,,,,,,,,,,,,,,,,,,,,,,,,,,,,,,,,,,,,,,,,,,,,,,,,,,,,,,,,,,,,,,,,,,101345,2654,3136,3385,,1276,,,,,,,,,,,,,,,,,,,,,,,,,,,,,,,,,,,,,,,,,,,,,,,,,,,,,,,,,,,,,,,,,,,,,,,,,,,,,,,,,,,,,,,,,,,,,107630,104139,97854,1771,832,2860,59,763,3491,414,3077,2757,299,1669,375,0,414,683,51,,,,,,,,,,,,,,,,,,,,,,
ACSSF,2011e1,co,000,0004,0000078,152661,115214,17119,1164,8557,212,4809,5586,422,5164,,,,,,,,,,,,,,,,,,,,,,,,,,,,,,,,,,,,,,,,,,,,,,,,,,,,,,,,,,,,,,,,,,,,,,,,120393,19664,2387,10769,,5231,,,,,,,,,,,,,,,,,,,,,,,,,,,,,,,,,,,,,,,,,,,,,,,,,,,,,,,,,,,,,,,,,,,,,,,,,,,,,,,,,,,,,,,,,,,,,152661,147075,115214,17119,1164,8557,212,4809,5586,422,5164,5177,1772,753,1866,215,571,409,0,,,,,,,,,,8557,2360,497,478,1021,1581,662,1958,,,,,
ACSSF,2011e1,co,000,0004,0000079,125853,76115,1920,2110,9122,0,31480,5106,3336,1770,,,,,,,,,,,,,,,,,,,,,,,,,,,,,,,,,,,,,,,,,,,,,,,,,,,,,,,,,,,,,,,,,,,,,,,,80150,2800,3877,9224,,34949,,,,,,,,,,,,,,,,,,,,,,,,,,,,,,,,,,,,,,,,,,,,,,,,,,,,,,,,,,,,,,,,,,,,,,,,,,,,,,,,,,,,,,,,,,,,,125853,120747,76115,1920,2110,9122,0,31480,5106,3336,1770,4689,463,745,53,0,3428,417,0,,,,,,,,,,,,,,,,,,,,,,
ACSSF,2011e1,co,000,0004,0000080,113819,104310,1216,1124,3273,0,1721,2175,20,2155,,,,,,,,,,,,,,,,,,,,,,,,,,,,,,,,,,,,,,,,,,,,,,,,,,,,,,,,,,,,,,,,,,,,,,,,106485,1602,1951,4043,,1790,,,,,,,,,,,,,,,,,,,,,,,,,,,,,,,,,,,,,,,,,,,,,,,,,,,,,,,,,,,,,,,,,,,,,,,,,,,,,,,,,,,,,,,,,,,,,,,,,,,,,,,,,,,,,,,,,,,,,,,,,,,,,,,,,,,,,
ACSSF,2011e1,co,000,0004,0000081,92323,83602,1059,934,1244,35,1453,3996,527,3469,,,,,,,,,,,,,,,,,,,,,,,,,,,,,,,,,,,,,,,,,,,,,,,,,,,,,,,,,,,,,,,,,,,,,,,,87050,3172,1748,2135,,2040,,,,,,,,,,,,,,,,,,,,,,,,,,,,,,,,,,,,,,,,,,,,,,,,,,,,,,,,,,,,,,,,,,,,,,,,,,,,,,,,,,,,,,,,,,,,,92323,88327,83602,1059,934,1244,35,1453,3996,527,3469,3669,1849,442,340,45,993,327,0,,,,,,,,,,,,,,,,,,,,,,
ACSSF,2011e1,co,000,0004,0000082,143281,131099,1842,725,3591,0,2143,3881,812,3069,,,,,,,,,,,,,,,,,,,,,,,,,,,,,,,,,,,,,,,,,,,,,,,,,,,,,,,,,,,,,,,,,,,,,,,,133959,2468,1897,5382,914,2955,,,,,,,,,,,,,,,,,,,,,,,,,,,,,,,,,,,,,,,,,,,,,,,,,,,,,,,,,,,,,,,,,,,,,,,,,,,,,,,,,,,,,,,,,,,,,143281,139400,131099,1842,725,3591,0,2143,3881,812,3069,3630,331,959,695,0,1645,170,81,,,,,,,,,,3591,436,282,573,346,526,784,644,,,,,
ACSSF,2011e1,co,000,0004,0000083,103983,91141,2407,349,1584,0,5109,3393,495,2898,,,,,,,,,,,,,,,,,,,,,,,,,,,,,,,,,,,,,,,,,,,,,,,,,,,,,,,,,,,,,,,,,,,,,,,,94203,3703,1421,2344,258,5604,,,,,,,,,,,,,,,,,,,,,,,,,,,,,,,,,,,,,,,,,,,,,,,,,,,,,,,,,,,,,,,,,,,,,,,,,,,,,,,,,,,,,,,,,,,,,103983,100590,91141,2407,349,1584,0,5109,3393,495,2898,3236,1093,953,482,0,708,157,0,,,,,,,,,,,,,,,,,,,,,,
ACSSF,2011e1,co,000,0004,0000084,148382,133641,1526,263,7035,34,900,4983,558,4425,,,,,,,,,,,,,,,,,,,,,,,,,,,,,,,,,,,,,,,,,,,,,,,,,,,,,,,,,,,,,,,,,,,,,,,,138411,2804,1117,8154,,1458,,,,,,,,,,,,,,,,,,,,,,,,,,,,,,,,,,,,,,,,,,,,,,,,,,,,,,,,,,,,,,,,,,,,,,,,,,,,,,,,,,,,,,,,,,,,,148382,143399,133641,1526,263,7035,34,900,4983,558,4425,4933,1278,804,856,0,1995,50,0,,,,,,,,,,7035,2484,1897,200,232,1523,148,551,,,,,
ACSSF,2011e1,co,000,0004,0000085,180894,166839,1977,930,4910,75,1537,4626,332,4294,,,,,,,,,,,,,,,,,,,,,,,,,,,,,,,,,,,,,,,,,,,,,,,,,,,,,,,,,,,,,,,,,,,,,,,,171465,3671,2518,6965,,1869,,,,,,,,,,,,,,,,,,,,,,,,,,,,,,,,,,,,,,,,,,,,,,,,,,,,,,,,,,,,,,,,,,,,,,,,,,,,,,,,,,,,,,,,,,,,,180894,176268,166839,1977,930,4910,75,1537,4626,332,4294,3583,827,949,1475,0,332,1043,0,,,,,,,,,,4910,1296,772,1206,210,712,252,462,,,,,
ACSSF,2011e1,co,000,0004,0000086,159997,139124,6558,259,4943,462,361,8290,676,7614,,,,,,,,,,,,,,,,,,,,,,,,,,,,,,,,,,,,,,,,,,,,,,,,,,,,,,,,,,,,,,,,,,,,,,,,146783,9683,3310,7850,1213,1037,,,,,,,,,,,,,,,,,,,,,,,,,,,,,,,,,,,,,,,,,,,,,,,,,,,,,,,,,,,,,,,,,,,,,,,,,,,,,,,,,,,,,,,,,,,,,159997,151707,139124,6558,259,4943,462,361,8290,676,7614,6701,1656,1644,2094,150,1157,1589,0,,,,,,,,,,4943,0,231,1509,46,1249,1295,613,,,,,
ACSSF,2011e1,co,000,0004,0000087,98581,83612,4328,501,1862,707,3807,3764,633,3131,,,,,,,,,,,,,,,,,,,,,,,,,,,,,,,,,,,,,,,,,,,,,,,,,,,,,,,,,,,,,,,,,,,,,,,,87297,5107,1940,2854,,4489,,,,,,,,,,,,,,,,,,,,,,,,,,,,,,,,,,,,,,,,,,,,,,,,,,,,,,,,,,,,,,,,,,,,,,,,,,,,,,,,,,,,,,,,,,,,,98581,94817,83612,4328,501,1862,707,3807,3764,633,3131,3715,779,1417,886,0,633,49,0,,,,,,,,,,,,,,,,,,,,,,
ACSSF,2011e1,co,000,0004,0000088,103881,86675,4692,879,2026,444,5587,3578,795,2783,,,,,,,,,,,,,,,,,,,,,,,,,,,,,,,,,,,,,,,,,,,,,,,,,,,,,,,,,,,,,,,,,,,,,,,,89884,5577,2152,2870,,6433,,,,,,,,,,,,,,,,,,,,,,,,,,,,,,,,,,,,,,,,,,,,,,,,,,,,,,,,,,,,,,,,,,,,,,,,,,,,,,,,,,,,,,,,,,,,,103881,100303,86675,4692,879,2026,444,5587,3578,795,2783,3519,676,1075,716,150,902,59,0,,,,,,,,,,2026,206,32,345,397,454,360,232,,,,,
ACSSF,2011e1,co,000,0004,0000089,165736,141807,6848,234,5659,487,3191,7510,426,7084,,,,,,,,,,,,,,,,,,,,,,,,,,,,,,,,,,,,,,,,,,,,,,,,,,,,,,,,,,,,,,,,,,,,,,,,147378,10702,3097,9038,1287,3617,,,,,,,,,,,,,,,,,,,,,,,,,,,,,,,,,,,,,,,,,,,,,,,,,,,,,,,,,,,,,,,,,,,,,,,,,,,,,,,,,,,,,,,,,,,,,165736,158226,141807,6848,234,5659,487,3191,7510,426,7084,5798,1336,646,2256,866,694,1551,161,,,,,,,,,,5659,1233,1527,1141,126,1303,35,294,,,,,
ACSSF,2011e1,co,000,0004,0000090,108768,70259,15523,1677,3029,695,9951,7634,1117,6517,,,,,,,,,,,,,,,,,,,,,,,,,,,,,,,,,,,,,,,,,,,,,,,,,,,,,,,,,,,,,,,,,,,,,,,,76481,19143,4263,5277,1159,11445,,,,,,,,,,,,,,,,,,,,,,,,,,,,,,,,,,,,,,,,,,,,,,,,,,,,,,,,,,,,,,,,,,,,,,,,,,,,,,,,,,,,,,,,,,,,,108768,101134,70259,15523,1677,3029,695,9951,7634,1117,6517,6268,1608,1477,1232,327,1624,1366,0,,,,,,,,,,3029,0,395,634,463,707,382,448,,,,,
ACSSF,2011e1,co,000,0004,0000091,110000,98423,3425,1659,752,0,3567,2174,310,1864,,,,,,,,,,,,,,,,,,,,,,,,,,,,,,,,,,,,,,,,,,,,,,,,,,,,,,,,,,,,,,,,,,,,,,,,100448,3806,2832,1338,,3877,,,,,,,,,,,,,,,,,,,,,,,,,,,,,,,,,,,,,,,,,,,,,,,,,,,,,,,,,,,,,,,,,,,,,,,,,,,,,,,,,,,,,,,,,,,,,110000,107826,98423,3425,1659,752,0,3567,2174,310,1864,1898,163,897,379,0,459,276,0,,,,,,,,,,,,,,,,,,,,,,
ACSSF,2011e1,co,000,0004,0000092,100919,89579,2830,126,4356,707,368,2953,215,2738,,,,,,,,,,,,,,,,,,,,,,,,,,,,,,,,,,,,,,,,,,,,,,,,,,,,,,,,,,,,,,,,,,,,,,,,92532,3179,1081,5999,1144,583,,,,,,,,,,,,,,,,,,,,,,,,,,,,,,,,,,,,,,,,,,,,,,,,,,,,,,,,,,,,,,,,,,,,,,,,,,,,,,,,,,,,,,,,,,,,,,,,,,,,,,,,,,,,,,,,,,,,,,,,,4356,1684,652,418,81,1353,37,131,,,,,
ACSSF,2011e1,co,000,0004,0000093,215096,130065,41229,2370,10238,1258,19070,10866,4505,6361,,,,,,,,,,,,,,,,,,,,,,,,,,,,,,,,,,,,,,,,,,,,,,,,,,,,,,,,,,,,,,,,,,,,,,,,138617,45374,4729,12495,1467,23703,,,,,,,,,,,,,,,,,,,,,,,,,,,,,,,,,,,,,,,,,,,,,,,,,,,,,,,,,,,,,,,,,,,,,,,,,,,,,,,,,,,,,,,,,,,,,215096,204230,130065,41229,2370,10238,1258,19070,10866,4505,6361,10443,2158,935,1808,545,4997,423,0,,,,,,,,,,10238,1323,639,582,391,1253,355,5695,,,,,
ACSSF,2011e1,co,000,0004,0000094,215730,195131,2021,332,7496,41,2789,7920,882,7038,,,,,,,,,,,,,,,,,,,,,,,,,,,,,,,,,,,,,,,,,,,,,,,,,,,,,,,,,,,,,,,,,,,,,,,,202593,3935,2721,10747,359,3745,,,,,,,,,,,,,,,,,,,,,,,,,,,,,,,,,,,,,,,,,,,,,,,,,,,,,,,,,,,,,,,,,,,,,,,,,,,,,,,,,,,,,,,,,,,,,215730,207810,195131,2021,332,7496,41,2789,7920,882,7038,7470,1347,2294,2585,0,1244,450,0,,,,,,,,,,7496,1712,2237,439,217,1328,303,1260,,,,,
ACSSF,2011e1,co,000,0004,0000095,76540,63894,3821,731,1380,0,2913,3801,1029,2772,,,,,,,,,,,,,,,,,,,,,,,,,,,,,,,,,,,,,,,,,,,,,,,,,,,,,,,,,,,,,,,,,,,,,,,,67195,4428,2268,2759,,3942,,,,,,,,,,,,,,,,,,,,,,,,,,,,,,,,,,,,,,,,,,,,,,,,,,,,,,,,,,,,,,,,,,,,,,,,,,,,,,,,,,,,,,,,,,,,,76540,72739,63894,3821,731,1380,0,2913,3801,1029,2772,3059,281,351,407,0,2020,742,0,,,,,,,,,,,,,,,,,,,,,,
ACSSF,2011e1,co,000,0004,0000096,271252,211864,20846,1313,18437,68,4482,14242,3656,10586,,,,,,,,,,,,,,,,,,,,,,,,,,,,,,,,,,,,,,,,,,,,,,,,,,,,,,,,,,,,,,,,,,,,,,,,223886,25667,4377,23534,,8616,,,,,,,,,,,,,,,,,,,,,,,,,,,,,,,,,,,,,,,,,,,,,,,,,,,,,,,,,,,,,,,,,,,,,,,,,,,,,,,,,,,,,,,,,,,,,271252,257010,211864,20846,1313,18437,68,4482,14242,3656,10586,13515,2991,2271,4488,0,3765,727,0,,,,,,,,,,18437,4376,3625,1597,728,5131,990,1990,,,,,
ACSSF,2011e1,co,000,0004,0000097,227849,185544,12711,1697,4193,972,13790,8942,1724,7218,,,,,,,,,,,,,,,,,,,,,,,,,,,,,,,,,,,,,,,,,,,,,,,,,,,,,,,,,,,,,,,,,,,,,,,,192919,15858,5045,6631,1649,15661,,,,,,,,,,,,,,,,,,,,,,,,,,,,,,,,,,,,,,,,,,,,,,,,,,,,,,,,,,,,,,,,,,,,,,,,,,,,,,,,,,,,,,,,,,,,,227849,218907,185544,12711,1697,4193,972,13790,8942,1724,7218,7970,1966,2344,1571,150,1939,972,0,,,,,,,,,,4193,286,443,724,442,847,602,849,,,,,
ACSSF,2011e1,co,000,0004,0000098,619968,445187,59801,8364,23046,765,60844,21961,5899,16062,,,,,,,,,,,,,,,,,,,,,,,,,,,,,,,,,,,,,,,,,,,,,,,,,,,,,,,,,,,,,,,,,,,,,,,,463991,68560,16705,26675,1637,66997,,,,,,,,,,,,,,,,,,,,,,,,,,,,,,,,,,,,,,,,,,,,,,,,,,,,,,,,,,,,,,,,,,,,,,,,,,,,,,,,,,,,,,,,,,,,,619968,598007,445187,59801,8364,23046,765,60844,21961,5899,16062,19425,4807,5260,2293,554,6511,2436,100,8364,5528,597,287,369,1393,2882,0,2836,23046,2482,3535,1174,1427,2171,9107,3150,,,,,
ACSSF,2011e1,co,000,0004,0000099,294043,268473,3302,1111,11185,75,1843,8054,604,7450,,,,,,,,,,,,,,,,,,,,,,,,,,,,,,,,,,,,,,,,,,,,,,,,,,,,,,,,,,,,,,,,,,,,,,,,276314,5801,3148,13918,,2447,,,,,,,,,,,,,,,,,,,,,,,,,,,,,,,,,,,,,,,,,,,,,,,,,,,,,,,,,,,,,,,,,,,,,,,,,,,,,,,,,,,,,,,,,,,,,294043,285989,268473,3302,1111,11185,75,1843,8054,604,7450,7011,1632,1398,1940,0,2041,1043,0,,,,,,,,,,11185,3293,2540,1406,494,2039,400,1013,,,,,
ACSSF,2011e1,co,000,0004,0000100,81868,71219,2260,0,2639,0,495,5255,190,5065,,,,,,,,,,,,,,,,,,,,,,,,,,,,,,,,,,,,,,,,,,,,,,,,,,,,,,,,,,,,,,,,,,,,,,,,75448,4741,1833,4973,,685,,,,,,,,,,,,,,,,,,,,,,,,,,,,,,,,,,,,,,,,,,,,,,,,,,,,,,,,,,,,,,,,,,,,,,,,,,,,,,,,,,,,,,,,,,,,,,,,,,,,,,,,,,,,,,,,,,,,,,,,,,,,,,,,,,,,,
ACSSF,2011e1,co,000,0004,0000101,185062,168889,1677,637,3229,114,4787,5729,1409,4320,,,,,,,,,,,,,,,,,,,,,,,,,,,,,,,,,,,,,,,,,,,,,,,,,,,,,,,,,,,,,,,,,,,,,,,,173560,2824,3222,4849,510,6297,,,,,,,,,,,,,,,,,,,,,,,,,,,,,,,,,,,,,,,,,,,,,,,,,,,,,,,,,,,,,,,,,,,,,,,,,,,,,,,,,,,,,,,,,,,,,185062,179333,168889,1677,637,3229,114,4787,5729,1409,4320,5382,455,1582,1094,560,1691,223,124,,,,,,,,,,3229,339,904,307,232,496,674,277,,,,,
ACSSF,2011e1,co,000,0004,0000102,144424,129308,1023,1268,1030,59,6776,4960,1587,3373,,,,,,,,,,,,,,,,,,,,,,,,,,,,,,,,,,,,,,,,,,,,,,,,,,,,,,,,,,,,,,,,,,,,,,,,133278,2241,3152,2135,,8688,,,,,,,,,,,,,,,,,,,,,,,,,,,,,,,,,,,,,,,,,,,,,,,,,,,,,,,,,,,,,,,,,,,,,,,,,,,,,,,,,,,,,,,,,,,,,144424,139464,129308,1023,1268,1030,59,6776,4960,1587,3373,4318,536,1131,651,219,1781,642,0,,,,,,,,,,,,,,,,,,,,,,
ACSSF,2011e1,co,000,0004,0000103,118223,107038,1028,1649,996,50,4927,2535,480,2055,,,,,,,,,,,,,,,,,,,,,,,,,,,,,,,,,,,,,,,,,,,,,,,,,,,,,,,,,,,,,,,,,,,,,,,,109406,1740,2573,1525,206,5407,,,,,,,,,,,,,,,,,,,,,,,,,,,,,,,,,,,,,,,,,,,,,,,,,,,,,,,,,,,,,,,,,,,,,,,,,,,,,,,,,,,,,,,,,,,,,118223,115688,107038,1028,1649,996,50,4927,2535,480,2055,2436,645,880,307,0,604,99,0,,,,,,,,,,,,,,,,,,,,,,
ACSSF,2011e1,co,000,0004,0000104,75944,48278,12009,695,2240,557,7126,5039,611,4428,,,,,,,,,,,,,,,,,,,,,,,,,,,,,,,,,,,,,,,,,,,,,,,,,,,,,,,,,,,,,,,,,,,,,,,,52478,14108,2991,3761,698,8067,,,,,,,,,,,,,,,,,,,,,,,,,,,,,,,,,,,,,,,,,,,,,,,,,,,,,,,,,,,,,,,,,,,,,,,,,,,,,,,,,,,,,,,,,,,,,75944,70905,48278,12009,695,2240,557,7126,5039,611,4428,3919,521,1221,710,365,1102,1120,0,,,,,,,,,,,,,,,,,,,,,,
ACSSF,2011e1,co,000,0004,0000105,542623,496369,5421,3342,13145,243,7782,16321,1754,14567,,,,,,,,,,,,,,,,,,,,,,,,,,,,,,,,,,,,,,,,,,,,,,,,,,,,,,,,,,,,,,,,,,,,,,,,510831,9685,9498,18532,1977,9645,,,,,,,,,,,,,,,,,,,,,,,,,,,,,,,,,,,,,,,,,,,,,,,,,,,,,,,,,,,,,,,,,,,,,,,,,,,,,,,,,,,,,,,,,,,,,542623,526302,496369,5421,3342,13145,243,7782,16321,1754,14567,15259,3481,5034,3138,217,3389,981,81,,,,,,,,,,13145,1841,1499,1303,1409,1694,4152,1247,,,,,
ACSSF,2011e1,co,000,0004,0000106,97565,90224,2198,101,1783,58,1574,1627,342,1285,,,,,,,,,,,,,,,,,,,,,,,,,,,,,,,,,,,,,,,,,,,,,,,,,,,,,,,,,,,,,,,,,,,,,,,,91740,2353,769,2308,177,1916,,,,,,,,,,,,,,,,,,,,,,,,,,,,,,,,,,,,,,,,,,,,,,,,,,,,,,,,,,,,,,,,,,,,,,,,,,,,,,,,,,,,,,,,,,,,,97565,95938,90224,2198,101,1783,58,1574,1627,342,1285,1556,155,584,391,0,426,71,0,,,,,,,,,,,,,,,,,,,,,,
ACSSF,2011e1,co,000,0004,0000107,153022,134283,1323,853,6884,0,6544,3135,318,2817,,,,,,,,,,,,,,,,,,,,,,,,,,,,,,,,,,,,,,,,,,,,,,,,,,,,,,,,,,,,,,,,,,,,,,,,137348,1654,1594,8720,,6862,,,,,,,,,,,,,,,,,,,,,,,,,,,,,,,,,,,,,,,,,,,,,,,,,,,,,,,,,,,,,,,,,,,,,,,,,,,,,,,,,,,,,,,,,,,,,153022,149887,134283,1323,853,6884,0,6544,3135,318,2817,3083,209,741,1714,0,419,52,0,,,,,,,,,,,,,,,,,,,,,,
ACSSF,2011e1,co,000,0004,0000108,109442,96458,577,1691,3903,0,4329,2484,1208,1276,,,,,,,,,,,,,,,,,,,,,,,,,,,,,,,,,,,,,,,,,,,,,,,,,,,,,,,,,,,,,,,,,,,,,,,,98685,1563,2238,3903,,5537,,,,,,,,,,,,,,,,,,,,,,,,,,,,,,,,,,,,,,,,,,,,,,,,,,,,,,,,,,,,,,,,,,,,,,,,,,,,,,,,,,,,,,,,,,,,,109442,106958,96458,577,1691,3903,0,4329,2484,1208,1276,2484,817,290,0,169,1208,0,0,,,,,,,,,,,,,,,,,,,,,,
ACSSF,2011e1,co,000,0004,0000109,110001,87762,2316,3885,951,82,10586,4419,1992,2427,,,,,,,,,,,,,,,,,,,,,,,,,,,,,,,,,,,,,,,,,,,,,,,,,,,,,,,,,,,,,,,,,,,,,,,,91660,3145,5599,1444,,12825,,,,,,,,,,,,,,,,,,,,,,,,,,,,,,,,,,,,,,,,,,,,,,,,,,,,,,,,,,,,,,,,,,,,,,,,,,,,,,,,,,,,,,,,,,,,,110001,105582,87762,2316,3885,951,82,10586,4419,1992,2427,4084,501,1264,180,147,1992,335,0,,,,,,,,,,,,,,,,,,,,,,
ACSSF,2011e1,co,000,0004,0000110,210736,175943,3307,1978,11596,0,9255,8657,1324,7333,,,,,,,,,,,,,,,,,,,,,,,,,,,,,,,,,,,,,,,,,,,,,,,,,,,,,,,,,,,,,,,,,,,,,,,,184249,4542,6597,13583,,10701,,,,,,,,,,,,,,,,,,,,,,,,,,,,,,,,,,,,,,,,,,,,,,,,,,,,,,,,,,,,,,,,,,,,,,,,,,,,,,,,,,,,,,,,,,,,,210736,202079,175943,3307,1978,11596,0,9255,8657,1324,7333,8165,734,4302,1583,0,1546,492,0,,,,,,,,,,11596,625,1956,837,822,1065,3727,2564,,,,,
ACSSF,2011e1,co,000,0004,0000111,71819,60167,944,291,3434,0,5237,1746,337,1409,,,,,,,,,,,,,,,,,,,,,,,,,,,,,,,,,,,,,,,,,,,,,,,,,,,,,,,,,,,,,,,,,,,,,,,,61832,1161,1151,3900,,5574,,,,,,,,,,,,,,,,,,,,,,,,,,,,,,,,,,,,,,,,,,,,,,,,,,,,,,,,,,,,,,,,,,,,,,,,,,,,,,,,,,,,,,,,,,,,,71819,70073,60167,944,291,3434,0,5237,1746,337,1409,1693,139,751,385,0,418,53,0,,,,,,,,,,,,,,,,,,,,,,
