ACSSF,2011m1,co,000,0170,0000001,3075,16353,10386,10393,3451,10130,2268,2159,1258,11537,11371,2832,11388,1786,1752,763,15254,10271,10419,4058,10640,2670,2725,834,9920,9813,4327,10185,2318,2379,705,11719,8377,7558,5389,6055,3573,3379,878,8334,7844,4882,7450,3316,3322,1044,2530,21678,18545,11608,14806,11029,29009,23577,20972,13091,13585,30603,27200,25522,9796,10801,24934,22628,21586,7719,6619,32521,31128,30025,7276,5848,3075,16353,15905,4590,15165,3113,2911,1338,15254,15556,6145,15662,3680,3814,1249,11719,10969,7331,9736,5485,5213,1409
ACSSF,2011m1,co,000,0170,0000002,15040,15990,11042,10933,2851,10292,2160,1915,1104,9890,9921,2437,9653,1846,1719,750,13924,9715,9635,3757,10021,2238,2259,731,9768,9796,3875,9413,1965,2003,583,10706,7854,6959,4944,5246,3469,3451,726,6988,6535,4818,5751,3761,3776,866,21719,22147,18970,9971,15597,10093,25726,20430,17877,13070,12597,27154,23030,20969,9124,9871,19868,17471,15802,7355,6461,27190,25209,24693,5967,5568,15040,15990,15881,3930,15038,3164,2812,1236,13924,13908,5340,14177,3014,3085,1071,10706,9788,7498,8264,5770,5744,1070
ACSSF,2011m1,co,000,0170,0000003,14474,12137,7656,7646,1732,7715,1129,1071,542,7147,7099,1367,6899,848,845,250,9955,6072,5901,1345,5761,1471,1490,267,6582,6455,1648,6149,1410,1366,414,6949,4337,3638,1915,3288,2397,2301,417,5293,5043,2483,4458,2448,2289,881,21173,7896,6101,4809,5498,4210,12532,11817,10509,7849,6428,15690,12877,12048,5294,5801,11926,11335,11304,2826,2777,22516,21268,21022,5169,3170,14474,12137,11983,2105,11802,1538,1436,575,9955,9873,2278,9453,2262,2215,496,6949,6441,3460,5584,3891,3598,1055
ACSSF,2011m1,co,000,0170,0000004,4799,16261,10450,10342,3384,10105,2248,2063,1250,11300,10985,2795,11147,1799,1780,724,14453,9670,9662,3839,10000,2524,2579,815,9869,9682,4058,9859,2278,2336,706,11100,8352,7448,5428,5495,3509,3283,858,8181,7477,4836,7392,3208,3289,946,6249,22465,18902,11013,14977,11193,28677,22659,19938,12881,14069,29359,26536,24901,9033,10523,23695,22053,20901,7676,6075,31814,30785,29928,7218,5329,4799,16261,15563,4372,15171,3235,3012,1345,14453,14504,5706,14690,3478,3677,1229,11100,10007,7428,9088,5220,5068,1285
ACSSF,2011m1,co,000,0170,0000005,4588,15151,9704,9701,3290,9313,2227,1946,1222,10895,10605,2755,10811,1801,1810,715,13841,9174,9305,3796,9743,2283,2304,809,9802,9662,4118,9655,2351,2407,702,11336,8177,7387,5234,5336,3305,3133,836,8207,7627,4752,7499,3159,3174,955,5920,22165,18762,11130,14777,10430,28800,22519,19096,13039,12603,27974,25506,24120,9194,10029,23503,21800,20625,7504,5992,29008,27997,27303,6742,5256,4588,15151,14599,4243,14281,3167,2900,1319,13841,13941,5809,14207,3238,3439,1221,11336,10325,7193,9173,5011,4847,1255
ACSSF,2011m1,co,000,0170,0000006,8045,10499,6721,6785,2118,6359,1495,1279,727,7585,7497,2136,7595,1441,1433,274,10840,6850,6697,2945,7211,1756,1713,580,7005,6625,3148,6669,1522,1533,463,9050,5728,4981,4010,3149,2763,2683,397,6490,6068,3399,5113,2694,2660,646,4302,14548,12397,7782,10729,7126,18312,14856,13184,11256,9688,17698,15687,14614,5905,7405,18015,16290,14072,6006,4710,17208,16423,16225,4758,3587,8045,10499,10282,3010,9751,2333,2196,758,10840,10472,4258,11058,2361,2362,834,9050,8310,5826,6215,4551,4419,796
ACSSF,2011m1,co,000,0170,0000007,7910,10864,8021,8043,2537,7769,1493,1417,861,7288,7064,1868,7015,1258,1223,650,10387,7080,6839,2169,6485,1743,1629,574,7082,6884,2609,6649,2035,2020,484,8321,5323,4995,3321,3961,2652,2476,737,6378,5845,3263,5284,3072,3148,704,5153,14593,12639,7616,9504,7437,20209,15992,12005,10126,8897,20786,18056,17090,7540,7743,14689,14039,13553,4535,4113,24438,23469,22682,5230,4796,7910,10864,10494,2917,10700,2035,1775,1008,10387,9895,3698,9105,2694,2688,818,8321,7302,4859,6263,4673,4590,1029
ACSSF,2011m1,co,000,0170,0000008,2892,4445,3439,3365,560,3361,561,564,123,2941,2952,515,2776,440,425,122,3613,3110,3047,735,3041,829,846,113,2336,2266,949,2112,634,629,99,3262,2278,1912,934,1798,1023,1014,75,2388,2058,837,1968,1049,1055,302,3554,5658,4554,2822,3711,3691,7729,5231,4857,2699,4492,5763,5241,4661,1893,2864,4672,4588,4242,1654,1310,7984,7875,7503,2150,1196,2892,4445,4397,776,4251,754,747,197,3613,3639,1241,3666,1025,1031,142,3262,2629,1389,2469,1663,1621,303
ACSSF,2011m1,co,000,0170,0000009,5277,3865,3027,3021,303,3045,356,345,59,1977,1963,471,1757,225,211,94,2339,1636,1666,570,1627,470,483,105,1758,1663,820,1687,404,404,201,2389,1370,1273,540,1135,682,682,201,1767,1452,441,1335,929,926,34,7365,4648,3485,1744,2889,3006,4212,3486,3359,1492,2533,3577,2797,2737,833,1992,3117,2829,2702,862,683,4577,4345,4177,924,465,5277,3865,3854,583,3741,412,397,113,2339,2336,1003,2278,625,641,105,2389,2024,829,1801,1247,1245,34
ACSSF,2011m1,co,000,0170,0000010,5517,4747,3104,2989,422,2893,475,470,107,2699,2712,231,2676,372,370,83,3190,2517,2375,514,2387,660,670,33,2222,2147,468,2039,487,464,99,3002,1704,1384,825,1411,1016,1011,75,2201,1787,757,1772,1027,987,299,7872,3954,2997,2258,2291,2509,6331,3788,3714,2134,4124,5269,4499,3898,1822,2188,3183,3169,2890,1497,1191,7810,7658,7270,2052,1160,5517,4747,4672,516,4538,659,649,138,3190,3003,691,2905,810,789,104,3002,2242,1236,2260,1695,1640,299
ACSSF,2011m1,co,000,0170,0000011,3799,4123,3152,3031,755,3098,744,693,229,2429,2388,561,2360,543,500,234,4670,3074,2968,1165,2905,862,841,92,2898,2879,1246,2742,747,713,103,3790,2264,2082,1256,1649,1173,1180,85,2568,2357,1254,1977,1125,1262,678,5393,6790,5283,2926,3791,2815,6672,6039,4989,2999,3813,6272,5474,5017,2460,2374,5189,4809,4767,1445,1410,6057,5342,5218,1806,1705,3799,4123,4052,1007,4225,915,854,308,4670,4696,1878,4439,1255,1214,142,3790,3395,1786,2583,1589,1745,687
ACSSF,2011m1,co,000,0170,0000012,4003,5335,3842,3803,890,4051,947,918,256,3711,3781,802,3532,716,690,254,5747,4412,4239,1393,4110,1250,1239,145,3577,3506,1500,3501,1017,986,140,5014,3277,2694,1435,2526,1461,1455,118,3437,3248,1338,2762,1381,1431,724,5248,8503,6379,3969,4846,4658,10107,7871,7131,3806,5683,8421,7640,7139,3120,3643,6196,5879,5796,2076,1789,10893,10207,9685,3045,1958,4003,5335,5494,1335,5537,1208,1163,354,5747,5784,2148,5730,1684,1638,200,5014,4505,1834,3797,1972,2078,733
ACSSF,2011m1,co,000,0170,0000013,1541,4605,3105,3145,1099,3094,558,531,127,3056,3039,941,2955,644,451,397,4445,3022,2896,1486,2494,511,520,86,2764,2712,1559,2392,528,518,84,3747,2556,2452,1854,2108,792,915,449,2931,2933,2295,2534,818,962,540,1555,9399,7578,3318,6431,4752,9977,8038,6041,6424,5318,10572,8730,7772,4239,4673,7182,6272,5929,2291,2523,10711,10010,9512,2431,2384,1541,4605,4712,1301,4736,843,691,399,4445,4281,2216,3904,816,815,121,3747,3611,3304,3003,1294,1410,697
ACSSF,2011m1,co,000,0170,0000014,1472,6202,3947,3718,1070,3857,883,814,384,4567,4387,943,4492,573,548,196,5587,3508,3374,1148,3246,793,770,271,4127,3853,1512,3551,1062,1083,404,4232,2495,2041,1284,1898,1222,1210,402,3252,3184,1682,2892,1188,1227,407,1464,7722,5711,4284,4967,3687,10242,7910,6533,5021,5466,8936,7828,7356,3820,4510,8701,7483,6654,2793,3168,10256,10093,9867,3616,2152,1472,6202,5776,1387,6003,1139,1056,438,5587,5119,2024,4684,1372,1348,576,4232,3699,2194,3522,1773,1790,619
ACSSF,2011m1,co,000,0170,0000015,1040,3565,2609,2449,534,2407,645,532,346,2360,2339,570,2315,457,454,138,3534,2324,2308,755,2361,466,465,42,2720,2646,345,2659,652,629,150,3355,1987,1874,1138,1608,709,678,216,2501,2322,1008,2080,851,877,168,1388,4790,3982,2992,3154,2549,6219,4814,4254,2134,3047,4649,4158,4295,1472,1842,5251,4844,4734,1054,1199,7231,6953,6842,1861,1410,1040,3565,3426,774,3361,767,672,361,3534,3392,873,3492,799,765,158,3355,3253,1584,2927,1114,1149,268
ACSSF,2011m1,co,000,0170,0000016,1216,5997,4036,3969,1535,3687,1055,908,472,4385,4374,1554,4120,942,905,193,5645,3936,3762,1631,4116,1086,1029,450,4053,3999,2159,3692,722,710,190,4828,2848,2511,2511,1872,1512,1510,56,3290,3097,2051,2749,1133,1251,564,2020,8266,6891,3343,6230,4507,11353,8553,7413,7432,5868,8535,7463,6510,3424,2486,10198,9451,7564,4710,2419,9139,8438,8263,2305,2247,1216,5997,5830,2436,5337,1647,1531,537,5645,5483,2726,5315,1187,1209,486,4828,4480,3511,3685,2165,2256,567
ACSSF,2011m1,co,000,0170,0000017,760,3564,2503,2471,535,2444,548,486,274,2873,2884,230,2870,242,220,100,3634,2563,2431,499,2484,673,668,136,2745,2619,713,2680,779,781,65,2951,1531,1137,359,1065,872,866,143,2277,2031,610,1964,801,799,99,768,3663,3554,2996,1520,1388,5797,4662,4148,1649,2726,6539,5787,5894,1741,2337,6616,6544,6439,1152,668,8051,7599,7389,2474,2030,760,3564,3497,611,3499,594,521,284,3634,3373,952,3578,1174,1173,154,2951,2328,681,2274,1375,1371,207
ACSSF,2011m1,co,000,0170,0000018,2238,5265,3605,3319,1500,3517,885,694,569,4136,4062,864,3931,647,644,137,5008,3208,3247,1327,3171,875,745,524,3775,3600,1439,3738,889,893,116,4289,2680,2608,1913,1983,1135,1130,300,3374,3214,1922,3035,1060,1031,234,2578,8981,7757,5185,6089,4237,9829,7631,6011,4859,4649,10478,8483,8408,3745,4744,8751,8510,8656,1953,2182,10218,9736,9777,3309,1857,2238,5265,5065,1754,5099,1156,1054,592,5008,4728,2129,4690,1345,1310,537,4289,4238,2833,3575,1643,1609,411
ACSSF,2011m1,co,000,0170,0000019,1649,4426,3225,3119,850,3179,727,681,374,3319,3248,757,3136,565,539,232,3793,2834,2651,944,2434,788,792,59,2858,2630,1156,2682,726,722,299,3676,2149,2097,1171,1891,967,985,196,2899,2663,1380,2350,989,1045,285,1690,6739,5353,2924,4736,2904,6778,5539,4621,3598,3631,8596,7578,7030,3261,3016,7018,6995,6640,1841,2199,8150,8087,8059,1578,1973,1649,4426,4270,1166,4359,965,865,427,3793,3558,1641,3515,1072,1077,308,3676,3510,1942,2908,1402,1474,374
ACSSF,2011m1,co,000,0170,0000020,1302,3632,2514,2409,711,2470,687,662,329,2726,2762,598,2726,585,447,436,3902,2630,2476,1003,2565,627,627,201,3114,3079,1187,3028,788,754,131,3489,2137,1931,976,1819,917,929,60,2671,2431,1414,2099,923,921,338,1808,6701,6167,3657,4533,2201,6292,5981,5432,3240,2078,7922,7275,6954,2215,2893,6141,5835,5653,1651,1162,6697,6682,6904,1474,1572,1302,3632,3685,1041,3641,971,720,522,3902,3661,1740,3783,1057,1034,131,3489,3115,1627,2756,1332,1415,361
ACSSF,2011m1,co,000,0170,0000021,736,2491,1706,1618,625,1777,523,523,201,1842,1849,552,1893,211,206,50,2512,1620,1602,871,1503,435,444,120,2020,1952,1084,1845,561,466,255,2208,1586,1479,975,1143,716,714,83,1505,1465,1024,1179,570,574,21,1229,3459,2972,1716,3009,1605,5142,4796,4513,2621,1747,4414,3032,2894,1748,3072,3979,3527,3054,1709,1162,4785,4517,4275,1468,1120,736,2491,2369,848,2489,580,562,50,2512,2475,1396,2191,725,673,277,2208,2096,1579,1644,968,965,84
ACSSF,2011m1,co,000,0170,0000022,1801,2953,1992,1994,671,2018,384,290,249,1938,1917,459,1955,249,223,65,2445,1599,1482,763,1470,500,500,201,1611,1618,960,1447,535,532,108,2587,1445,1404,1205,1008,612,612,201,1692,1569,1071,1112,683,708,159,1863,3480,3392,1754,3018,1436,3999,3683,2791,3178,1484,4698,4554,3991,2220,1104,3507,3428,3329,1212,581,3380,3302,3312,808,516,1801,2953,2917,861,3020,414,331,252,2445,2342,1336,2161,776,754,108,2587,2467,1868,1634,1009,1020,159
ACSSF,2011m1,co,000,0170,0000023,2083,4082,2391,2422,933,2486,364,288,295,2621,2684,1032,2667,637,645,121,3812,2272,2194,791,2109,513,513,201,2569,2541,955,2540,404,384,75,3440,2111,1885,1331,1401,656,686,261,2696,2498,1308,2166,842,855,143,2621,6190,4907,2070,4569,2393,8853,7821,6232,5924,2715,8747,7308,7231,2179,2814,5446,4996,4816,1384,1480,9042,8724,8480,1661,1931,2083,4082,4107,1436,4269,765,726,328,3812,3735,1191,3622,668,646,75,3440,3084,1891,2657,1160,1177,278
ACSSF,2011m1,co,000,0170,0000024,2281,2214,1727,1733,301,1739,253,227,100,1695,1732,509,1769,320,287,103,2108,1364,1355,258,1306,357,357,201,1386,1344,573,1372,335,332,41,1999,1244,846,647,618,870,861,92,1414,1202,576,1057,920,911,111,1089,2689,2500,890,2352,662,3380,2898,2644,1656,1631,3713,3243,2859,1255,1058,3920,3509,3242,880,1024,3477,3540,3534,864,610,2281,2214,2223,638,2257,424,344,180,2108,2008,644,2034,506,506,41,1999,1473,822,1265,1490,1467,196
ACSSF,2011m1,co,000,0170,0000025,3681,5554,3891,3845,637,3760,520,502,191,4018,3996,807,3980,350,342,69,4748,2939,2795,1243,2745,656,603,267,3560,3359,1213,3078,681,626,389,3634,2110,1822,1132,1385,1124,1113,210,2897,2892,1426,2484,1308,1304,210,1726,6443,4866,3535,4416,3487,8722,6363,5255,3835,4796,8292,6909,6032,3020,3929,7565,6157,5400,2090,2971,6325,6062,5758,1894,1254,3681,5554,5440,978,5313,689,658,224,4748,4503,2081,4136,1029,925,547,3634,3439,1799,3017,1904,1892,397
ACSSF,2011m1,co,000,0170,0000026,1832,2360,1639,1597,226,1564,349,263,251,1583,1596,360,1551,138,201,138,2518,1653,1655,572,1679,237,237,201,1933,1924,226,1897,299,290,85,2287,1594,1470,936,1187,535,513,153,1516,1299,464,1263,692,656,115,1397,3361,3108,2832,1601,1187,3688,2952,2605,1105,1467,2625,2479,2380,847,797,2585,2366,2365,534,399,3598,3522,3499,1080,630,1832,2360,2366,464,2350,372,263,284,2518,2495,634,2592,385,380,85,2287,1962,1003,1767,1005,966,190
ACSSF,2011m1,co,000,0170,0000027,2210,2059,1526,1553,208,1503,452,434,162,1564,1543,235,1475,430,408,119,2057,1315,1179,417,1131,403,393,56,1381,1383,754,1233,403,382,105,2184,1396,1102,684,909,696,734,303,1534,1270,821,1017,867,860,239,428,2039,1927,1495,1146,612,3203,3032,2719,1552,902,3851,3381,3256,1862,1150,3455,3449,3430,837,299,4037,4007,3973,1017,1276,2210,2059,1997,364,1861,659,619,236,2057,1952,944,1719,639,596,122,2184,1738,1147,1412,1242,1277,388
ACSSF,2011m1,co,000,0170,0000028,3600,4115,3185,2899,1450,2982,727,588,416,2921,2898,643,2802,597,589,77,4505,2862,2919,1057,3005,666,667,115,3365,3383,1244,3528,701,698,116,4231,2446,2069,1670,1536,1177,1174,202,3199,2794,1788,2463,1408,1371,229,2213,8095,6463,4109,5288,3944,8276,6509,4958,4317,4363,8214,5937,5921,3137,4557,6964,7021,7077,1635,2105,8066,7538,7616,2857,1500,3600,4115,3806,1691,3811,999,930,423,4505,4549,1651,4773,1035,1050,160,4231,3351,2575,2693,2195,2131,341
ACSSF,2011m1,co,000,0170,0000029,1216,5997,4036,3969,1535,3687,1055,908,472,4385,4374,1554,4120,942,905,193,5645,3936,3762,1631,4116,1086,1029,450,4053,3999,2159,3692,722,710,190,4828,2848,2511,2511,1872,1512,1510,56,3290,3097,2051,2749,1133,1251,564,2020,8266,6891,3343,6230,4507,11353,8553,7413,7432,5868,8535,7463,6510,3424,2486,10198,9451,7564,4710,2419,9139,8438,8263,2305,2247,1216,5997,5830,2436,5337,1647,1531,537,5645,5483,2726,5315,1187,1209,486,4828,4480,3511,3685,2165,2256,567
ACSSF,2011m1,co,000,0170,0000030,2457,3177,2058,2087,396,2085,191,136,138,2130,2133,253,2134,126,88,89,2790,1974,1938,651,1852,356,356,201,2153,2168,590,2137,451,451,201,2727,1608,1480,666,1398,747,754,60,2148,1757,1059,1205,914,914,201,1634,4768,4489,3517,2963,1573,3757,3587,3069,1774,1316,5857,5504,5344,1472,997,4470,4308,4164,922,743,4762,4690,4681,700,444,2457,3177,3196,516,3202,260,169,197,2790,2803,954,2750,618,618,201,2727,2295,1219,1762,1413,1420,60
ACSSF,2011m1,co,000,0170,0000031,2993,2863,1771,1761,319,1752,255,125,250,1653,1659,471,1700,356,378,84,2410,1798,1774,598,1783,442,442,201,1867,1863,633,1703,140,110,75,2231,1447,1243,853,949,733,707,238,1712,1540,903,1415,917,910,27,1860,4165,3780,1732,3539,1585,4742,4326,3453,2998,1780,3932,3000,2781,1062,1649,3614,3006,2777,1126,1401,4421,3805,3765,948,1431,2993,2863,2844,494,2955,459,409,271,2410,2379,788,2317,478,461,75,2231,2052,1318,1731,1308,1272,239
ACSSF,2011m1,co,000,0170,0000032,3294,3095,2156,2125,405,2066,284,212,198,2077,2080,201,2080,164,119,108,2071,1415,1347,306,1341,452,452,201,1521,1581,275,1565,421,421,201,2030,1031,683,160,675,761,747,143,1307,1212,376,1138,741,730,103,5269,2533,2508,2346,600,519,2911,2100,1792,1268,1565,4021,3751,3711,1106,1308,4477,4472,4473,753,302,5921,5723,5720,1816,1660,3294,3095,3102,405,3072,321,236,214,2071,2112,445,2080,593,593,201,2030,1462,413,1429,1349,1314,210
ACSSF,2011m1,co,000,0170,0000033,2627,2892,2153,2166,610,2080,335,278,228,1644,1631,342,1593,299,259,106,2418,1800,1674,492,1595,448,450,59,1848,1862,687,1754,425,425,201,2739,1575,1373,601,1231,872,878,109,2033,1464,885,1283,1377,1375,116,1372,3818,2910,1964,2389,2391,4433,3767,2967,2650,2068,3830,3519,3337,1900,1375,3752,3651,3387,1224,1717,4191,3655,3496,851,1617,2627,2892,2905,696,2891,431,376,224,2418,2395,901,2302,659,657,59,2739,2036,1050,1907,1800,1807,159
ACSSF,2011m1,co,000,0170,0000034,2042,2123,1634,1637,309,1532,156,156,201,1292,1270,168,1272,340,340,201,2273,1356,1358,553,1292,224,224,201,1773,1723,218,1735,474,474,201,1677,1102,939,594,869,580,569,111,1459,1345,869,1076,897,897,201,422,3065,2072,940,1858,1784,3756,2626,2260,1557,2456,3206,2762,2701,986,1515,2952,2731,2541,630,668,4418,4052,3828,1194,1036,2042,2123,2123,353,2023,379,379,201,2273,2223,615,2227,498,498,201,1677,1539,1124,1377,1209,1198,111
ACSSF,2011m1,co,000,0170,0000035,1508,1850,1330,1332,362,1336,119,201,119,1563,1562,564,1525,180,180,201,2285,1458,1419,634,1325,391,391,201,1556,1553,477,1473,320,320,201,2159,1160,887,507,650,633,633,201,1541,1386,691,1305,779,779,201,258,2919,2367,816,2337,1193,3434,3008,2753,2068,1403,3485,2441,2330,1070,2560,2829,2718,2639,676,433,3045,3065,3043,500,570,1508,1850,1871,671,1860,282,180,119,2285,2292,874,2214,512,512,201,2159,1741,851,1603,1230,1230,201
ACSSF,2011m1,co,000,0170,0000036,2545,2413,1617,1606,558,1619,265,265,201,1601,1594,449,1599,198,198,201,1931,1349,1304,739,1261,401,401,201,1311,1302,832,1173,473,473,201,2253,1349,1243,978,929,626,626,201,1424,1303,974,776,799,814,94,1936,2769,2794,1457,2675,1276,3962,3592,2558,3050,1395,3281,3121,2779,1253,1006,2756,2594,2392,1112,509,2384,2338,2321,554,257,2545,2413,2370,738,2400,315,315,201,1931,1844,1223,1773,575,575,201,2253,2092,1675,1341,1205,1210,94
ACSSF,2011m1,co,000,0170,0000037,2780,2628,1835,1844,548,1833,340,315,94,1948,1927,496,1894,161,161,201,2546,1621,1550,391,1522,249,249,201,1593,1581,710,1456,149,149,201,2163,1301,1158,481,1139,647,637,113,1805,1525,993,1222,808,780,133,462,3476,2609,2023,1764,1643,3928,3524,2809,2267,1417,5005,4607,4477,1430,1800,3873,3397,3169,1117,1188,5783,5539,5501,1049,1010,2780,2628,2584,765,2535,406,386,94,2546,2476,827,2279,301,301,201,2163,1765,1023,1511,1227,1201,174
ACSSF,2011m1,co,000,0170,0000038,2309,2906,2026,2076,450,2046,269,228,148,1984,1939,260,1926,154,122,99,2374,1718,1684,556,1596,306,302,86,1688,1620,397,1614,344,344,201,2142,1369,1152,877,817,590,590,201,1418,1086,714,973,987,987,51,368,3009,2366,1289,2132,1459,3757,2998,2725,1746,1272,4356,3772,3473,1571,1847,2798,2663,2500,1152,713,4384,4359,4327,923,401,2309,2906,2952,467,3025,296,230,171,2374,2286,588,2252,481,485,86,2142,1648,1076,1192,1256,1259,51
ACSSF,2011m1,co,000,0170,0000039,1832,2360,1639,1597,226,1564,349,263,251,1583,1596,360,1551,138,201,138,2518,1653,1655,572,1679,237,237,201,1933,1924,226,1897,299,290,85,2287,1594,1470,936,1187,535,513,153,1516,1299,464,1263,692,656,115,1397,3361,3108,2832,1601,1187,3688,2952,2605,1105,1467,2625,2479,2380,847,797,2585,2366,2365,534,399,3598,3522,3499,1080,630,1832,2360,2366,464,2350,372,263,284,2518,2495,634,2592,385,380,85,2287,1962,1003,1767,1005,966,190
ACSSF,2011m1,co,000,0170,0000040,3600,4115,3185,2899,1450,2982,727,588,416,2921,2898,643,2802,597,589,77,4505,2862,2919,1057,3005,666,667,115,3365,3383,1244,3528,701,698,116,4231,2446,2069,1670,1536,1177,1174,202,3199,2794,1788,2463,1408,1371,229,2213,8095,6463,4109,5288,3944,8276,6509,4958,4317,4363,8214,5937,5921,3137,4557,6964,7021,7077,1635,2105,8066,7538,7616,2857,1500,3600,4115,3806,1691,3811,999,930,423,4505,4549,1651,4773,1035,1050,160,4231,3351,2575,2693,2195,2131,341
ACSSF,2011m1,co,000,0170,0000041,3681,5554,3891,3845,637,3760,520,502,191,4018,3996,807,3980,350,342,69,4748,2939,2795,1243,2745,656,603,267,3560,3359,1213,3078,681,626,389,3634,2110,1822,1132,1385,1124,1113,210,2897,2892,1426,2484,1308,1304,210,1726,6443,4866,3535,4416,3487,8722,6363,5255,3835,4796,8292,6909,6032,3020,3929,7565,6157,5400,2090,2971,6325,6062,5758,1894,1254,3681,5554,5440,978,5313,689,658,224,4748,4503,2081,4136,1029,925,547,3634,3439,1799,3017,1904,1892,397
ACSSF,2011m1,co,000,0170,0000042,1216,5997,4036,3969,1535,3687,1055,908,472,4385,4374,1554,4120,942,905,193,5645,3936,3762,1631,4116,1086,1029,450,4053,3999,2159,3692,722,710,190,4828,2848,2511,2511,1872,1512,1510,56,3290,3097,2051,2749,1133,1251,564,2020,8266,6891,3343,6230,4507,11353,8553,7413,7432,5868,8535,7463,6510,3424,2486,10198,9451,7564,4710,2419,9139,8438,8263,2305,2247,1216,5997,5830,2436,5337,1647,1531,537,5645,5483,2726,5315,1187,1209,486,4828,4480,3511,3685,2165,2256,567
ACSSF,2011m1,co,000,0170,0000043,2457,3177,2058,2087,396,2085,191,136,138,2130,2133,253,2134,126,88,89,2790,1974,1938,651,1852,356,356,201,2153,2168,590,2137,451,451,201,2727,1608,1480,666,1398,747,754,60,2148,1757,1059,1205,914,914,201,1634,4768,4489,3517,2963,1573,3757,3587,3069,1774,1316,5857,5504,5344,1472,997,4470,4308,4164,922,743,4762,4690,4681,700,444,2457,3177,3196,516,3202,260,169,197,2790,2803,954,2750,618,618,201,2727,2295,1219,1762,1413,1420,60
ACSSF,2011m1,co,000,0170,0000044,1508,1850,1330,1332,362,1336,119,201,119,1563,1562,564,1525,180,180,201,2285,1458,1419,634,1325,391,391,201,1556,1553,477,1473,320,320,201,2159,1160,887,507,650,633,633,201,1541,1386,691,1305,779,779,201,258,2919,2367,816,2337,1193,3434,3008,2753,2068,1403,3485,2441,2330,1070,2560,2829,2718,2639,676,433,3045,3065,3043,500,570,1508,1850,1871,671,1860,282,180,119,2285,2292,874,2214,512,512,201,2159,1741,851,1603,1230,1230,201
ACSSF,2011m1,co,000,0170,0000045,2993,2863,1771,1761,319,1752,255,125,250,1653,1659,471,1700,356,378,84,2410,1798,1774,598,1783,442,442,201,1867,1863,633,1703,140,110,75,2231,1447,1243,853,949,733,707,238,1712,1540,903,1415,917,910,27,1860,4165,3780,1732,3539,1585,4742,4326,3453,2998,1780,3932,3000,2781,1062,1649,3614,3006,2777,1126,1401,4421,3805,3765,948,1431,2993,2863,2844,494,2955,459,409,271,2410,2379,788,2317,478,461,75,2231,2052,1318,1731,1308,1272,239
ACSSF,2011m1,co,000,0170,0000046,2545,2413,1617,1606,558,1619,265,265,201,1601,1594,449,1599,198,198,201,1931,1349,1304,739,1261,401,401,201,1311,1302,832,1173,473,473,201,2253,1349,1243,978,929,626,626,201,1424,1303,974,776,799,814,94,1936,2769,2794,1457,2675,1276,3962,3592,2558,3050,1395,3281,3121,2779,1253,1006,2756,2594,2392,1112,509,2384,2338,2321,554,257,2545,2413,2370,738,2400,315,315,201,1931,1844,1223,1773,575,575,201,2253,2092,1675,1341,1205,1210,94
ACSSF,2011m1,co,000,0170,0000047,3143,6646,4380,4296,1542,4032,1080,932,502,4896,4855,1565,4499,938,897,206,6182,4327,4198,1658,4610,1163,1101,461,4387,4365,2250,3880,774,761,190,5165,2978,2670,2591,1911,1706,1704,56,3638,3408,2229,3080,1569,1643,609,4417,8687,7315,3428,6770,5252,11636,8948,7775,7519,6124,8188,7228,6207,3448,2717,10572,9795,7926,4782,2524,9508,8946,8786,2301,2258,3143,6646,6353,2423,5768,1630,1515,572,6182,6019,2805,5729,1270,1278,495,5165,4872,3754,3963,2561,2635,613
ACSSF,2011m1,co,000,0170,0000048,5922,8034,5133,5115,1055,5192,846,713,471,4960,4876,1102,4890,873,842,207,7382,4417,4408,1293,4509,898,929,146,5385,5340,1728,4843,890,871,150,5950,3960,3477,2157,3172,1498,1495,214,4226,3897,2082,3444,1990,1990,548,8014,10429,8600,4910,7030,4916,9803,8230,6886,5568,4710,10341,8854,8238,3631,4771,8166,7533,7308,2300,2016,14388,14003,13686,2639,2355,5922,8034,7914,1532,8109,1354,1199,509,7382,7380,1874,7187,1407,1410,214,5950,5342,3285,4657,2838,2883,575
ACSSF,2011m1,co,000,0170,0000049,2840,5230,4343,4182,1101,4467,938,845,329,3183,3296,785,3185,559,511,175,5797,4280,4029,1668,3860,1063,1063,145,3472,3404,1997,3368,1029,984,304,4709,3379,2994,2084,2252,1559,1549,106,2928,2995,1918,2534,1170,1338,739,3490,7337,6022,3198,5181,3310,8679,8475,7276,5150,4650,10730,9171,8311,4493,4623,7644,7033,6839,2280,2050,9008,8463,8040,3269,1986,2840,5230,5148,1359,5435,1079,993,355,5797,5581,2896,5288,1588,1541,338,4709,4625,3114,3485,2055,2305,748
ACSSF,2011m1,co,000,0170,0000050,5257,7243,4430,4295,1395,3843,976,859,438,4611,4571,1162,4468,813,833,501,5606,3493,3374,1449,3488,869,869,201,4460,4225,1609,4151,1101,1081,178,5585,3303,2946,1661,2723,1429,1426,302,4343,3783,2245,3294,1776,1749,365,6741,9756,8305,4944,6775,4230,12316,10627,9920,6686,4604,12476,10234,9701,3253,4579,8930,8583,8209,2263,1769,11636,11272,11214,2459,2586,5257,7243,7126,2068,6590,1260,1067,645,5606,5324,2293,5459,1412,1390,178,5585,4681,2371,4529,2400,2355,555
ACSSF,2011m1,co,000,0170,0000051,3920,6001,4241,3906,1634,4157,948,756,578,4244,4165,906,3937,696,679,164,5401,3426,3417,1436,3217,1006,906,524,3750,3425,1549,3518,952,965,140,4444,2793,2670,1974,2100,1431,1434,300,3338,3092,2060,3081,1223,1223,234,4483,9598,7989,5391,6413,4451,10269,8105,6315,5199,4782,10846,8768,8566,3987,4908,9169,8903,9037,2345,2320,10514,9984,9991,3611,2097,3920,6001,5785,1874,5786,1188,1069,606,5401,4991,2331,4708,1474,1460,545,4444,4168,2863,3764,2058,2053,411
ACSSF,2011m1,co,000,0170,0000052,6780,6791,4725,4620,1148,4604,965,885,465,4427,4355,936,4338,662,625,236,6536,4279,4070,1007,4204,1116,1115,265,4855,4445,1466,4475,1453,1453,336,4949,2922,2366,1111,2305,1730,1693,523,3968,3963,1633,3539,1870,1824,438,9425,7584,6577,5504,3845,2579,9203,7631,7045,3604,4528,11095,9943,9793,3627,4182,10223,10180,9603,2932,2280,13472,12968,12745,4367,2942,6780,6791,6544,1487,6514,1157,1089,515,6536,6010,1947,6020,1886,1923,504,4949,4349,2113,4003,2735,2672,730
ACSSF,2011m1,co,000,0170,0000053,7940,6910,4819,4728,1004,4759,803,766,265,4748,4894,971,4883,783,626,451,6076,3736,3660,1944,3399,793,783,102,4245,4200,1683,4137,730,642,406,4994,3625,3005,1272,2745,1509,1492,484,3794,3685,2232,3083,2085,2074,224,10282,9634,7525,3417,7198,5156,12169,9163,7745,6730,7288,11423,10421,9444,4619,4720,10336,8997,8314,2821,3845,10442,9789,9207,2646,2677,7940,6910,6958,1293,7050,1297,1063,518,6076,6063,2813,5847,1104,964,419,4994,4399,2546,4271,2847,2864,527
ACSSF,2011m1,co,000,0170,0000054,3433,3028,2386,2356,529,2325,343,337,95,1638,1643,211,1667,288,250,148,2942,2086,1974,484,2020,550,541,89,1856,1739,643,1611,522,522,201,2430,1419,1192,605,1073,858,858,50,1694,1602,554,1495,895,861,662,3200,3377,2323,1772,1605,2043,4200,2929,2491,1936,2971,3967,3617,3453,1580,1199,3953,3741,3756,797,1015,3528,3455,3491,1032,1096,3433,3028,3048,563,3063,416,389,171,2942,2816,816,2621,811,815,89,2430,2129,757,1925,1429,1408,664
ACSSF,2011m1,co,000,0170,0000055,3779,3717,2285,2279,560,2253,545,519,301,2540,2544,578,2485,598,448,431,3936,2597,2459,718,2372,594,594,201,2506,2428,877,2341,603,564,131,2763,1651,1261,727,992,932,944,45,1917,1821,1177,1678,1062,1071,338,4320,5537,4726,1317,4276,1415,5001,4489,4177,2748,1692,4645,4059,3752,1811,2781,4615,4527,4480,1320,777,5703,5449,5599,1322,1357,3779,3717,3723,869,3614,936,658,498,3936,3729,1255,3554,957,937,131,2763,2310,1339,2107,1728,1799,360
ACSSF,2011m1,co,000,0170,0000056,1278,2509,1672,1580,625,1732,523,523,201,1839,1838,552,1891,211,206,50,2553,1630,1612,867,1508,435,444,120,2049,1993,1077,1844,566,472,255,2249,1585,1454,975,1061,696,691,83,1526,1487,1012,1191,600,600,201,1415,3426,2943,1708,2983,1608,5041,4744,4459,2618,1723,4440,3021,2848,1747,3068,3954,3526,3060,1695,1153,4811,4542,4297,1464,1120,1278,2509,2380,848,2517,580,562,50,2553,2530,1382,2216,729,678,277,2249,2142,1571,1614,989,979,83
ACSSF,2011m1,co,000,0170,0000057,3553,3003,2116,2148,396,2130,185,122,138,1998,2028,253,2010,126,88,89,3037,2104,2098,732,1940,289,289,201,2223,2236,590,2183,417,417,201,2460,1542,1438,582,1394,715,721,40,1885,1611,881,1152,838,838,201,4306,4316,3971,3375,1785,1580,3668,3486,2908,1752,1316,5493,5245,5070,1170,814,3978,3741,3663,944,743,4356,4340,4367,444,428,3553,3003,3045,516,2992,256,158,197,3037,3027,1006,2903,511,511,201,2460,2122,1018,1723,1342,1346,40
ACSSF,2011m1,co,000,0170,0000058,2083,4082,2391,2422,933,2486,364,288,295,2621,2684,1032,2667,637,645,121,3812,2272,2194,791,2109,513,513,201,2569,2541,955,2540,404,384,75,3440,2111,1885,1331,1401,656,686,261,2696,2498,1308,2166,842,855,143,2621,6190,4907,2070,4569,2393,8853,7821,6232,5924,2715,8747,7308,7231,2179,2814,5446,4996,4816,1384,1480,9042,8724,8480,1661,1931,2083,4082,4107,1436,4269,765,726,328,3812,3735,1191,3622,668,646,75,3440,3084,1891,2657,1160,1177,278
ACSSF,2011m1,co,000,0170,0000059,1972,2117,1677,1739,420,1721,452,453,17,1357,1344,333,1342,294,241,185,1796,1337,1299,558,1206,406,406,201,1224,1126,554,1119,509,500,99,1897,1249,1152,657,990,568,616,264,1286,1180,589,1039,633,628,100,2537,4024,2633,1721,2059,2629,4160,3154,2763,1730,1896,3486,2911,2656,1275,1472,3026,2947,2814,711,470,2791,2631,2511,951,871,1972,2117,2142,560,2141,523,504,186,1796,1752,831,1711,723,697,99,1897,1734,935,1424,972,966,285
ACSSF,2011m1,co,000,0170,0000060,2186,1927,1510,1442,426,1371,225,218,41,1003,1023,405,973,139,132,46,1888,1440,1378,571,1289,316,316,201,1040,989,758,887,371,355,108,1734,1079,949,614,726,579,579,201,1227,1048,638,943,629,631,53,3176,2951,2501,939,2454,1208,3252,2850,2237,1854,1280,2681,2546,2187,1136,698,2013,1897,1735,771,585,2233,2120,2040,589,363,2186,1927,1845,579,1829,298,291,61,1888,1781,1065,1637,486,468,108,1734,1411,936,1051,1051,1050,53
ACSSF,2011m1,co,000,0170,0000061,1933,2884,1992,2002,663,2026,384,290,249,1871,1856,459,1882,249,223,65,2412,1604,1485,756,1465,498,498,201,1580,1564,932,1401,518,518,201,2548,1462,1432,1206,1006,586,586,201,1676,1563,1070,1077,640,674,159,2198,3219,3136,1584,2785,1431,4026,3622,2647,3163,1553,4608,4489,3898,2252,1104,3502,3330,3223,1228,515,3252,3176,3185,759,516,1933,2884,2848,856,2933,414,331,252,2412,2293,1325,2113,740,740,201,2548,2467,1868,1587,953,975,159
ACSSF,2011m1,co,000,0170,0000062,2384,2601,1905,1857,496,1828,597,591,215,1723,1685,310,1660,340,340,201,2337,1628,1624,642,1471,691,692,33,1672,1573,694,1609,526,534,99,2219,1319,1067,858,942,930,931,56,1770,1441,800,1549,824,875,309,2588,3855,3280,2020,2634,1940,4940,3890,3323,2369,2607,4394,3687,3254,1297,2111,3435,3297,3199,1084,876,4328,3939,3541,2185,1210,2384,2601,2541,599,2475,682,669,215,2337,2303,997,2265,851,839,104,2219,1800,1228,1839,1449,1487,314
ACSSF,2011m1,co,000,0170,0000063,2212,3578,2526,2546,270,2499,388,380,114,2313,2243,420,2099,326,331,88,3497,2492,2423,260,2476,502,518,107,2207,2158,793,2092,463,450,103,2915,1871,1683,357,1699,757,757,201,2137,2095,553,2079,573,592,121,2933,4528,3938,2105,3504,2826,6323,4656,4541,1643,3403,4557,3917,3569,1588,1718,3401,3095,3028,663,961,7164,7059,7062,1092,967,2212,3578,3536,475,3426,580,564,168,3497,3412,864,3317,748,745,155,2915,2639,663,2633,1032,1052,121
ACSSF,2011m1,co,000,0170,0000064,4339,3699,2666,2616,217,2605,372,249,259,1743,1748,312,1744,224,193,114,2095,1204,1165,211,1163,395,395,201,1630,1676,260,1640,364,300,205,2424,1269,1045,435,909,928,927,66,1655,1248,330,1173,1025,1008,82,5358,3179,2397,1595,1661,1175,2789,2221,1701,1526,1308,3242,2753,2472,930,1233,2160,2136,2119,583,243,5035,4854,4775,1079,753,4339,3699,3666,383,3639,426,312,287,2095,2175,381,2171,530,469,205,2424,1748,524,1579,1733,1721,104
ACSSF,2011m1,co,000,0170,0000065,2649,2382,1886,1831,427,1727,474,422,203,1489,1468,354,1506,354,354,201,2797,1729,1734,546,1726,385,383,42,2049,2046,278,2087,540,540,201,2101,1316,1073,712,978,653,631,129,1671,1400,889,1164,939,949,123,2728,3213,2539,1197,2499,1873,4661,3241,2890,1698,2577,3663,3102,2992,1238,1641,3412,3296,3134,865,642,5113,4945,4632,1456,1131,2649,2382,2301,533,2211,574,557,203,2797,2776,625,2875,628,626,42,2101,1681,1222,1561,1315,1315,168
ACSSF,2011m1,co,000,0170,0000066,2282,2234,1678,1632,226,1596,418,317,251,1585,1592,355,1580,207,158,138,2677,1710,1699,563,1725,221,221,201,2092,2059,274,2010,335,324,91,2258,1556,1486,962,1210,556,538,153,1556,1409,519,1343,682,650,117,2239,3346,3087,2842,1618,1195,3934,3274,2926,1124,1521,2765,2651,2576,902,787,2599,2336,2330,556,510,3961,3907,3908,1077,643,2282,2234,2239,459,2225,479,319,284,2677,2610,614,2684,428,421,91,2258,2102,1110,1880,1013,990,192
ACSSF,2011m1,co,000,0170,0000067,3659,3487,2040,1989,250,1998,284,285,89,2370,2295,294,2345,646,646,76,2379,1583,1583,395,1471,482,482,201,1920,1900,950,1705,375,375,201,1941,1137,960,566,693,652,652,201,1571,1345,575,1254,1071,1037,101,4740,2055,1545,1202,1196,1315,3450,2632,1704,1957,1304,4103,3930,3484,1760,1763,3742,3340,3285,819,1091,6278,6288,6118,1033,736,3659,3487,3354,401,3421,737,753,114,2379,2391,1026,2166,721,721,201,1941,1674,823,1383,1321,1286,101
ACSSF,2011m1,co,000,0170,0000068,3776,3576,2265,2295,590,2231,274,205,192,2361,2328,464,2121,369,347,112,2768,1796,1668,739,1516,412,426,51,1905,1911,178,1896,345,345,201,2693,1796,1694,1603,874,678,678,201,1846,1473,1116,1232,1120,1019,424,4400,4286,3657,1604,3362,1810,5204,4637,2962,4002,1420,5097,4160,3895,1549,2406,2870,2813,2686,1120,516,4639,4544,4557,736,606,3776,3576,3602,712,3492,447,395,221,2768,2669,742,2432,584,599,51,2693,2344,2219,1501,1380,1302,424
ACSSF,2011m1,co,000,0170,0000069,4367,2799,2081,2068,792,2071,326,305,104,1948,1932,500,1965,204,204,201,2876,1708,1664,445,1644,251,251,201,2014,1994,1095,1470,200,200,201,2564,1626,1530,729,1349,774,768,113,2102,1921,1249,1465,824,828,319,5336,5011,3681,2365,2672,2279,4673,4011,3329,2421,2132,5286,4520,4235,1665,2373,3953,3658,3514,1267,1140,5972,5626,5581,1082,1263,4367,2799,2751,964,2854,412,395,104,2876,2832,1190,2429,333,333,201,2564,2416,1271,1985,1271,1217,334
ACSSF,2011m1,co,000,0170,0000070,4878,3909,2763,2772,478,2722,293,294,43,2156,2262,622,2066,442,172,421,3733,2232,2240,953,1899,109,85,69,2391,2332,1001,2072,420,408,84,2902,1847,1638,572,1536,787,740,430,2399,2070,1167,1911,1103,1110,123,6525,5721,4503,1150,4407,3582,6196,4499,2871,3926,4217,6182,5621,4866,2799,2642,4758,3735,3489,1622,2163,6679,6040,5681,1370,1953,4878,3909,4023,751,3879,527,342,423,3733,3683,1669,3122,443,426,108,2902,2444,1322,2434,1283,1236,443
ACSSF,2011m1,co,000,0170,0000071,6915,4577,2595,2552,836,2695,535,488,211,3732,3725,615,3810,120,120,201,4351,3021,2920,622,2795,561,503,252,2481,2420,1100,2241,902,899,177,2951,1652,1283,886,1055,873,860,186,2549,2416,1528,1970,1028,987,236,10335,4522,4087,3084,2675,1173,6941,5578,4914,2005,3326,5824,5428,4871,2792,2403,5795,4548,4257,1921,2595,7976,7728,7456,3719,966,6915,4577,4572,1063,4865,580,537,211,4351,3963,1471,3452,1084,1028,412,2951,2523,2003,1999,1493,1445,395
ACSSF,2011m1,co,000,0170,0000072,5011,3059,2105,2084,450,2016,192,180,115,1780,1768,536,1762,184,179,47,3529,1996,1952,633,1806,226,212,84,2337,2285,861,1923,358,358,201,1912,1277,1071,621,725,690,683,80,1454,1441,726,1397,801,790,86,7729,4010,2800,1789,2589,2598,5230,3510,2651,2667,3555,4601,3864,3461,1630,2187,4126,3793,3382,1272,783,2507,2262,2221,562,905,5011,3059,3061,680,2980,269,274,125,3529,3480,1145,2946,425,408,84,1912,1618,1056,1503,1228,1206,121
ACSSF,2011m1,co,000,0170,0000073,4661,3633,2517,2539,374,2499,284,284,201,1959,1914,492,1763,296,291,51,3195,1990,2005,934,1728,343,343,201,2038,1954,680,1673,409,287,355,2421,1498,1325,704,1121,663,656,57,1853,1767,1024,1340,864,848,71,6799,4632,3201,1287,2825,2577,5754,3549,2485,2444,3483,5022,3599,2939,2002,2776,3489,2917,2830,645,1188,2536,2169,1935,898,774,4661,3633,3554,630,3465,391,387,51,3195,3143,1248,2689,516,410,355,2421,2234,1248,1965,1328,1309,92
ACSSF,2011m1,co,000,0170,0000074,4200,2958,2269,2274,301,2292,480,459,173,1825,1709,157,1701,449,420,174,3089,1756,1699,365,1607,400,396,56,2080,1931,484,1736,603,606,62,2467,1473,1079,427,945,787,855,322,1606,1105,434,993,1045,1054,268,5625,1997,1961,1667,1137,763,3717,3194,2876,1557,1529,3741,3104,2911,1407,1145,2375,2362,2297,801,519,5029,5047,5114,1089,1350,4200,2958,2818,352,2843,677,646,257,3089,2984,701,2666,719,707,83,2467,1668,726,1426,1525,1622,427
ACSSF,2011m1,co,000,0170,0000075,5852,4371,3241,3216,1219,3040,294,191,222,2556,2566,799,2517,667,667,201,2855,2274,2245,1004,2218,731,731,201,2067,2036,1319,1489,458,458,201,3274,1980,1748,1443,1011,958,958,201,2065,1818,1289,1491,942,890,339,9878,4894,4027,1272,3622,2311,7422,7034,5679,6051,1996,5029,4231,3087,2354,1485,7930,7533,6053,3675,1633,6866,6595,6533,1075,1178,5852,4371,4354,1622,4298,738,712,222,2855,2746,1583,2592,840,840,201,3274,2705,1933,1826,1676,1626,339
ACSSF,2011m1,co,000,0170,0000076,4586,3240,2386,2391,586,2366,300,230,199,1834,1873,202,1849,183,153,104,3071,2124,2081,680,2018,325,321,58,1982,1958,855,1739,262,262,201,2143,1340,1086,951,799,645,645,201,1532,1260,857,910,855,769,344,5822,3179,2740,1302,2455,1678,4307,3422,2003,2645,1957,2681,2537,2198,1342,848,3113,2554,2304,899,1204,3200,3082,3090,560,600,4586,3240,3250,632,3236,336,274,224,3071,3013,1084,2875,470,467,58,2143,1720,1200,1254,1187,1145,344
ACSSF,2011m1,co,000,0170,0000077,5315,3234,2406,2364,320,2333,333,301,125,2101,2144,202,2138,178,178,201,3518,2605,2559,598,2469,536,421,356,1991,1960,390,1947,322,320,40,2751,1621,1312,808,1176,737,737,201,1615,1405,547,1197,735,715,191,6708,2821,1941,1803,1382,1786,3654,3258,1948,2484,1795,2952,2876,2783,811,625,2066,2053,2025,677,180,5084,4707,4649,550,1595,5315,3234,3234,382,3201,392,368,125,3518,3442,677,3289,650,551,358,2751,2213,1078,1929,1263,1241,191
ACSSF,2011m1,co,000,0170,0000078,5219,3547,3039,3016,601,2987,571,445,347,2669,2584,529,2520,565,512,111,3264,2288,2216,665,2025,648,576,284,2087,2022,686,1871,260,248,147,2734,1720,1462,1133,934,909,909,201,2039,1747,1166,1219,981,988,153,7808,5281,4238,2536,3148,2768,5626,4332,3199,2917,3026,3911,3207,2983,1633,1628,2924,2601,2428,1139,781,4844,4769,4736,1412,467,5219,3547,3431,828,3425,998,865,370,3264,3185,1010,2854,718,663,320,2734,2263,1603,1455,1540,1538,153
ACSSF,2011m1,co,000,0170,0000079,5924,3642,2725,2717,577,2556,562,546,124,2207,2211,1048,1775,346,324,134,2626,1667,1660,781,1552,123,123,201,2128,2039,1056,1623,247,232,91,3238,1959,1640,1101,1200,903,902,56,2188,1934,1055,1575,842,831,176,8690,4517,3455,1398,2829,2750,6828,4434,3192,3801,3906,5043,3761,2797,2428,2000,6578,5507,3688,2234,1700,2865,2779,2620,707,490,5924,3642,3643,1183,3174,760,722,183,2626,2573,1341,2204,276,263,91,3238,2532,1448,2014,1507,1474,184
ACSSF,2011m1,co,000,0170,0000080,3054,2311,1836,1846,322,1823,311,309,100,1874,1904,433,1880,382,361,106,2169,1488,1470,677,1355,333,333,201,1328,1294,529,1290,316,314,41,2169,1282,938,765,662,876,869,92,1621,1417,650,1164,864,857,111,3985,2925,2738,977,2529,755,3570,3004,2669,1720,1736,3664,3112,2855,1460,1213,3956,3478,3280,859,1024,3812,3879,3872,973,612,3054,2311,2354,577,2385,572,536,181,2169,2059,853,2104,448,448,41,2169,1779,985,1435,1437,1414,196
ACSSF,2011m1,co,000,0170,0000081,3330,2781,2093,2046,523,1959,296,273,129,1669,1603,353,1532,301,277,80,2209,1686,1678,447,1634,396,396,201,1272,1248,628,1098,236,236,201,2343,1527,1181,600,1059,862,875,75,1428,1190,749,1079,942,920,132,4560,3878,2667,1245,2581,1995,3781,3009,2575,2077,2510,3609,3109,2523,1798,1399,3101,2721,2365,1055,1714,2639,2587,2571,601,325,3330,2781,2716,646,2616,419,391,137,2209,2233,792,2091,469,469,201,2343,1819,952,1620,1513,1505,150
ACSSF,2011m1,co,000,0170,0000082,4628,3597,2529,2489,476,2565,345,291,187,2079,2099,240,2080,197,168,111,2330,1372,1301,329,1311,393,398,59,2063,2078,699,2036,398,396,123,2738,1549,1366,595,1215,828,804,144,1865,1504,933,1143,1151,1130,59,6278,2828,2549,1689,2314,1580,3875,3666,2868,2627,1172,3948,3718,3693,1223,1073,3726,3536,3544,1180,885,4952,4540,4459,790,1600,4628,3597,3586,599,3661,391,349,186,2330,2271,819,2243,610,607,136,2738,2208,1139,1705,1666,1632,154
ACSSF,2011m1,co,000,0170,0000083,2692,2221,1755,1775,293,1792,309,292,121,1527,1501,431,1510,318,294,91,2209,1441,1470,376,1451,344,324,108,1494,1484,309,1418,372,363,70,2222,1204,842,673,628,816,822,95,1710,1321,847,1155,1031,1017,148,3639,2789,2299,1756,2005,1517,3459,3064,2310,2054,1640,3133,2553,2488,985,1634,2423,2228,2127,701,500,3528,3470,3467,800,502,2692,2221,2252,525,2302,492,450,145,2209,2213,482,2122,462,443,127,2222,1561,1189,1258,1486,1490,180
ACSSF,2011m1,co,000,0170,0000084,4215,3327,2512,2464,496,2412,489,391,250,2220,2210,114,2200,228,219,108,2605,1620,1618,326,1601,409,386,136,1986,1950,275,1901,561,506,219,2324,1311,1096,257,1050,818,808,143,1478,1331,174,1321,948,884,218,6172,2544,2512,2220,823,581,3397,2320,2137,1315,1697,4558,4305,4316,1114,1534,4771,4703,4696,890,475,7376,6919,6759,1803,1644,4215,3327,3319,515,3270,478,414,266,2605,2597,459,2544,662,600,256,2324,1855,342,1798,1547,1491,282
ACSSF,2011m1,co,000,0170,0000085,3661,2888,2413,2506,286,2507,451,412,196,2328,2320,230,2312,171,157,71,3527,2289,2240,396,2273,551,551,201,2586,2521,644,2533,611,611,201,2113,1093,786,305,745,802,802,201,1683,1498,576,1533,748,748,14,5406,2861,2549,2028,1465,1328,4838,4226,3795,1310,2220,4889,4118,4069,1307,2057,5125,5011,4828,1049,473,7227,6898,6615,1752,1483,3661,2888,2864,367,2842,495,434,204,3527,3367,834,3522,970,970,201,2113,1696,622,1771,1317,1318,14
ACSSF,2011m1,co,000,0170,0000086,4223,3435,2354,2347,832,2277,356,329,170,2092,2098,651,2053,305,282,113,2647,1597,1550,578,1412,412,325,263,2177,2150,700,1918,388,388,201,2913,1630,1448,710,1225,906,883,219,2255,2218,730,2119,837,839,19,5704,3286,2979,2479,1881,1885,3484,3292,2680,1778,914,5194,4757,4750,2259,1131,4369,4299,4181,1018,730,6931,6872,6899,1813,1156,4223,3435,3434,1084,3328,538,501,227,2647,2527,953,2294,620,567,263,2913,2845,1104,2709,1527,1516,221
ACSSF,2011m1,co,000,0170,0000087,3960,2641,1912,1880,758,1742,254,244,63,1800,1795,221,1769,250,250,201,2236,1693,1678,522,1593,506,283,446,1415,1338,573,1334,462,462,201,2384,1160,1005,697,904,795,792,81,1995,1696,1006,1349,1008,999,67,5418,4308,3731,2417,3082,1564,3849,3349,2866,2238,1419,3068,2833,2700,905,1076,2452,2154,2171,738,1065,3378,3055,3056,1573,1240,3960,2641,2592,788,2572,410,403,63,2236,2183,827,2185,686,555,446,2384,1827,1149,1624,1511,1504,106
ACSSF,2011m1,co,000,0170,0000088,4758,2813,1788,1754,745,1708,412,251,341,1864,1820,426,1759,178,172,52,2852,1803,1826,539,1692,391,386,73,2051,2054,882,2037,535,546,83,2871,1627,1341,1297,585,836,836,201,2092,1412,977,1062,1324,1275,137,6465,4342,3292,1741,3130,1631,4325,3571,2555,2859,2408,2735,2356,2278,1061,1223,2678,2493,2245,1025,488,3847,3567,3396,1281,736,4758,2813,2781,917,2744,441,293,345,2852,2811,973,2771,724,722,108,2871,2129,1891,1236,1652,1601,137
ACSSF,2011m1,co,000,0170,0000089,5043,4206,2464,2392,819,2352,420,374,122,2891,2916,426,2885,427,426,58,3542,2822,2887,424,2931,552,556,62,2170,2199,742,2093,193,193,201,2681,1615,1329,636,1229,761,749,129,2027,1786,689,1685,1022,1006,152,8021,3673,3093,2191,2222,2085,5205,4466,3600,2499,1928,7955,5033,4478,2869,4427,5925,6033,5942,1105,1925,7196,7113,6947,2242,614,5043,4206,4223,997,4051,640,609,134,3542,3616,887,3613,566,570,62,2681,2071,947,1919,1446,1441,187
ACSSF,2011m1,co,000,0170,0000090,4154,2718,1979,1990,580,1843,159,159,201,1830,1870,442,1844,199,199,201,2597,1550,1551,718,1406,342,342,201,1704,1711,689,1605,367,359,80,2459,1328,1217,748,960,669,642,119,1768,1583,976,1321,818,817,112,6776,4600,3671,1860,3072,1989,5679,4491,3434,2901,2929,3888,2773,2421,1140,2220,2425,2246,2168,825,622,2897,2463,2415,712,887,4154,2718,2748,726,2608,258,258,201,2597,2665,1130,2472,560,558,80,2459,2182,1395,1694,1086,1052,221
ACSSF,2011m1,co,000,0170,0000091,3510,2359,1970,1920,454,1935,280,270,67,1551,1557,219,1498,298,295,77,1891,1476,1451,637,1231,410,410,201,1195,1204,640,1189,426,427,81,1960,1271,968,645,852,791,782,174,1201,1145,614,1018,813,813,201,3671,2951,2637,1417,2349,1073,2980,2606,2279,1747,1272,3795,3196,2965,1653,1688,2536,2411,2193,1274,823,3289,3160,3117,788,695,3510,2359,2307,527,2316,396,407,103,1891,1860,911,1704,639,637,81,1960,1610,832,1539,1341,1335,174
ACSSF,2011m1,co,000,0170,0000092,4427,3148,2057,2090,765,1962,384,335,141,1958,1900,282,1869,173,151,58,2201,1546,1447,550,1326,483,475,100,1350,1335,367,1251,174,174,201,2246,1302,984,345,895,857,857,201,1452,1332,648,1351,827,799,132,6968,1780,1419,1083,980,1113,2557,2318,2097,1413,695,3436,3412,3208,1226,331,3257,2936,2910,1028,855,6789,6781,6622,2243,515,4427,3148,3100,841,2789,465,417,151,2201,2171,692,1956,551,543,100,2246,1829,711,1840,1502,1479,132
ACSSF,2011m1,co,000,0170,0000093,5214,4823,2977,2930,438,2872,397,391,115,3870,3883,802,3811,212,201,69,3699,2477,2431,1158,2221,359,348,84,2606,2657,1065,2383,425,339,321,3280,1859,1661,926,1366,938,926,210,2375,2410,1237,2105,1068,1057,210,6975,5824,3947,1944,4033,3168,7912,6041,5177,3327,4031,7317,5828,5088,2535,3019,6382,4888,4387,1551,2704,4763,4421,3834,1493,1090,5214,4823,4818,936,4695,465,454,136,3699,3782,1857,3417,589,486,332,3280,3017,1613,2754,1684,1662,397
ACSSF,2011m1,co,000,0170,0000094,3741,3826,2685,2571,363,2548,570,466,335,2297,2236,543,2328,349,326,138,3249,2307,2224,584,2264,330,330,201,2646,2506,337,2466,536,506,150,2682,1710,1590,972,1342,764,765,185,1970,1809,747,1632,998,979,168,4692,4420,3627,2992,2594,1990,5384,4400,3607,2014,1955,3887,3515,3196,1624,1235,3643,3410,3413,770,1023,6390,6264,6262,1147,1025,3741,3826,3726,652,3767,658,516,350,3249,3100,699,3133,683,648,150,2682,2416,1244,2066,1471,1502,250
ACSSF,2011m1,co,000,0170,0000095,4637,3796,2449,2382,290,2386,341,325,79,1990,2007,487,1828,165,165,201,2855,1630,1613,404,1369,158,158,201,1951,1915,543,1772,285,285,201,1557,1113,906,189,889,626,626,201,1286,1171,522,1186,724,723,42,6007,1448,1132,479,1069,698,4988,2822,2003,2359,3568,4303,4587,4287,1773,1333,3462,3104,3066,567,759,6304,5760,5492,992,1354,4637,3796,3768,567,3658,379,363,79,2855,2787,791,2452,344,344,201,1557,1265,587,1290,1073,1075,42
ACSSF,2011m1,co,000,0170,0000096,5390,4962,3155,3000,902,3062,584,520,304,3740,3654,580,3659,431,400,149,4744,3220,3028,810,2977,677,635,252,2887,2741,1202,2522,945,941,197,2848,1912,1546,1032,1072,1055,1031,106,2303,2214,1410,1904,1018,983,298,8410,5017,4353,3361,2966,2168,5434,3832,3137,2599,3265,6719,5906,5447,2978,3231,5343,5136,4425,1941,1167,8646,8379,8221,3662,1073,5390,4962,4720,1149,4974,776,700,353,4744,4216,1523,3944,1198,1143,418,2848,2446,1801,2093,1584,1546,325
ACSSF,2011m1,co,000,0170,0000097,6761,4166,2822,2785,1011,2682,458,330,341,2374,2336,557,2252,507,505,52,3958,2488,2568,804,2524,549,536,115,2637,2668,1144,2616,601,602,83,3473,1829,1685,1449,875,914,920,145,2684,2254,1260,1920,1538,1480,181,10025,5801,4323,2538,4128,2841,5486,4259,3487,3082,3350,5390,4548,4368,1548,2088,3957,3642,3646,1376,1469,5106,4665,4540,1951,1228,6761,4166,4063,1296,3993,666,593,345,3958,3884,1466,3925,779,787,137,3473,3004,2062,2122,1931,1879,287
ACSSF,2011m1,co,000,0170,0000098,1216,5997,4036,3969,1535,3687,1055,908,472,4385,4374,1554,4120,942,905,193,5645,3936,3762,1631,4116,1086,1029,450,4053,3999,2159,3692,722,710,190,4828,2848,2511,2511,1872,1512,1510,56,3290,3097,2051,2749,1133,1251,564,2020,8266,6891,3343,6230,4507,11353,8553,7413,7432,5868,8535,7463,6510,3424,2486,10198,9451,7564,4710,2419,9139,8438,8263,2305,2247,1216,5997,5830,2436,5337,1647,1531,537,5645,5483,2726,5315,1187,1209,486,4828,4480,3511,3685,2165,2256,567
ACSSF,2011m1,co,000,0170,0000099,1155,3576,2548,2501,543,2454,551,502,274,2800,2814,370,2837,261,238,100,3674,2547,2431,499,2484,668,662,136,2765,2598,713,2665,791,792,65,2968,1539,1155,371,1065,917,912,143,2312,2068,610,2003,801,799,99,1198,3663,3554,2996,1520,1388,5765,4643,4126,1649,2727,6536,5784,5890,1752,2337,6578,6505,6410,1117,668,8053,7621,7425,2441,2030,1155,3576,3494,582,3488,618,565,284,3674,3392,952,3592,1182,1181,154,2968,2361,707,2291,1417,1414,207
ACSSF,2011m1,co,000,0170,0000100,6389,4533,2605,2587,575,2556,288,288,201,2630,2610,377,2611,283,283,201,3508,2652,2616,246,2617,248,248,201,1997,1964,676,1835,278,278,201,2270,1624,1457,680,1330,506,478,102,1472,1359,524,1227,559,559,201,9667,3035,2657,2382,1369,1533,3669,3394,2807,1859,985,7112,4281,3554,2660,3778,5647,5471,5369,711,1456,5392,5193,5157,979,967,6389,4533,4482,694,4332,510,510,201,3508,3450,718,3253,400,400,201,2270,1996,864,1730,887,872,102
ACSSF,2011m1,co,000,0170,0000101,3852,3642,2263,2213,410,2189,587,539,313,2503,2480,253,2470,526,354,436,3460,2183,2064,739,2026,583,583,201,2734,2708,985,2572,646,646,201,3089,1879,1692,814,1611,888,907,60,2293,1963,1177,1526,1078,1104,338,5646,5237,5037,3506,3746,1788,4496,4012,3542,1941,1586,5430,4941,4680,1586,1142,5186,4966,4789,1405,987,6484,6238,6335,1241,1012,3852,3642,3660,529,3644,938,658,515,3460,3362,1398,3177,981,981,201,3089,2715,1399,2218,1590,1686,361
ACSSF,2011m1,co,000,0170,0000102,1278,2509,1672,1580,625,1732,523,523,201,1839,1838,552,1891,211,206,50,2553,1630,1612,867,1508,435,444,120,2049,1993,1077,1844,566,472,255,2249,1585,1454,975,1061,696,691,83,1526,1487,1012,1191,600,600,201,1415,3426,2943,1708,2983,1608,5041,4744,4459,2618,1723,4440,3021,2848,1747,3068,3954,3526,3060,1695,1153,4811,4542,4297,1464,1120,1278,2509,2380,848,2517,580,562,50,2553,2530,1382,2216,729,678,277,2249,2142,1571,1614,989,979,83
ACSSF,2011m1,co,000,0170,0000103,4501,3275,2027,2017,348,1989,286,176,250,2047,2059,1011,1873,359,381,84,2714,1878,1873,650,1804,457,457,201,2023,2030,872,1829,140,110,75,2922,2125,1828,1203,1279,805,780,238,1920,1649,915,1512,956,950,27,6229,5361,4493,1819,4300,1818,7044,6335,4648,5496,2237,4641,3383,3075,1726,1912,3782,3237,3032,1168,1404,4288,3633,3593,1073,1431,4501,3275,3262,1109,3215,488,429,271,2714,2694,1065,2580,492,475,75,2922,2460,1568,1932,1412,1379,239
ACSSF,2011m1,co,000,0170,0000104,4135,2245,1595,1607,773,1457,174,174,201,1709,1735,298,1678,167,167,201,2335,1458,1443,659,1446,195,195,201,1536,1456,759,1196,273,261,80,2046,1124,977,702,794,458,458,201,1522,1386,1109,1228,594,594,201,6419,4934,3968,2139,3077,1962,5426,4072,2719,2985,3109,2882,2511,2399,890,1381,2315,2129,2058,628,570,2291,1925,1769,729,1141,4135,2245,2284,857,2121,301,301,201,2335,2242,1062,2094,387,378,80,2046,1816,1537,1577,850,850,201
ACSSF,2011m1,co,000,0170,0000105,1748,4492,3279,3173,850,3205,727,681,374,3389,3318,757,3208,565,539,232,3924,2919,2734,944,2534,788,792,59,2859,2627,1156,2635,726,722,299,3731,2198,2138,1171,1921,967,985,196,2899,2663,1380,2350,989,1045,285,1806,6725,5341,2911,4736,2961,6772,5546,4627,3598,3674,8452,7440,6900,3261,3007,7078,6976,6612,1841,2254,8087,8026,8000,1578,1973,1748,4492,4335,1166,4408,965,865,427,3924,3698,1641,3597,1072,1077,308,3731,3567,1942,2961,1402,1474,374
ACSSF,2011m1,co,000,0170,0000106,3212,2414,1574,1530,124,1550,522,487,149,1594,1589,150,1611,375,352,106,2171,1103,1062,484,991,336,321,56,1568,1593,421,1437,328,328,201,2389,1249,913,449,787,782,785,321,1564,1253,543,1099,971,966,146,3716,2263,2008,1662,1444,780,3514,3060,2712,1579,1544,3204,2696,2559,1365,1222,1763,1704,1578,815,365,4823,4673,4671,1138,1215,3212,2414,2357,203,2394,663,608,188,2171,2207,709,1880,504,490,56,2389,1718,777,1436,1445,1480,352
ACSSF,2011m1,co,000,0170,0000107,4045,3634,2599,2610,516,2561,305,294,91,2164,2071,168,2060,586,586,201,2983,1851,1924,603,1883,387,385,42,2479,2502,216,2516,451,451,201,2382,1455,1181,611,1136,910,907,111,1930,1787,1163,1444,1051,1051,201,5864,3369,2489,1144,2156,1873,5344,3844,3382,2193,2866,5114,4775,4708,1272,1703,4044,3847,3687,777,766,6339,6134,5993,1662,1341,4045,3634,3443,572,3334,646,638,91,2983,3086,662,3021,552,550,42,2382,2085,1409,1821,1544,1543,111
ACSSF,2011m1,co,000,0170,0000108,3759,3291,2190,2206,543,2154,119,201,119,2107,2105,578,2067,338,338,201,3186,1917,1926,643,1825,440,440,201,2253,2202,538,2117,377,353,131,2665,1346,1050,589,826,818,818,201,2039,1818,951,1534,906,906,201,5769,3352,2890,1019,2872,1241,4419,4008,3600,2667,1546,5477,4662,4302,1880,2625,3307,3226,3094,836,478,4484,4388,4393,894,911,3759,3291,3383,846,3320,400,338,119,3186,3173,920,3067,590,573,131,2665,2144,1194,1791,1434,1434,201
ACSSF,2011m1,co,000,0170,0000109,2705,2426,1644,1637,558,1667,265,265,201,1617,1608,449,1612,198,198,201,1996,1374,1321,739,1268,401,401,201,1354,1346,832,1182,473,473,201,2207,1349,1244,970,957,624,624,201,1395,1290,972,776,752,766,94,2235,2808,2810,1457,2685,1276,3978,3600,2570,3052,1408,3300,3153,2818,1257,1006,2772,2614,2438,1112,509,2796,2754,2732,563,283,2705,2426,2384,738,2410,315,315,201,1996,1907,1223,1805,575,575,201,2207,2061,1652,1349,1161,1164,94
ACSSF,2011m1,co,000,0170,0000110,5782,4963,2936,2886,894,3048,370,358,82,3230,3133,727,3061,812,792,112,3410,2099,1979,811,1845,617,617,201,2668,2729,1355,2140,316,316,201,3865,2332,2201,1463,1933,888,892,113,2721,2363,1469,1965,1278,1218,401,6953,4761,3895,2165,3367,2334,6068,5313,3784,4135,2313,7262,5577,4967,2252,3886,4454,4000,3852,1503,1186,8081,7560,7263,1400,1575,5782,4963,4789,1179,4878,918,894,139,3410,3596,1571,3006,743,743,201,3865,3492,2282,2955,1741,1731,419
ACSSF,2011m1,co,000,0170,0000111,4397,3144,1982,1986,277,1958,107,92,46,1711,1713,289,1645,434,72,428,2001,1281,1295,487,1279,155,131,86,1426,1454,543,1331,320,305,84,2023,1084,937,697,610,635,493,430,1588,1387,544,1322,782,781,85,5565,4205,2287,1239,2113,3054,4161,3230,2303,2200,2346,3237,2693,2630,1147,1393,2782,1876,1869,465,1799,2865,2164,1883,980,1588,4397,3144,3130,411,3075,444,117,429,2001,2040,747,2038,374,351,121,2023,1635,918,1493,997,923,434
