ACSSF,2011m1,co,000,0009,0000001,30664,1455,903,838,13013,5115,790,1311,1885,1596,2884,451,971,2206,1516,1091,197,795,2888,915,1669,1137,2960,1704,1186,2109,201,372,1610,201,4240,1634,4368,6868,2544,14239,447,7797,1959,8334,3771,20011,554,3078,150,2571,718,1659,16075,935,12011,1787,2651,325,204,569,703,2184,7042,694,8253,1845,1666,5360,2715,5710,11224,1078,1133,1701,1797,201,5574,108,2635,864,276,255,581,201,114,1634,943,1096,60,201,4017,1450,6327,2805,895,2086,4733,2420,201,222,201,201,103,241,711,2194,483,201,829,201,2104,21165,30664,13013,5115,2960,4240,4368,6868,14239,7797,8334,3771,20011,3078,2571,16075,12011,2651,7042,8253,1845,5360,5710,11224,1701,5574,6327,2805,2086,4733,2420,22153
ACSSF,2011m1,co,000,0009,0000002,31952,1010,346,201,10224,3571,790,1308,496,1525,677,438,774,1546,1516,957,197,803,2404,746,1471,1135,2327,762,1186,1885,201,342,1331,201,4166,1420,4315,6904,2520,11878,442,6979,1843,7166,2308,18674,249,2906,150,1837,701,1638,13685,905,10965,752,2163,294,204,569,134,1816,6058,381,6595,1631,1635,4528,2425,5412,7102,835,1090,1493,1195,201,5153,108,2636,864,276,255,581,201,114,1634,947,1096,60,201,3293,1410,5749,2117,901,1867,3787,2362,201,222,201,201,103,96,711,2194,175,201,708,201,1883,22601,31952,10224,3571,2327,4166,4315,6904,11878,6979,7166,2308,18674,2906,1837,13685,10965,2163,6058,6595,1631,4528,5412,7102,1493,5153,5749,2117,1867,3787,2362,23275
ACSSF,2011m1,co,000,0009,0000003,,,,,,,,,,,,,,,,,,,,,,,,,,,,,,,,,,,,,,,,,,,,,,,,,,,,,,,,,,,,,,,,,,,,,,,,,,,,,,,,,,,,,,,,,,,,,,,,,,,,,,,,,,,,,35610,7497,3874,1599,1617,1691,3631,8457,3201,4679,2952,14371,1057,1469,9424,7899,1492,2922,5131,765,2668,2399,7730,618,2581,4589,1940,1341,3181,671,18744
ACSSF,2011m1,co,000,0009,0000004,30442,1455,903,838,12189,5164,790,1311,1885,1576,2884,451,965,2205,1566,1087,197,771,2500,750,1712,1135,2807,1709,1186,2086,201,376,1570,201,4290,1602,4343,6743,2543,13551,442,7330,1994,8105,3667,19601,554,2976,150,2602,718,1659,16913,935,11773,1787,2557,325,204,569,134,2053,6450,692,7994,1864,1631,5052,2632,5308,10879,1023,1141,1672,1783,201,5488,108,2636,864,276,255,581,201,114,1634,946,1096,60,201,3895,1450,6239,2484,895,2112,4685,2390,201,222,201,201,103,241,711,2194,483,201,708,201,2128,22461,30442,12189,5164,2807,4290,4343,6743,13551,7330,8105,3667,19601,2976,2602,16913,11773,2557,6450,7994,1864,5052,5308,10879,1672,5488,6239,2484,2112,4685,2390,23578
ACSSF,2011m1,co,000,0009,0000005,29889,1455,903,838,12168,5156,790,1311,1885,1569,2884,438,965,2205,1566,1087,197,651,2486,733,1484,1135,2692,1039,951,2082,201,356,1551,201,4297,1557,4391,6577,2543,13021,442,7253,1888,8250,3574,19270,550,2965,150,2558,718,1659,16006,935,11405,1763,2531,325,204,569,134,2046,6181,670,7334,1784,1631,4904,2567,5072,10866,1023,1143,1590,1683,201,5487,108,2636,864,276,255,581,201,114,1468,946,1096,60,201,3888,1450,6290,2421,883,2075,4532,2390,201,222,201,201,103,241,711,2194,483,201,708,201,1884,21826,29889,12168,5156,2692,4297,4391,6577,13021,7253,8250,3574,19270,2965,2558,16006,11405,2531,6181,7334,1784,4904,5072,10866,1590,5487,6290,2421,2075,4532,2390,22891
ACSSF,2011m1,co,000,0009,0000006,22073,1026,168,201,7311,3897,642,911,443,1028,2843,384,589,1288,936,818,158,584,1442,377,756,1051,1840,886,951,1155,201,242,1235,201,2375,880,2300,3653,1889,9037,353,5402,1302,5695,1781,12071,116,2275,150,1572,519,1219,10016,892,7388,1524,2275,260,155,56,58,1382,4217,232,4519,1360,1428,3076,1380,3771,4876,728,538,657,671,201,4071,108,2577,799,276,255,485,201,114,1464,309,540,60,201,2673,1431,4390,1367,300,1263,3388,1705,201,222,201,201,103,51,628,1367,75,201,680,201,1216,16319,22073,7311,3897,1840,2375,2300,3653,9037,5402,5695,1781,12071,2275,1572,10016,7388,2275,4217,4519,1360,3076,3771,4876,657,4071,4390,1367,1263,3388,1705,17137
ACSSF,2011m1,co,000,0009,0000007,23691,925,884,838,9982,3470,395,923,1815,1142,505,226,744,1737,1319,680,111,454,1658,601,1294,519,2050,626,201,1811,201,223,1050,201,3573,1355,3444,5840,1751,9610,213,4702,1348,6693,3187,16348,536,2312,201,1943,444,1108,13279,337,8773,758,1116,206,138,569,121,1320,4948,632,7118,1243,873,3454,1934,3629,8348,782,1096,1429,1515,201,3413,201,684,466,201,201,319,201,201,95,867,966,201,201,3119,171,5106,2099,829,1703,2742,1542,201,201,201,201,201,262,339,1442,478,201,160,201,1435,17676,23691,9982,3470,2050,3573,3444,5840,9610,4702,6693,3187,16348,2312,1943,13279,8773,1116,4948,7118,1243,3454,3629,8348,1429,3413,5106,2099,1703,2742,1542,17944
ACSSF,2011m1,co,000,0009,0000008,,,,,,,,,,,,,,,,,,,,,,,,,,,,,,,,,,,,,,,,,,,,,,,,,,,,,,,,,,,,,,,,,,,,,,,,,,,,,,,,,,,,,,,,,,,,,,,,,,,,,,,,,,,,,9365,2199,203,451,353,563,1474,3877,1063,1486,998,5252,406,237,4262,3579,494,1691,2960,403,1018,1302,1618,429,865,1310,659,546,737,201,5079
ACSSF,2011m1,co,000,0009,0000009,,,,,,,,,,,,,,,,,,,,,,,,,,,,,,,,,,,,,,,,,,,,,,,,,,,,,,,,,,,,,,,,,,,,,,,,,,,,,,,,,,,,,,,,,,,,,,,,,,,,,,,,,,,,,10634,1545,178,167,242,238,810,2717,660,1178,278,3388,223,202,3325,2938,99,879,2556,201,297,1055,985,201,696,801,179,201,588,201,5383
ACSSF,2011m1,co,000,0009,0000010,,,,,,,,,,,,,,,,,,,,,,,,,,,,,,,,,,,,,,,,,,,,,,,,,,,,,,,,,,,,,,,,,,,,,,,,,,,,,,,,,,,,,,,,,,,,,,,,,,,,,,,,,,,,,11573,1687,108,441,261,546,1210,2986,897,1174,950,4515,358,116,3692,2221,485,1440,1182,403,984,894,1365,429,518,1289,638,546,644,201,6228
ACSSF,2011m1,co,000,0009,0000011,,,,,,,,,,,,,,,,,,,,,,,,,,,,,,,,,,,,,,,,,,,,,,,,,,,,,,,,,,,,,,,,,,,,,,,,,,,,,,,,,,,,,,,,,,,,,,,,,,,,,,,,,,,,,9972,3374,392,1021,985,838,1354,3498,1783,2244,792,5479,715,364,4290,3250,228,2416,1798,196,1578,1355,2374,204,401,2148,1157,411,1231,365,5825
ACSSF,2011m1,co,000,0009,0000012,,,,,,,,,,,,,,,,,,,,,,,,,,,,,,,,,,,,,,,,,,,,,,,,,,,,,,,,,,,,,,,,,,,,,,,,,,,,,,,,,,,,,,,,,,,,,,,,,,,,,,,,,,,,,11860,3772,430,1151,1052,918,1882,5610,2250,2700,1316,6218,838,458,5697,4320,541,2822,3513,391,1871,2036,3043,468,852,2457,1334,677,1401,365,7933
ACSSF,2011m1,co,000,0009,0000013,,,,,,,,,,,,,,,,,,,,,,,,,,,,,,,,,,,,,,,,,,,,,,,,,,,,,,,,,,,,,,,,,,,,,,,,,,,,,,,,,,,,,,,,,,,,,,,,,,,,,,,,,,,,,12214,5948,516,694,944,1185,2578,3571,2150,2056,949,4815,723,716,4290,3350,313,1620,2585,237,1333,861,1809,119,2005,2246,1028,1149,900,456,7667
ACSSF,2011m1,co,000,0009,0000014,,,,,,,,,,,,,,,,,,,,,,,,,,,,,,,,,,,,,,,,,,,,,,,,,,,,,,,,,,,,,,,,,,,,,,,,,,,,,,,,,,,,,,,,,,,,,,,,,,,,,,,,,,,,,11948,4231,2239,1219,1028,1554,2098,5866,1829,2919,972,7857,1345,823,6005,3114,1534,2430,2471,440,1962,1547,3204,478,3905,1738,819,1040,1302,2195,11504
ACSSF,2011m1,co,000,0009,0000015,,,,,,,,,,,,,,,,,,,,,,,,,,,,,,,,,,,,,,,,,,,,,,,,,,,,,,,,,,,,,,,,,,,,,,,,,,,,,,,,,,,,,,,,,,,,,,,,,,,,,,,,,,,,,7752,2452,686,813,1241,846,1918,3430,2663,2594,1180,5015,932,903,4436,2906,936,1704,2543,278,1318,1096,1658,368,490,1401,653,546,1331,129,4493
ACSSF,2011m1,co,000,0009,0000016,9121,201,77,201,3025,1498,313,39,195,389,330,38,184,988,660,102,125,140,626,108,499,938,935,180,228,501,201,201,669,201,934,343,667,1716,383,3901,101,3481,427,2177,1006,5393,201,1165,150,780,79,477,5146,732,3139,118,478,201,84,201,58,824,2235,201,2657,983,722,1512,936,1617,1897,622,240,245,390,201,2799,201,1665,444,201,201,391,201,114,1464,301,201,201,201,1924,435,2026,903,223,838,1285,267,201,213,201,201,103,51,81,54,201,201,201,201,605,6445,9121,3025,1498,935,934,667,1716,3901,3481,2177,1006,5393,1165,780,5146,3139,478,2235,2657,983,1512,1617,1897,245,2799,2026,903,838,1285,267,6648
ACSSF,2011m1,co,000,0009,0000017,,,,,,,,,,,,,,,,,,,,,,,,,,,,,,,,,,,,,,,,,,,,,,,,,,,,,,,,,,,,,,,,,,,,,,,,,,,,,,,,,,,,,,,,,,,,,,,,,,,,,,,,,,,,,10351,2962,2626,655,1320,1321,1984,4949,1966,3187,1139,6090,1077,719,5678,4168,545,2323,3032,316,1320,2105,1976,947,794,2585,719,343,1284,278,6589
ACSSF,2011m1,co,000,0009,0000018,,,,,,,,,,,,,,,,,,,,,,,,,,,,,,,,,,,,,,,,,,,,,,,,,,,,,,,,,,,,,,,,,,,,,,,,,,,,,,,,,,,,,,,,,,,,,,,,,,,,,,,,,,,,,13440,4933,3300,986,2511,1556,2382,5765,2037,3548,845,8212,1471,1193,7482,5107,628,2311,3293,957,1748,2156,3954,601,978,2069,899,605,3086,765,8459
ACSSF,2011m1,co,000,0009,0000019,,,,,,,,,,,,,,,,,,,,,,,,,,,,,,,,,,,,,,,,,,,,,,,,,,,,,,,,,,,,,,,,,,,,,,,,,,,,,,,,,,,,,,,,,,,,,,,,,,,,,,,,,,,,,10078,3259,937,1119,1920,1882,1971,4194,2368,2454,1113,6826,983,993,6006,3339,516,2007,2628,318,1388,1587,2676,525,1080,2242,703,783,1143,585,6803
ACSSF,2011m1,co,000,0009,0000020,,,,,,,,,,,,,,,,,,,,,,,,,,,,,,,,,,,,,,,,,,,,,,,,,,,,,,,,,,,,,,,,,,,,,,,,,,,,,,,,,,,,,,,,,,,,,,,,,,,,,,,,,,,,,10222,2736,877,616,1409,1381,2690,4719,2274,2713,916,6126,696,644,4305,3571,534,2768,1816,929,1420,1445,2186,481,467,2469,999,561,1259,103,5189
ACSSF,2011m1,co,000,0009,0000021,,,,,,,,,,,,,,,,,,,,,,,,,,,,,,,,,,,,,,,,,,,,,,,,,,,,,,,,,,,,,,,,,,,,,,,,,,,,,,,,,,,,,,,,,,,,,,,,,,,,,,,,,,,,,6211,2657,205,413,540,1047,1873,3486,1012,1443,515,3820,200,89,2930,1780,201,974,608,436,1015,2135,1653,134,268,1423,348,50,927,90,4448
ACSSF,2011m1,co,000,0009,0000022,,,,,,,,,,,,,,,,,,,,,,,,,,,,,,,,,,,,,,,,,,,,,,,,,,,,,,,,,,,,,,,,,,,,,,,,,,,,,,,,,,,,,,,,,,,,,,,,,,,,,,,,,,,,,5134,2113,222,550,204,809,878,1653,1494,1330,424,2799,254,299,2525,1954,142,479,764,521,821,551,976,256,285,961,136,26,372,211,3505
ACSSF,2011m1,co,000,0009,0000023,,,,,,,,,,,,,,,,,,,,,,,,,,,,,,,,,,,,,,,,,,,,,,,,,,,,,,,,,,,,,,,,,,,,,,,,,,,,,,,,,,,,,,,,,,,,,,,,,,,,,,,,,,,,,10508,4652,142,299,480,2186,1406,2956,1264,1106,2140,6860,234,675,3145,3286,269,1256,3124,260,1415,643,6775,113,143,2678,485,459,990,201,6131
ACSSF,2011m1,co,000,0009,0000024,,,,,,,,,,,,,,,,,,,,,,,,,,,,,,,,,,,,,,,,,,,,,,,,,,,,,,,,,,,,,,,,,,,,,,,,,,,,,,,,,,,,,,,,,,,,,,,,,,,,,,,,,,,,,4665,1523,88,329,853,490,612,1866,1168,726,603,3376,227,280,2226,1566,285,657,893,116,597,501,662,156,647,920,340,275,547,91,4699
ACSSF,2011m1,co,000,0009,0000025,,,,,,,,,,,,,,,,,,,,,,,,,,,,,,,,,,,,,,,,,,,,,,,,,,,,,,,,,,,,,,,,,,,,,,,,,,,,,,,,,,,,,,,,,,,,,,,,,,,,,,,,,,,,,9388,2856,1373,605,509,959,1034,4251,1072,2056,645,4925,887,662,4025,2244,1487,1859,1354,149,1540,1373,2627,319,2818,1523,509,514,986,1501,10621
ACSSF,2011m1,co,000,0009,0000026,,,,,,,,,,,,,,,,,,,,,,,,,,,,,,,,,,,,,,,,,,,,,,,,,,,,,,,,,,,,,,,,,,,,,,,,,,,,,,,,,,,,,,,,,,,,,,,,,,,,,,,,,,,,,4210,1057,485,515,705,523,840,1938,1492,1377,432,2263,492,727,1933,1466,700,808,1093,115,795,813,820,175,424,744,340,239,735,201,3006
ACSSF,2011m1,co,000,0009,0000027,,,,,,,,,,,,,,,,,,,,,,,,,,,,,,,,,,,,,,,,,,,,,,,,,,,,,,,,,,,,,,,,,,,,,,,,,,,,,,,,,,,,,,,,,,,,,,,,,,,,,,,,,,,,,4804,1584,572,277,478,609,1049,2482,776,1291,236,3642,201,263,2424,1441,127,1001,1273,233,827,711,895,277,2056,800,439,346,458,79,4091
ACSSF,2011m1,co,000,0009,0000028,,,,,,,,,,,,,,,,,,,,,,,,,,,,,,,,,,,,,,,,,,,,,,,,,,,,,,,,,,,,,,,,,,,,,,,,,,,,,,,,,,,,,,,,,,,,,,,,,,,,,,,,,,,,,11359,4194,3345,839,1137,837,1842,4799,1856,2462,779,7433,1420,908,5132,4332,571,1361,2815,413,1509,2118,2924,436,801,1640,781,485,2974,709,8631
ACSSF,2011m1,co,000,0009,0000029,9121,201,77,201,3025,1498,313,39,195,389,330,38,184,988,660,102,125,140,626,108,499,938,935,180,228,501,201,201,669,201,934,343,667,1716,383,3901,101,3481,427,2177,1006,5393,201,1165,150,780,79,477,5146,732,3139,118,478,201,84,201,58,824,2235,201,2657,983,722,1512,936,1617,1897,622,240,245,390,201,2799,201,1665,444,201,201,391,201,114,1464,301,201,201,201,1924,435,2026,903,223,838,1285,267,201,213,201,201,103,51,81,54,201,201,201,201,605,6445,9121,3025,1498,935,934,667,1716,3901,3481,2177,1006,5393,1165,780,5146,3139,478,2235,2657,983,1512,1617,1897,245,2799,2026,903,838,1285,267,6648
ACSSF,2011m1,co,000,0009,0000030,,,,,,,,,,,,,,,,,,,,,,,,,,,,,,,,,,,,,,,,,,,,,,,,,,,,,,,,,,,,,,,,,,,,,,,,,,,,,,,,,,,,,,,,,,,,,,,,,,,,,,,,,,,,,7600,1544,877,454,1326,824,1481,2726,1525,1852,713,3457,708,393,2545,2534,436,1402,1268,432,1179,1052,1317,250,438,2077,385,225,501,103,3547
ACSSF,2011m1,co,000,0009,0000031,,,,,,,,,,,,,,,,,,,,,,,,,,,,,,,,,,,,,,,,,,,,,,,,,,,,,,,,,,,,,,,,,,,,,,,,,,,,,,,,,,,,,,,,,,,,,,,,,,,,,,,,,,,,,5208,2298,201,199,204,1624,639,1807,676,945,285,2604,60,407,2441,1149,87,807,429,56,318,434,854,201,201,822,330,145,858,201,4716
ACSSF,2011m1,co,000,0009,0000032,,,,,,,,,,,,,,,,,,,,,,,,,,,,,,,,,,,,,,,,,,,,,,,,,,,,,,,,,,,,,,,,,,,,,,,,,,,,,,,,,,,,,,,,,,,,,,,,,,,,,,,,,,,,,9693,1813,1807,203,337,835,1565,3806,1080,1914,1019,3952,843,357,3410,3094,450,1694,2129,316,959,1955,1293,947,500,1845,631,304,784,201,5083
ACSSF,2011m1,co,000,0009,0000033,,,,,,,,,,,,,,,,,,,,,,,,,,,,,,,,,,,,,,,,,,,,,,,,,,,,,,,,,,,,,,,,,,,,,,,,,,,,,,,,,,,,,,,,,,,,,,,,,,,,,,,,,,,,,5506,1315,385,449,862,1373,1382,2551,725,1164,537,3719,356,304,3286,1790,116,883,1361,143,856,767,971,227,189,1228,507,305,422,595,4260
ACSSF,2011m1,co,000,0009,0000034,,,,,,,,,,,,,,,,,,,,,,,,,,,,,,,,,,,,,,,,,,,,,,,,,,,,,,,,,,,,,,,,,,,,,,,,,,,,,,,,,,,,,,,,,,,,,,,,,,,,,,,,,,,,,5106,1154,279,403,535,601,1272,2332,1582,1353,1049,3008,560,125,3132,1633,162,1048,1093,225,120,672,787,180,201,849,112,61,829,201,3517
ACSSF,2011m1,co,000,0009,0000035,,,,,,,,,,,,,,,,,,,,,,,,,,,,,,,,,,,,,,,,,,,,,,,,,,,,,,,,,,,,,,,,,,,,,,,,,,,,,,,,,,,,,,,,,,,,,,,,,,,,,,,,,,,,,5167,980,201,207,467,818,1449,1956,1605,1104,290,3012,178,165,2427,1338,234,1313,884,677,261,495,764,299,199,1170,396,511,485,201,2908
ACSSF,2011m1,co,000,0009,0000036,,,,,,,,,,,,,,,,,,,,,,,,,,,,,,,,,,,,,,,,,,,,,,,,,,,,,,,,,,,,,,,,,,,,,,,,,,,,,,,,,,,,,,,,,,,,,,,,,,,,,,,,,,,,,3803,1413,210,354,56,219,280,1194,1237,919,309,2104,254,279,1522,1826,142,433,669,140,740,271,540,256,193,552,80,201,249,211,3582
ACSSF,2011m1,co,000,0009,0000037,,,,,,,,,,,,,,,,,,,,,,,,,,,,,,,,,,,,,,,,,,,,,,,,,,,,,,,,,,,,,,,,,,,,,,,,,,,,,,,,,,,,,,,,,,,,,,,,,,,,,,,,,,,,,5906,3507,284,324,338,440,1067,2181,1579,1588,193,3730,559,237,3672,1572,130,737,1673,160,514,567,1439,201,1118,1330,349,129,316,447,5322
ACSSF,2011m1,co,000,0009,0000038,,,,,,,,,,,,,,,,,,,,,,,,,,,,,,,,,,,,,,,,,,,,,,,,,,,,,,,,,,,,,,,,,,,,,,,,,,,,,,,,,,,,,,,,,,,,,,,,,,,,,,,,,,,,,3778,1556,562,585,1777,400,675,2227,1508,1356,325,2911,80,431,1901,2555,358,797,1112,160,410,485,943,81,448,890,211,585,212,201,4473
ACSSF,2011m1,co,000,0009,0000039,,,,,,,,,,,,,,,,,,,,,,,,,,,,,,,,,,,,,,,,,,,,,,,,,,,,,,,,,,,,,,,,,,,,,,,,,,,,,,,,,,,,,,,,,,,,,,,,,,,,,,,,,,,,,4210,1057,485,515,705,523,840,1938,1492,1377,432,2263,492,727,1933,1466,700,808,1093,115,795,813,820,175,424,744,340,239,735,201,3006
ACSSF,2011m1,co,000,0009,0000040,,,,,,,,,,,,,,,,,,,,,,,,,,,,,,,,,,,,,,,,,,,,,,,,,,,,,,,,,,,,,,,,,,,,,,,,,,,,,,,,,,,,,,,,,,,,,,,,,,,,,,,,,,,,,11359,4194,3345,839,1137,837,1842,4799,1856,2462,779,7433,1420,908,5132,4332,571,1361,2815,413,1509,2118,2924,436,801,1640,781,485,2974,709,8631
ACSSF,2011m1,co,000,0009,0000041,,,,,,,,,,,,,,,,,,,,,,,,,,,,,,,,,,,,,,,,,,,,,,,,,,,,,,,,,,,,,,,,,,,,,,,,,,,,,,,,,,,,,,,,,,,,,,,,,,,,,,,,,,,,,9388,2856,1373,605,509,959,1034,4251,1072,2056,645,4925,887,662,4025,2244,1487,1859,1354,149,1540,1373,2627,319,2818,1523,509,514,986,1501,10621
ACSSF,2011m1,co,000,0009,0000042,9121,201,77,201,3025,1498,313,39,195,389,330,38,184,988,660,102,125,140,626,108,499,938,935,180,228,501,201,201,669,201,934,343,667,1716,383,3901,101,3481,427,2177,1006,5393,201,1165,150,780,79,477,5146,732,3139,118,478,201,84,201,58,824,2235,201,2657,983,722,1512,936,1617,1897,622,240,245,390,201,2799,201,1665,444,201,201,391,201,114,1464,301,201,201,201,1924,435,2026,903,223,838,1285,267,201,213,201,201,103,51,81,54,201,201,201,201,605,6445,9121,3025,1498,935,934,667,1716,3901,3481,2177,1006,5393,1165,780,5146,3139,478,2235,2657,983,1512,1617,1897,245,2799,2026,903,838,1285,267,6648
ACSSF,2011m1,co,000,0009,0000043,,,,,,,,,,,,,,,,,,,,,,,,,,,,,,,,,,,,,,,,,,,,,,,,,,,,,,,,,,,,,,,,,,,,,,,,,,,,,,,,,,,,,,,,,,,,,,,,,,,,,,,,,,,,,7600,1544,877,454,1326,824,1481,2726,1525,1852,713,3457,708,393,2545,2534,436,1402,1268,432,1179,1052,1317,250,438,2077,385,225,501,103,3547
ACSSF,2011m1,co,000,0009,0000044,,,,,,,,,,,,,,,,,,,,,,,,,,,,,,,,,,,,,,,,,,,,,,,,,,,,,,,,,,,,,,,,,,,,,,,,,,,,,,,,,,,,,,,,,,,,,,,,,,,,,,,,,,,,,5167,980,201,207,467,818,1449,1956,1605,1104,290,3012,178,165,2427,1338,234,1313,884,677,261,495,764,299,199,1170,396,511,485,201,2908
ACSSF,2011m1,co,000,0009,0000045,,,,,,,,,,,,,,,,,,,,,,,,,,,,,,,,,,,,,,,,,,,,,,,,,,,,,,,,,,,,,,,,,,,,,,,,,,,,,,,,,,,,,,,,,,,,,,,,,,,,,,,,,,,,,5208,2298,201,199,204,1624,639,1807,676,945,285,2604,60,407,2441,1149,87,807,429,56,318,434,854,201,201,822,330,145,858,201,4716
ACSSF,2011m1,co,000,0009,0000046,,,,,,,,,,,,,,,,,,,,,,,,,,,,,,,,,,,,,,,,,,,,,,,,,,,,,,,,,,,,,,,,,,,,,,,,,,,,,,,,,,,,,,,,,,,,,,,,,,,,,,,,,,,,,3803,1413,210,354,56,219,280,1194,1237,919,309,2104,254,279,1522,1826,142,433,669,140,740,271,540,256,193,552,80,201,249,211,3582
ACSSF,2011m1,co,000,0009,0000047,10690,201,77,201,3030,1505,313,39,195,389,330,38,184,995,660,102,125,140,663,124,499,938,948,180,228,501,201,201,794,201,1203,350,732,2009,383,3910,101,3543,453,2297,1012,5533,201,1206,150,906,79,606,5593,732,3224,442,488,201,84,201,58,825,2276,201,2698,991,723,1702,862,1674,2025,629,240,245,390,201,2783,201,1725,444,201,201,391,201,114,1464,301,201,201,201,1955,435,2163,934,223,840,1326,1366,201,213,201,201,103,96,318,1316,201,201,201,201,605,7379,10690,3030,1505,948,1203,732,2009,3910,3543,2297,1012,5533,1206,906,5593,3224,488,2276,2698,991,1702,1674,2025,245,2783,2163,934,840,1326,1366,7669
ACSSF,2011m1,co,000,0009,0000048,,,,,,,,,,,,,,,,,,,,,,,,,,,,,,,,,,,,,,,,,,,,,,,,,,,,,,,,,,,,,,,,,,,,,,,,,,,,,,,,,,,,,,,,,,,,,,,,,,,,,,,,,,,,,14120,6367,915,1130,2014,1803,2370,6600,3654,3199,1027,6974,1053,1073,6884,5554,1657,2027,4800,584,2351,1888,3137,343,1580,3299,1047,1267,1374,129,10667
ACSSF,2011m1,co,000,0009,0000049,,,,,,,,,,,,,,,,,,,,,,,,,,,,,,,,,,,,,,,,,,,,,,,,,,,,,,,,,,,,,,,,,,,,,,,,,,,,,,,,,,,,,,,,,,,,,,,,,,,,,,,,,,,,,10593,4814,534,774,1088,1507,2524,5649,2599,3250,935,6716,798,543,5400,4320,286,2618,2299,687,1595,2316,2841,335,556,2570,1145,404,1649,436,7492
ACSSF,2011m1,co,000,0009,0000050,,,,,,,,,,,,,,,,,,,,,,,,,,,,,,,,,,,,,,,,,,,,,,,,,,,,,,,,,,,,,,,,,,,,,,,,,,,,,,,,,,,,,,,,,,,,,,,,,,,,,,,,,,,,,19700,5406,917,1289,1680,2460,3295,5984,2832,3302,2534,10262,936,824,5645,4694,479,3000,3418,965,1956,1554,7327,519,800,2790,1082,598,1711,103,9485
ACSSF,2011m1,co,000,0009,0000051,,,,,,,,,,,,,,,,,,,,,,,,,,,,,,,,,,,,,,,,,,,,,,,,,,,,,,,,,,,,,,,,,,,,,,,,,,,,,,,,,,,,,,,,,,,,,,,,,,,,,,,,,,,,,14531,5104,3301,1071,2570,1646,2537,6041,2107,3731,1215,8942,1480,1225,7902,5531,645,2302,3445,976,1695,2358,3888,723,1099,2255,1013,617,3102,764,9783
ACSSF,2011m1,co,000,0009,0000052,,,,,,,,,,,,,,,,,,,,,,,,,,,,,,,,,,,,,,,,,,,,,,,,,,,,,,,,,,,,,,,,,,,,,,,,,,,,,,,,,,,,,,,,,,,,,,,,,,,,,,,,,,,,,18447,5081,2680,1691,1568,2052,2969,7840,3058,4447,1452,9592,1501,1184,9201,5887,1622,3397,3999,521,2370,2292,3760,1052,2708,3141,1278,927,1712,529,11385
ACSSF,2011m1,co,000,0009,0000053,,,,,,,,,,,,,,,,,,,,,,,,,,,,,,,,,,,,,,,,,,,,,,,,,,,,,,,,,,,,,,,,,,,,,,,,,,,,,,,,,,,,,,,,,,,,,,,,,,,,,,,,,,,,,17362,4089,2406,797,1259,1988,2621,4494,1753,2165,1654,8027,1300,901,6030,3257,455,1875,2181,276,1928,1963,2056,538,3550,2368,1096,1174,1235,1446,13668
ACSSF,2011m1,co,000,0009,0000054,,,,,,,,,,,,,,,,,,,,,,,,,,,,,,,,,,,,,,,,,,,,,,,,,,,,,,,,,,,,,,,,,,,,,,,,,,,,,,,,,,,,,,,,,,,,,,,,,,,,,,,,,,,,,6322,2138,87,277,523,578,659,2866,892,1229,493,3163,644,205,2819,1246,64,1808,1607,107,1028,710,1669,49,201,995,366,384,387,201,2949
ACSSF,2011m1,co,000,0009,0000055,,,,,,,,,,,,,,,,,,,,,,,,,,,,,,,,,,,,,,,,,,,,,,,,,,,,,,,,,,,,,,,,,,,,,,,,,,,,,,,,,,,,,,,,,,,,,,,,,,,,,,,,,,,,,9035,2020,429,364,573,1015,2076,3668,2067,2331,510,5025,322,509,3380,3354,276,2052,1229,856,698,978,1573,409,199,1283,912,520,1070,201,5030
ACSSF,2011m1,co,000,0009,0000056,,,,,,,,,,,,,,,,,,,,,,,,,,,,,,,,,,,,,,,,,,,,,,,,,,,,,,,,,,,,,,,,,,,,,,,,,,,,,,,,,,,,,,,,,,,,,,,,,,,,,,,,,,,,,6392,2680,205,412,540,1047,1889,3496,992,1423,515,3774,200,89,2862,1771,201,980,607,436,1015,2128,1656,134,268,1425,348,50,929,90,4487
ACSSF,2011m1,co,000,0009,0000057,,,,,,,,,,,,,,,,,,,,,,,,,,,,,,,,,,,,,,,,,,,,,,,,,,,,,,,,,,,,,,,,,,,,,,,,,,,,,,,,,,,,,,,,,,,,,,,,,,,,,,,,,,,,,9490,1510,743,454,1326,824,1481,2328,1477,1579,713,3482,708,393,2575,2053,436,1404,1169,370,979,1025,1067,250,438,2059,385,225,501,103,3660
ACSSF,2011m1,co,000,0009,0000058,,,,,,,,,,,,,,,,,,,,,,,,,,,,,,,,,,,,,,,,,,,,,,,,,,,,,,,,,,,,,,,,,,,,,,,,,,,,,,,,,,,,,,,,,,,,,,,,,,,,,,,,,,,,,10508,4652,142,299,480,2186,1406,2956,1264,1106,2140,6860,234,675,3145,3286,269,1256,3124,260,1415,643,6775,113,143,2678,485,459,990,201,6131
ACSSF,2011m1,co,000,0009,0000059,,,,,,,,,,,,,,,,,,,,,,,,,,,,,,,,,,,,,,,,,,,,,,,,,,,,,,,,,,,,,,,,,,,,,,,,,,,,,,,,,,,,,,,,,,,,,,,,,,,,,,,,,,,,,5497,1322,95,917,312,341,602,1863,662,791,618,3370,162,281,2589,938,201,767,947,30,1095,660,918,143,639,1198,388,201,566,201,3422
ACSSF,2011m1,co,000,0009,0000060,,,,,,,,,,,,,,,,,,,,,,,,,,,,,,,,,,,,,,,,,,,,,,,,,,,,,,,,,,,,,,,,,,,,,,,,,,,,,,,,,,,,,,,,,,,,,,,,,,,,,,,,,,,,,4769,702,133,276,206,524,350,1246,435,1000,265,2042,201,180,1665,1250,201,592,290,90,293,344,554,47,150,695,883,74,947,365,3426
ACSSF,2011m1,co,000,0009,0000061,,,,,,,,,,,,,,,,,,,,,,,,,,,,,,,,,,,,,,,,,,,,,,,,,,,,,,,,,,,,,,,,,,,,,,,,,,,,,,,,,,,,,,,,,,,,,,,,,,,,,,,,,,,,,5430,2067,222,519,204,809,878,1568,1482,1313,403,2591,254,279,2497,1976,142,458,762,521,811,552,975,256,285,964,130,26,369,211,3409
ACSSF,2011m1,co,000,0009,0000062,,,,,,,,,,,,,,,,,,,,,,,,,,,,,,,,,,,,,,,,,,,,,,,,,,,,,,,,,,,,,,,,,,,,,,,,,,,,,,,,,,,,,,,,,,,,,,,,,,,,,,,,,,,,,5583,2614,197,176,547,509,1304,2586,1130,1748,460,2893,255,286,2768,2361,185,1072,1230,108,436,886,1176,186,94,1194,523,119,658,201,4344
ACSSF,2011m1,co,000,0009,0000063,,,,,,,,,,,,,,,,,,,,,,,,,,,,,,,,,,,,,,,,,,,,,,,,,,,,,,,,,,,,,,,,,,,,,,,,,,,,,,,,,,,,,,,,,,,,,,,,,,,,,,,,,,,,,8011,1716,361,467,663,435,1013,3405,1058,1412,550,4138,241,182,3233,3429,492,1388,2610,441,1542,1345,2099,395,330,1630,406,545,841,201,3591
ACSSF,2011m1,co,000,0009,0000064,,,,,,,,,,,,,,,,,,,,,,,,,,,,,,,,,,,,,,,,,,,,,,,,,,,,,,,,,,,,,,,,,,,,,,,,,,,,,,,,,,,,,,,,,,,,,,,,,,,,,,,,,,,,,7848,1528,629,846,731,520,856,2499,1823,1110,302,3071,157,698,2821,1754,58,858,1582,201,718,677,1147,376,559,1344,352,558,593,11,3531
ACSSF,2011m1,co,000,0009,0000065,,,,,,,,,,,,,,,,,,,,,,,,,,,,,,,,,,,,,,,,,,,,,,,,,,,,,,,,,,,,,,,,,,,,,,,,,,,,,,,,,,,,,,,,,,,,,,,,,,,,,,,,,,,,,7029,1604,289,414,542,589,1471,2444,1791,1512,1111,3595,606,361,3640,1850,201,1179,1494,225,551,788,1116,207,128,1035,347,210,1045,201,4215
ACSSF,2011m1,co,000,0009,0000066,,,,,,,,,,,,,,,,,,,,,,,,,,,,,,,,,,,,,,,,,,,,,,,,,,,,,,,,,,,,,,,,,,,,,,,,,,,,,,,,,,,,,,,,,,,,,,,,,,,,,,,,,,,,,5266,1141,485,640,809,605,1188,2185,1532,1558,439,2553,492,743,2154,1487,700,835,1148,132,834,825,892,175,424,742,528,281,793,129,3132
ACSSF,2011m1,co,000,0009,0000067,,,,,,,,,,,,,,,,,,,,,,,,,,,,,,,,,,,,,,,,,,,,,,,,,,,,,,,,,,,,,,,,,,,,,,,,,,,,,,,,,,,,,,,,,,,,,,,,,,,,,,,,,,,,,7773,2222,496,422,855,570,806,3254,1323,2159,301,3635,671,627,2714,2562,1218,1038,2596,264,784,841,1522,258,615,1148,338,245,654,201,3811
ACSSF,2011m1,co,000,0009,0000068,,,,,,,,,,,,,,,,,,,,,,,,,,,,,,,,,,,,,,,,,,,,,,,,,,,,,,,,,,,,,,,,,,,,,,,,,,,,,,,,,,,,,,,,,,,,,,,,,,,,,,,,,,,,,7237,2768,472,566,1783,875,642,2222,1520,1303,231,3190,90,211,1863,2731,291,549,1352,174,547,475,781,81,248,881,85,523,324,201,6945
ACSSF,2011m1,co,000,0009,0000069,,,,,,,,,,,,,,,,,,,,,,,,,,,,,,,,,,,,,,,,,,,,,,,,,,,,,,,,,,,,,,,,,,,,,,,,,,,,,,,,,,,,,,,,,,,,,,,,,,,,,,,,,,,,,8838,3920,284,318,314,446,1149,2116,1496,1572,208,3566,559,237,3711,1623,130,974,1085,160,262,612,1128,201,1125,1107,514,542,280,447,6585
ACSSF,2011m1,co,000,0009,0000070,,,,,,,,,,,,,,,,,,,,,,,,,,,,,,,,,,,,,,,,,,,,,,,,,,,,,,,,,,,,,,,,,,,,,,,,,,,,,,,,,,,,,,,,,,,,,,,,,,,,,,,,,,,,,8613,1997,201,431,214,849,1654,2369,1004,1122,1016,3540,417,615,2430,1738,94,620,1002,201,1255,535,727,74,2083,1526,852,1005,730,86,6628
ACSSF,2011m1,co,000,0009,0000071,,,,,,,,,,,,,,,,,,,,,,,,,,,,,,,,,,,,,,,,,,,,,,,,,,,,,,,,,,,,,,,,,,,,,,,,,,,,,,,,,,,,,,,,,,,,,,,,,,,,,,,,,,,,,15677,3557,760,874,725,1079,1001,4321,1040,2285,337,6104,518,669,4744,2033,1336,1351,1626,293,912,986,2489,51,1539,1233,414,662,769,485,12763
ACSSF,2011m1,co,000,0009,0000072,,,,,,,,,,,,,,,,,,,,,,,,,,,,,,,,,,,,,,,,,,,,,,,,,,,,,,,,,,,,,,,,,,,,,,,,,,,,,,,,,,,,,,,,,,,,,,,,,,,,,,,,,,,,,10249,1132,921,374,54,513,589,1697,616,763,412,2087,437,104,1981,1042,84,927,742,110,710,611,774,185,1718,854,213,362,304,954,8008
ACSSF,2011m1,co,000,0009,0000073,,,,,,,,,,,,,,,,,,,,,,,,,,,,,,,,,,,,,,,,,,,,,,,,,,,,,,,,,,,,,,,,,,,,,,,,,,,,,,,,,,,,,,,,,,,,,,,,,,,,,,,,,,,,,9771,1311,440,194,214,663,616,1503,405,726,446,1570,709,139,1623,913,203,766,618,98,1143,492,819,234,2091,584,246,257,762,1015,7469
ACSSF,2011m1,co,000,0009,0000074,,,,,,,,,,,,,,,,,,,,,,,,,,,,,,,,,,,,,,,,,,,,,,,,,,,,,,,,,,,,,,,,,,,,,,,,,,,,,,,,,,,,,,,,,,,,,,,,,,,,,,,,,,,,,9016,1931,577,709,372,760,1253,2589,998,1307,134,3956,259,343,2922,1860,297,1059,1353,267,1190,661,1090,277,1858,900,514,104,616,79,4540
ACSSF,2011m1,co,000,0009,0000075,,,,,,,,,,,,,,,,,,,,,,,,,,,,,,,,,,,,,,,,,,,,,,,,,,,,,,,,,,,,,,,,,,,,,,,,,,,,,,,,,,,,,,,,,,,,,,,,,,,,,,,,,,,,,12121,1550,131,224,311,141,369,1560,1119,776,314,3462,493,351,2580,2634,165,1198,1103,201,482,1221,1109,190,1493,656,274,263,255,46,9675
ACSSF,2011m1,co,000,0009,0000076,,,,,,,,,,,,,,,,,,,,,,,,,,,,,,,,,,,,,,,,,,,,,,,,,,,,,,,,,,,,,,,,,,,,,,,,,,,,,,,,,,,,,,,,,,,,,,,,,,,,,,,,,,,,,7345,1067,175,394,335,335,892,1559,966,922,464,2426,458,223,1609,1181,109,637,704,122,580,460,697,90,400,908,414,417,464,30,5447
ACSSF,2011m1,co,000,0009,0000077,,,,,,,,,,,,,,,,,,,,,,,,,,,,,,,,,,,,,,,,,,,,,,,,,,,,,,,,,,,,,,,,,,,,,,,,,,,,,,,,,,,,,,,,,,,,,,,,,,,,,,,,,,,,,7896,966,884,557,544,382,1446,1886,2162,1000,496,2855,562,398,2640,1340,303,1573,1119,418,646,674,1110,83,545,995,705,599,646,51,3954
ACSSF,2011m1,co,000,0009,0000078,,,,,,,,,,,,,,,,,,,,,,,,,,,,,,,,,,,,,,,,,,,,,,,,,,,,,,,,,,,,,,,,,,,,,,,,,,,,,,,,,,,,,,,,,,,,,,,,,,,,,,,,,,,,,10450,1264,2121,509,487,353,1222,2152,2039,1108,559,3750,1175,546,3325,1800,256,913,2158,138,1072,716,707,79,2409,1046,178,306,827,1315,7277
ACSSF,2011m1,co,000,0009,0000079,,,,,,,,,,,,,,,,,,,,,,,,,,,,,,,,,,,,,,,,,,,,,,,,,,,,,,,,,,,,,,,,,,,,,,,,,,,,,,,,,,,,,,,,,,,,,,,,,,,,,,,,,,,,,9980,1395,66,434,299,245,247,1760,285,419,437,2086,477,206,1756,1091,20,364,521,889,179,379,451,201,183,545,169,63,447,239,9037
ACSSF,2011m1,co,000,0009,0000080,,,,,,,,,,,,,,,,,,,,,,,,,,,,,,,,,,,,,,,,,,,,,,,,,,,,,,,,,,,,,,,,,,,,,,,,,,,,,,,,,,,,,,,,,,,,,,,,,,,,,,,,,,,,,7220,1477,69,296,873,465,655,1814,840,738,640,3684,215,178,2810,1516,406,621,1060,116,599,539,788,199,499,982,346,275,576,91,4399
ACSSF,2011m1,co,000,0009,0000081,,,,,,,,,,,,,,,,,,,,,,,,,,,,,,,,,,,,,,,,,,,,,,,,,,,,,,,,,,,,,,,,,,,,,,,,,,,,,,,,,,,,,,,,,,,,,,,,,,,,,,,,,,,,,6785,1203,403,343,865,539,651,1791,552,1285,336,3258,260,152,2513,1134,94,523,1300,215,747,836,908,231,90,755,290,226,371,132,4914
ACSSF,2011m1,co,000,0009,0000082,,,,,,,,,,,,,,,,,,,,,,,,,,,,,,,,,,,,,,,,,,,,,,,,,,,,,,,,,,,,,,,,,,,,,,,,,,,,,,,,,,,,,,,,,,,,,,,,,,,,,,,,,,,,,8960,1546,151,308,384,1531,1342,2512,856,1002,567,4666,497,314,3520,2064,71,878,769,201,784,665,1482,291,450,1403,400,263,433,595,5004
ACSSF,2011m1,co,000,0009,0000083,,,,,,,,,,,,,,,,,,,,,,,,,,,,,,,,,,,,,,,,,,,,,,,,,,,,,,,,,,,,,,,,,,,,,,,,,,,,,,,,,,,,,,,,,,,,,,,,,,,,,,,,,,,,,7124,1299,668,406,649,698,1017,2649,919,1015,527,3520,733,258,2472,1106,249,1263,789,103,441,734,857,158,148,1473,435,624,432,316,4357
ACSSF,2011m1,co,000,0009,0000084,,,,,,,,,,,,,,,,,,,,,,,,,,,,,,,,,,,,,,,,,,,,,,,,,,,,,,,,,,,,,,,,,,,,,,,,,,,,,,,,,,,,,,,,,,,,,,,,,,,,,,,,,,,,,10093,1710,1831,468,617,1050,1036,4179,1411,1394,802,4115,853,412,3775,3448,479,1279,1935,172,1050,1637,1718,947,1009,1767,744,84,840,201,5310
ACSSF,2011m1,co,000,0009,0000085,,,,,,,,,,,,,,,,,,,,,,,,,,,,,,,,,,,,,,,,,,,,,,,,,,,,,,,,,,,,,,,,,,,,,,,,,,,,,,,,,,,,,,,,,,,,,,,,,,,,,,,,,,,,,10849,2822,1924,528,1218,1075,1750,3780,1494,2893,1034,5244,515,655,4727,3364,306,2286,2356,310,1030,1281,1773,201,631,1914,296,331,1091,278,5807
ACSSF,2011m1,co,000,0009,0000086,,,,,,,,,,,,,,,,,,,,,,,,,,,,,,,,,,,,,,,,,,,,,,,,,,,,,,,,,,,,,,,,,,,,,,,,,,,,,,,,,,,,,,,,,,,,,,,,,,,,,,,,,,,,,10599,2849,680,465,2109,220,1684,3026,1015,1935,426,4599,347,545,4856,3224,203,1528,1388,345,877,870,2750,388,221,1486,600,190,555,247,7007
ACSSF,2011m1,co,000,0009,0000087,,,,,,,,,,,,,,,,,,,,,,,,,,,,,,,,,,,,,,,,,,,,,,,,,,,,,,,,,,,,,,,,,,,,,,,,,,,,,,,,,,,,,,,,,,,,,,,,,,,,,,,,,,,,,7656,1570,350,317,302,444,960,1684,963,1366,269,2424,268,405,2420,1490,155,773,964,315,1366,642,924,125,642,1212,226,364,665,166,4892
ACSSF,2011m1,co,000,0009,0000088,,,,,,,,,,,,,,,,,,,,,,,,,,,,,,,,,,,,,,,,,,,,,,,,,,,,,,,,,,,,,,,,,,,,,,,,,,,,,,,,,,,,,,,,,,,,,,,,,,,,,,,,,,,,,8485,2104,943,604,340,109,794,1627,1449,773,339,3336,90,379,2186,1289,201,737,846,202,580,865,801,324,104,864,318,234,413,484,5080
ACSSF,2011m1,co,000,0009,0000089,,,,,,,,,,,,,,,,,,,,,,,,,,,,,,,,,,,,,,,,,,,,,,,,,,,,,,,,,,,,,,,,,,,,,,,,,,,,,,,,,,,,,,,,,,,,,,,,,,,,,,,,,,,,,12930,2491,3167,448,1051,1426,1231,4640,1236,2103,586,5756,1423,707,4012,3487,355,999,2222,865,808,1792,1854,243,543,973,601,186,2930,201,7832
ACSSF,2011m1,co,000,0009,0000090,,,,,,,,,,,,,,,,,,,,,,,,,,,,,,,,,,,,,,,,,,,,,,,,,,,,,,,,,,,,,,,,,,,,,,,,,,,,,,,,,,,,,,,,,,,,,,,,,,,,,,,,,,,,,9725,2334,116,260,201,228,717,1334,503,665,360,3360,252,413,2478,1635,426,675,663,100,425,404,682,70,533,596,166,341,136,530,6163
ACSSF,2011m1,co,000,0009,0000091,,,,,,,,,,,,,,,,,,,,,,,,,,,,,,,,,,,,,,,,,,,,,,,,,,,,,,,,,,,,,,,,,,,,,,,,,,,,,,,,,,,,,,,,,,,,,,,,,,,,,,,,,,,,,5239,1894,107,381,361,476,1001,2000,504,1417,1004,3140,490,125,2309,1745,185,948,710,230,391,869,844,137,518,1089,495,150,467,23,3193
ACSSF,2011m1,co,000,0009,0000092,,,,,,,,,,,,,,,,,,,,,,,,,,,,,,,,,,,,,,,,,,,,,,,,,,,,,,,,,,,,,,,,,,,,,,,,,,,,,,,,,,,,,,,,,,,,,,,,,,,,,,,,,,,,,11372,2263,1072,356,2158,583,1296,3601,1060,1622,592,3418,377,115,2295,3149,155,866,1692,109,850,1700,2209,167,433,687,190,137,662,201,4275
ACSSF,2011m1,co,000,0009,0000093,,,,,,,,,,,,,,,,,,,,,,,,,,,,,,,,,,,,,,,,,,,,,,,,,,,,,,,,,,,,,,,,,,,,,,,,,,,,,,,,,,,,,,,,,,,,,,,,,,,,,,,,,,,,,12792,1370,1104,498,426,784,690,2085,642,1655,442,3882,839,397,3792,1409,109,1399,841,211,670,1268,770,185,2192,1233,281,443,699,1500,10760
ACSSF,2011m1,co,000,0009,0000094,,,,,,,,,,,,,,,,,,,,,,,,,,,,,,,,,,,,,,,,,,,,,,,,,,,,,,,,,,,,,,,,,,,,,,,,,,,,,,,,,,,,,,,,,,,,,,,,,,,,,,,,,,,,,8497,2249,616,770,1132,633,1560,2946,1895,2025,506,3854,719,885,3149,2244,991,1204,2346,298,1369,1041,1491,320,741,1090,590,523,983,129,5237
ACSSF,2011m1,co,000,0009,0000095,,,,,,,,,,,,,,,,,,,,,,,,,,,,,,,,,,,,,,,,,,,,,,,,,,,,,,,,,,,,,,,,,,,,,,,,,,,,,,,,,,,,,,,,,,,,,,,,,,,,,,,,,,,,,8602,1847,220,428,234,846,682,2383,955,1081,999,3483,201,550,2132,1045,201,417,465,201,402,324,644,201,2127,1423,845,958,398,447,4860
ACSSF,2011m1,co,000,0009,0000096,,,,,,,,,,,,,,,,,,,,,,,,,,,,,,,,,,,,,,,,,,,,,,,,,,,,,,,,,,,,,,,,,,,,,,,,,,,,,,,,,,,,,,,,,,,,,,,,,,,,,,,,,,,,,14068,3464,1883,1170,522,1229,1363,4807,1461,1591,573,6069,1014,674,4312,2792,1484,1648,2130,367,1781,856,2922,322,2146,1141,663,670,912,1316,9435
ACSSF,2011m1,co,000,0009,0000097,,,,,,,,,,,,,,,,,,,,,,,,,,,,,,,,,,,,,,,,,,,,,,,,,,,,,,,,,,,,,,,,,,,,,,,,,,,,,,,,,,,,,,,,,,,,,,,,,,,,,,,,,,,,,13118,2789,1116,666,408,1338,912,3669,1630,2092,544,5782,1320,582,3529,2090,408,1023,1762,242,628,1223,1488,399,323,1144,437,456,851,512,8275
ACSSF,2011m1,co,000,0009,0000098,9121,201,77,201,3025,1498,313,39,195,389,330,38,184,988,660,102,125,140,626,108,499,938,935,180,228,501,201,201,669,201,934,343,667,1716,383,3901,101,3481,427,2177,1006,5393,201,1165,150,780,79,477,5146,732,3139,118,478,201,84,201,58,824,2235,201,2657,983,722,1512,936,1617,1897,622,240,245,390,201,2799,201,1665,444,201,201,391,201,114,1464,301,201,201,201,1924,435,2026,903,223,838,1285,267,201,213,201,201,103,51,81,54,201,201,201,201,605,6445,9121,3025,1498,935,934,667,1716,3901,3481,2177,1006,5393,1165,780,5146,3139,478,2235,2657,983,1512,1617,1897,245,2799,2026,903,838,1285,267,6648
ACSSF,2011m1,co,000,0009,0000099,,,,,,,,,,,,,,,,,,,,,,,,,,,,,,,,,,,,,,,,,,,,,,,,,,,,,,,,,,,,,,,,,,,,,,,,,,,,,,,,,,,,,,,,,,,,,,,,,,,,,,,,,,,,,10222,2993,2626,655,1320,1321,1984,4964,1954,3174,1147,6076,1077,719,5666,4168,545,2327,3032,316,1320,2105,1976,947,794,2585,719,343,1284,278,6523
ACSSF,2011m1,co,000,0009,0000100,,,,,,,,,,,,,,,,,,,,,,,,,,,,,,,,,,,,,,,,,,,,,,,,,,,,,,,,,,,,,,,,,,,,,,,,,,,,,,,,,,,,,,,,,,,,,,,,,,,,,,,,,,,,,14290,2034,2929,284,772,379,1447,2161,559,1722,298,5733,374,712,3371,2683,98,851,1099,880,201,233,1566,201,179,807,520,201,2839,201,7805
ACSSF,2011m1,co,000,0009,0000101,,,,,,,,,,,,,,,,,,,,,,,,,,,,,,,,,,,,,,,,,,,,,,,,,,,,,,,,,,,,,,,,,,,,,,,,,,,,,,,,,,,,,,,,,,,,,,,,,,,,,,,,,,,,,10859,1794,877,451,1352,958,1833,3197,1590,1998,695,4730,708,460,2814,2794,446,2126,1411,432,1181,1307,1494,353,438,2090,906,243,1049,103,5103
ACSSF,2011m1,co,000,0009,0000102,,,,,,,,,,,,,,,,,,,,,,,,,,,,,,,,,,,,,,,,,,,,,,,,,,,,,,,,,,,,,,,,,,,,,,,,,,,,,,,,,,,,,,,,,,,,,,,,,,,,,,,,,,,,,6392,2680,205,412,540,1047,1889,3496,992,1423,515,3774,200,89,2862,1771,201,980,607,436,1015,2128,1656,134,268,1425,348,50,929,90,4487
ACSSF,2011m1,co,000,0009,0000103,,,,,,,,,,,,,,,,,,,,,,,,,,,,,,,,,,,,,,,,,,,,,,,,,,,,,,,,,,,,,,,,,,,,,,,,,,,,,,,,,,,,,,,,,,,,,,,,,,,,,,,,,,,,,8373,3644,201,199,204,1633,651,2000,676,959,312,2678,60,407,2498,1997,87,820,435,56,387,457,950,201,201,900,330,130,847,201,5551
ACSSF,2011m1,co,000,0009,0000104,,,,,,,,,,,,,,,,,,,,,,,,,,,,,,,,,,,,,,,,,,,,,,,,,,,,,,,,,,,,,,,,,,,,,,,,,,,,,,,,,,,,,,,,,,,,,,,,,,,,,,,,,,,,,8345,1993,201,273,100,199,648,1296,424,556,313,1999,209,70,2423,1523,320,574,523,330,1183,287,438,201,261,513,192,116,313,528,6115
ACSSF,2011m1,co,000,0009,0000105,,,,,,,,,,,,,,,,,,,,,,,,,,,,,,,,,,,,,,,,,,,,,,,,,,,,,,,,,,,,,,,,,,,,,,,,,,,,,,,,,,,,,,,,,,,,,,,,,,,,,,,,,,,,,10272,3220,937,1119,1920,1882,1971,4233,2368,2508,1113,6894,983,993,6075,3332,516,2012,2628,318,1388,1587,2672,525,1080,2242,703,783,1134,585,6866
ACSSF,2011m1,co,000,0009,0000106,,,,,,,,,,,,,,,,,,,,,,,,,,,,,,,,,,,,,,,,,,,,,,,,,,,,,,,,,,,,,,,,,,,,,,,,,,,,,,,,,,,,,,,,,,,,,,,,,,,,,,,,,,,,,6715,1671,597,263,388,712,1170,2317,883,1049,513,3629,201,227,2784,1317,262,1274,756,64,558,809,853,270,1856,727,487,620,319,79,3448
ACSSF,2011m1,co,000,0009,0000107,,,,,,,,,,,,,,,,,,,,,,,,,,,,,,,,,,,,,,,,,,,,,,,,,,,,,,,,,,,,,,,,,,,,,,,,,,,,,,,,,,,,,,,,,,,,,,,,,,,,,,,,,,,,,10044,1624,311,449,583,1429,1412,2702,1926,1380,1330,4287,560,477,3676,2312,201,1189,1726,521,1059,769,1421,180,196,2477,352,454,944,201,5044
ACSSF,2011m1,co,000,0009,0000108,,,,,,,,,,,,,,,,,,,,,,,,,,,,,,,,,,,,,,,,,,,,,,,,,,,,,,,,,,,,,,,,,,,,,,,,,,,,,,,,,,,,,,,,,,,,,,,,,,,,,,,,,,,,,9408,1808,201,362,539,844,1637,3418,1650,1680,348,4541,322,442,2811,2180,274,1400,1074,713,304,552,1165,326,199,1180,530,511,505,201,4306
ACSSF,2011m1,co,000,0009,0000109,,,,,,,,,,,,,,,,,,,,,,,,,,,,,,,,,,,,,,,,,,,,,,,,,,,,,,,,,,,,,,,,,,,,,,,,,,,,,,,,,,,,,,,,,,,,,,,,,,,,,,,,,,,,,3761,1413,210,354,119,219,280,1280,1235,919,309,2101,254,279,1978,1825,142,433,671,140,740,271,689,256,193,568,80,201,249,211,3625
ACSSF,2011m1,co,000,0009,0000110,,,,,,,,,,,,,,,,,,,,,,,,,,,,,,,,,,,,,,,,,,,,,,,,,,,,,,,,,,,,,,,,,,,,,,,,,,,,,,,,,,,,,,,,,,,,,,,,,,,,,,,,,,,,,10469,3706,275,490,365,962,1354,3162,2103,2127,255,4593,717,376,4155,3753,1062,935,2475,195,369,846,1575,76,1127,1537,452,564,524,201,8209
ACSSF,2011m1,co,000,0009,0000111,,,,,,,,,,,,,,,,,,,,,,,,,,,,,,,,,,,,,,,,,,,,,,,,,,,,,,,,,,,,,,,,,,,,,,,,,,,,,,,,,,,,,,,,,,,,,,,,,,,,,,,,,,,,,6791,832,201,214,699,313,309,1067,650,457,132,1725,386,236,1261,1443,245,674,485,134,376,292,572,100,195,282,125,107,559,86,6215
