ACSSF,2011m1,co,000,0129,0000001,12726,4609,6365,6938,4462,9677,5606,5210,7067,9900,11078,9498,5248,7124,15297,2523,3210,4827,1835,3440,2880,3898,5313,7615,9553,3621,2754,4881,11577,1130,693,687,398,2265,768,578,1371,3851,5504,7848,3621,3257,13141,1083,2081,2717,3231,8331,3295,2478,4816,4292,3798,3542,2175,2669,8008,2586,5936,2027,972,2281,1538,2168,1243,2073,1118,943,2092,978,8770,1945,1522,4100,2578,3411,4452,1294,1025,2205,1525,2207,1995,826
ACSSF,2011m1,co,000,0129,0000002,15735,3221,5218,5545,3824,8897,5236,4508,6086,8714,10630,8492,4983,5825,13647,1782,2388,3597,1392,2860,2175,3505,4353,6130,8355,3253,2465,4079,10605,565,523,656,340,2066,677,538,1373,3547,5067,7147,3062,2901,12425,970,1643,2097,2800,8117,2439,2337,4314,4124,3355,2803,1920,1982,6541,1813,5007,1855,651,1619,1168,1591,1230,1837,987,752,1953,768,7811,1552,1414,3497,2312,3066,3950,1227,969,1869,1150,1924,2012,784
ACSSF,2011m1,co,000,0129,0000003,13667,3462,3887,3853,2398,4173,3615,2530,3992,4639,5638,4416,2884,3876,9945,2007,2035,3294,1030,1777,1443,1647,2921,3578,5203,2039,1214,2797,5110,1018,382,161,211,734,325,273,276,1531,2964,3115,1873,1778,6981,643,1045,1837,1698,3328,2237,1068,2851,2233,1811,1619,992,1586,4084,2052,2894,849,737,1317,1023,1325,183,943,466,625,887,626,3220,1101,724,1904,917,1175,2096,327,231,1198,1006,747,486,257
ACSSF,2011m1,co,000,0129,0000004,12512,4269,6204,6735,4446,9541,5751,5081,6559,9519,10754,9195,4795,6746,15395,2452,3147,4667,1758,3305,2822,3855,5193,7500,9191,3626,2759,4603,10952,1090,652,682,395,2186,776,573,1327,3746,5282,7530,3600,3083,12704,1100,1996,2665,3138,8085,3197,2443,4624,4208,3626,3243,2003,2541,7482,2205,5453,1905,923,2122,1516,2103,1176,2124,1105,914,1998,955,8741,1692,1427,3975,2585,3398,4420,1293,1016,2056,1536,2110,2041,808
ACSSF,2011m1,co,000,0129,0000005,12415,4021,6102,6718,4385,9256,5508,4916,6136,9568,10360,8662,4741,6472,15320,2379,2810,4548,1707,3283,2701,3794,5138,7524,9162,3319,2631,4543,10738,1002,510,679,395,2191,749,506,1333,3670,5216,7030,3383,2948,12562,1061,1850,2642,3064,7861,3130,2408,4266,4288,3609,2993,1990,2558,7660,1879,5181,1847,913,2136,1441,2103,1176,2137,1071,837,1966,937,8366,1625,1354,3865,2567,3260,4274,1293,1021,1881,1505,1874,2033,814
ACSSF,2011m1,co,000,0129,0000006,10324,2629,4267,3650,2935,6665,3424,2885,4922,6027,7811,6548,3988,4169,9735,2217,1691,2302,919,1987,1229,2241,3249,4541,6322,2586,1883,3103,8495,194,288,350,336,1612,652,203,1161,2857,3672,5761,2342,2052,8406,664,1028,1685,2413,5708,1734,1812,2958,2583,2818,1990,1384,1729,4633,1053,3749,1301,368,1109,848,1338,714,1476,764,223,1527,532,4664,870,867,2511,1809,2073,2604,508,643,1014,975,1320,1349,454
ACSSF,2011m1,co,000,0129,0000007,10007,3092,5149,5012,3421,7005,4352,4101,4920,6726,8234,5273,3597,4379,10449,1280,2511,3561,1359,2553,2199,2830,3958,5343,7173,2399,2103,3329,6558,971,458,574,213,1412,411,464,620,2817,3484,4028,2314,2057,9787,839,1764,2167,2332,5074,2614,1748,3241,3399,2363,2400,1502,1937,6097,1653,3842,1497,878,1637,1261,1615,858,1296,785,850,1781,879,6293,1389,1016,2807,1497,2494,2979,1149,803,1480,1159,1203,1386,642
ACSSF,2011m1,co,000,0129,0000008,4510,2036,2315,1675,904,1994,1063,1073,1948,2583,2462,2908,1349,1484,3338,794,1193,634,267,815,382,716,1293,1579,1949,1498,739,994,3160,502,403,92,201,398,118,247,134,1296,1379,2537,1041,1120,2679,274,438,460,807,1748,452,524,1213,765,715,1006,344,505,2544,1355,2041,370,116,317,318,321,201,221,189,387,603,161,1925,496,391,1211,268,803,577,201,163,797,271,591,202,116
ACSSF,2011m1,co,000,0129,0000009,,,,,,,,,,,,,,,,,,,,,,,,,,,,,,,,,,,,,,,,,,,,,,,,,,,,,,,,,,,,,,,,,,,,,,,,,,,,,,,,,,,,
ACSSF,2011m1,co,000,0129,0000010,5313,1916,2027,1159,414,1608,825,792,1769,1814,2434,2462,1146,1125,3026,811,768,514,241,570,204,553,1233,1072,1834,1430,416,820,2312,477,403,50,201,394,118,159,118,803,1274,1556,835,784,2480,201,411,390,214,1484,406,520,971,561,495,954,310,477,2252,1186,1874,355,22,317,274,19,201,221,84,379,556,120,1634,449,391,871,250,563,486,201,163,790,270,572,183,103
ACSSF,2011m1,co,000,0129,0000011,4955,1873,1923,1272,897,2223,1145,702,2055,1868,3052,2795,1526,1701,3382,1149,800,772,413,795,532,409,1197,1164,2457,1633,649,926,3239,381,174,122,32,484,105,69,272,948,1431,1956,1061,993,3062,472,307,463,726,1994,590,471,1639,827,797,1039,886,711,2341,1207,1660,564,195,588,762,438,529,311,399,242,596,156,1650,750,479,802,246,610,674,46,51,684,318,476,390,131
ACSSF,2011m1,co,000,0129,0000012,6087,2668,2811,1934,1236,3016,1503,1214,3077,3412,4157,4198,2045,2244,4511,1371,1454,1107,505,1088,671,792,1693,2133,3202,2112,941,1364,4845,617,449,162,32,590,152,263,323,1459,2052,3294,1417,1666,4317,488,518,648,1072,2509,819,733,2058,1087,1014,1375,974,837,3250,1821,2644,643,224,689,857,538,529,372,435,465,844,233,2216,963,564,1293,359,1020,808,46,168,1086,448,777,455,169
ACSSF,2011m1,co,000,0129,0000013,4628,848,2316,2574,1337,3167,2514,1659,1899,2642,3396,2940,1859,1838,4108,503,980,1147,295,1020,798,831,1067,1686,2348,984,747,1018,3688,156,75,497,201,515,235,184,247,1506,2198,2382,1238,873,4233,243,805,753,879,2409,1444,802,1583,1462,1245,1040,499,1032,2848,465,2049,572,593,1246,535,647,142,356,503,344,1033,236,3173,508,633,1734,679,1184,2011,663,337,770,440,636,397,136
ACSSF,2011m1,co,000,0129,0000014,5522,579,2647,2508,1419,3663,2246,1866,2786,3658,3820,3309,2859,2352,5209,359,1118,1507,702,1254,852,1320,2358,2562,3297,1154,1329,2062,3860,201,400,177,211,918,485,80,403,1233,1589,2731,1267,771,4924,208,496,1007,1247,2971,992,1597,1653,1478,1562,1273,622,1123,2408,242,2185,524,71,920,409,900,282,1263,450,276,1128,364,2816,323,409,1403,677,1196,1397,154,392,990,455,984,1401,215
ACSSF,2011m1,co,000,0129,0000015,3713,1614,1321,1903,845,2127,1157,1309,1456,3042,2862,1972,1585,1218,4079,532,524,1372,305,443,949,1014,1090,2461,2640,903,859,982,2338,831,285,231,65,397,70,123,205,1284,1384,1624,1043,381,3010,151,215,1207,768,2002,459,575,973,1247,966,674,627,398,1470,806,1088,421,137,178,182,157,163,170,147,201,329,160,1868,755,155,896,175,622,616,201,271,539,365,292,555,77
ACSSF,2011m1,co,000,0129,0000016,4741,941,2589,2252,1773,3032,2217,1691,2889,4008,4466,3677,2091,2159,5711,828,952,1210,603,1059,717,1387,2123,3328,4255,1480,816,1278,4830,201,58,196,201,1164,376,201,832,1710,1592,3225,1122,1154,4334,289,509,905,1104,2433,1204,811,1906,1706,1491,1240,900,1028,2528,503,2152,428,184,537,518,790,150,699,423,88,896,206,3543,203,553,1647,1348,1182,1808,299,394,580,649,597,722,107
ACSSF,2011m1,co,000,0129,0000017,3700,697,1571,1920,1114,2488,1569,1890,3077,3077,2750,2331,1658,1661,4769,520,1339,1916,384,1018,684,1387,2518,2287,2312,1174,823,1199,2297,124,92,201,201,423,57,137,200,665,1138,1811,687,921,3606,109,240,588,899,1967,1066,891,1560,1392,973,873,871,685,1368,463,1012,75,225,257,298,271,201,247,113,220,425,323,1731,67,218,837,504,647,672,474,201,478,289,423,228,202
ACSSF,2011m1,co,000,0129,0000018,5696,1528,2177,1905,1560,3205,1395,2245,2551,2500,4074,2883,2473,2798,5559,1371,1106,1348,483,1319,664,1784,1944,2146,3380,1580,1283,1929,4215,150,188,90,115,827,279,225,546,1095,2045,2563,1534,1556,4159,443,737,781,1362,2648,793,768,1958,1376,1440,848,1016,967,2680,478,1793,652,278,638,449,700,728,404,294,276,805,653,2592,96,554,1225,843,916,1057,143,279,572,578,592,742,573
ACSSF,2011m1,co,000,0129,0000019,4458,1090,2151,1986,1780,2868,2033,1391,2233,3214,3528,2243,1980,1836,4590,651,889,1140,795,849,914,855,1524,2491,2921,992,903,1661,3012,52,155,86,201,518,153,86,371,1086,1457,2041,1165,793,4200,243,483,936,1159,2552,1274,748,1469,1430,1050,945,743,643,2745,715,1564,661,493,639,689,306,602,620,552,205,915,309,2738,217,474,1408,752,946,1237,464,434,390,385,781,570,201
ACSSF,2011m1,co,000,0129,0000020,3464,1214,2479,2435,1132,2578,1045,1076,1497,2587,3908,2326,1520,1211,4305,899,985,1572,413,880,507,864,1020,2036,3434,1142,716,758,2993,223,62,201,201,362,107,201,451,1224,1483,1774,894,610,3397,311,987,785,1110,2158,541,529,875,1152,1323,740,488,550,2191,643,1862,602,135,416,278,381,161,206,263,169,637,20,2047,241,363,1608,308,751,699,113,193,658,682,806,347,170
ACSSF,2011m1,co,000,0129,0000021,2501,955,1287,999,646,1821,1144,734,1533,1831,1994,1534,796,921,2540,620,676,382,237,762,590,420,694,1324,1915,525,348,539,2267,117,37,123,201,111,85,242,452,546,1066,1075,395,563,2196,340,155,508,483,1440,559,203,896,553,544,932,173,310,1598,769,1024,326,201,149,555,187,386,768,28,446,482,333,1466,329,73,747,123,735,737,468,526,364,201,458,273,201
ACSSF,2011m1,co,000,0129,0000022,2943,450,1119,1264,578,1518,875,778,1001,1139,1837,1319,802,928,2126,239,434,609,68,725,478,278,577,720,1280,340,387,644,1924,301,100,92,201,165,201,52,131,711,1077,1235,515,607,2167,74,328,535,221,1152,556,763,767,517,764,388,237,152,1156,313,1034,203,201,154,243,61,120,208,113,201,248,115,1353,201,137,934,556,622,409,218,201,405,124,201,229,51
ACSSF,2011m1,co,000,0129,0000023,4229,1829,2028,2498,1359,2072,1710,1289,1501,2188,2804,2370,1536,1161,3863,745,851,890,947,759,618,740,838,1910,2216,980,422,798,2786,294,201,319,312,548,201,68,150,822,1260,1550,1072,676,2679,372,183,1248,916,1815,542,287,1218,727,957,1008,403,572,2242,1082,1668,930,582,449,480,1040,97,467,396,146,449,201,2375,962,279,1390,311,838,1300,124,201,397,523,149,596,201
ACSSF,2011m1,co,000,0129,0000024,2481,584,850,817,911,1387,953,335,873,1077,1546,969,820,605,2099,222,386,447,452,368,524,296,559,952,1377,358,422,437,1258,47,201,43,201,383,201,201,66,441,531,770,463,391,2005,103,214,414,547,1213,546,245,520,483,368,325,259,258,1303,522,666,459,448,218,119,58,201,161,294,113,447,49,1051,201,175,527,340,369,653,201,90,117,124,79,346,134
ACSSF,2011m1,co,000,0129,0000025,5131,286,2535,1947,1305,2626,1431,1569,1890,2659,2799,3428,1761,1640,3852,177,622,1309,545,720,341,777,1292,1390,2248,998,669,1406,3253,201,292,125,201,607,509,80,226,1352,1383,2729,839,473,3894,88,301,694,1193,2275,866,1372,1281,925,1188,1071,386,1041,2321,126,2353,250,112,790,346,639,275,1141,428,113,863,394,2237,161,297,1213,619,1079,1205,161,296,565,439,886,945,193
ACSSF,2011m1,co,000,0129,0000026,,,,,,,,,,,,,,,,,,,,,,,,,,,,,,,,,,,,,,,,,,,,,,,,,,,,,,,,,,,,,,,,,,,,,,,,,,,,,,,,,,,,
ACSSF,2011m1,co,000,0129,0000027,2362,311,894,800,563,1935,633,838,1223,1224,1604,792,981,696,2106,284,639,475,327,249,439,754,968,1084,1386,439,461,371,1021,201,201,201,201,321,201,201,296,504,591,522,179,241,2341,158,337,395,436,1784,291,703,762,637,591,289,388,541,879,55,610,378,201,148,139,88,201,107,96,201,477,81,1011,201,201,392,224,350,365,201,236,277,86,170,422,201
ACSSF,2011m1,co,000,0129,0000028,4695,1495,1431,1763,1287,2562,1325,1049,2087,2122,3540,2662,2092,2234,4378,1371,827,1269,360,998,590,647,1590,1547,3048,1229,1199,1511,3687,150,188,72,115,760,201,105,450,904,1521,2379,1242,1395,3439,443,498,541,1148,2056,521,563,1417,1291,1357,704,636,850,2004,385,1213,530,187,436,383,627,626,270,156,201,647,333,2250,96,477,1145,681,826,1081,143,279,549,325,456,456,369
ACSSF,2011m1,co,000,0129,0000029,4741,941,2589,2252,1773,3032,2217,1691,2889,4008,4466,3677,2091,2159,5711,828,952,1210,603,1059,717,1387,2123,3328,4255,1480,816,1278,4830,201,58,196,201,1164,376,201,832,1710,1592,3225,1122,1154,4334,289,509,905,1104,2433,1204,811,1906,1706,1491,1240,900,1028,2528,503,2152,428,184,537,518,790,150,699,423,88,896,206,3543,203,553,1647,1348,1182,1808,299,394,580,649,597,722,107
ACSSF,2011m1,co,000,0129,0000030,3609,714,1410,1475,901,1795,667,670,1239,1795,2926,1843,942,726,3188,657,599,908,401,548,298,530,907,1460,2384,964,331,480,1694,201,62,201,201,250,107,201,323,398,904,1218,693,233,2674,156,291,603,842,1692,402,420,631,735,937,588,448,433,1391,186,1243,506,115,390,175,112,122,194,129,137,196,201,1391,221,201,646,192,469,328,113,174,396,313,596,212,201
ACSSF,2011m1,co,000,0129,0000031,,,,,,,,,,,,,,,,,,,,,,,,,,,,,,,,,,,,,,,,,,,,,,,,,,,,,,,,,,,,,,,,,,,,,,,,,,,,,,,,,,,,
ACSSF,2011m1,co,000,0129,0000032,,,,,,,,,,,,,,,,,,,,,,,,,,,,,,,,,,,,,,,,,,,,,,,,,,,,,,,,,,,,,,,,,,,,,,,,,,,,,,,,,,,,
ACSSF,2011m1,co,000,0129,0000033,2926,336,1129,855,570,1576,1086,893,1371,1520,1717,1653,1344,972,2584,229,399,381,337,520,594,591,919,1246,1332,565,523,921,1878,28,201,74,201,242,201,201,405,464,774,1323,792,241,1862,83,246,290,322,1310,544,189,585,621,549,668,545,432,1808,152,1039,295,79,477,530,250,585,592,209,201,563,106,1390,162,361,685,341,306,721,396,388,246,310,201,420,201
ACSSF,2011m1,co,000,0129,0000034,,,,,,,,,,,,,,,,,,,,,,,,,,,,,,,,,,,,,,,,,,,,,,,,,,,,,,,,,,,,,,,,,,,,,,,,,,,,,,,,,,,,
ACSSF,2011m1,co,000,0129,0000035,,,,,,,,,,,,,,,,,,,,,,,,,,,,,,,,,,,,,,,,,,,,,,,,,,,,,,,,,,,,,,,,,,,,,,,,,,,,,,,,,,,,
ACSSF,2011m1,co,000,0129,0000036,2554,178,767,840,416,1175,560,742,768,941,1298,1118,640,603,1386,152,178,299,201,289,387,228,394,499,914,263,372,374,1637,201,100,92,201,165,201,52,131,693,902,1102,473,454,1779,201,244,270,205,1074,214,686,638,467,512,334,185,108,821,145,731,164,201,154,141,61,120,172,113,201,123,201,1029,201,137,740,391,443,404,218,201,245,115,201,124,201
ACSSF,2011m1,co,000,0129,0000037,3026,411,907,1481,732,1703,1084,793,1253,1712,2258,1691,945,978,2489,186,576,602,85,591,601,497,706,1120,1501,568,525,541,2073,201,201,448,201,171,198,121,247,630,1108,1447,513,604,2043,119,236,429,583,1271,601,370,932,976,860,372,345,500,1210,333,767,336,288,285,329,486,64,102,167,201,521,201,1435,154,276,981,395,669,814,201,118,554,172,184,55,201
ACSSF,2011m1,co,000,0129,0000038,2952,559,1284,916,852,1640,910,722,979,1326,1458,1176,798,990,2307,392,332,650,221,592,272,431,480,1142,1183,411,347,536,1796,201,168,48,201,231,201,76,111,670,716,1077,520,632,2130,128,203,262,636,1409,519,612,873,504,681,366,429,335,1315,380,1122,336,93,428,191,112,201,237,374,303,358,201,1201,201,300,702,416,360,732,71,201,247,201,132,174,201
ACSSF,2011m1,co,000,0129,0000039,,,,,,,,,,,,,,,,,,,,,,,,,,,,,,,,,,,,,,,,,,,,,,,,,,,,,,,,,,,,,,,,,,,,,,,,,,,,,,,,,,,,
ACSSF,2011m1,co,000,0129,0000040,4695,1495,1431,1763,1287,2562,1325,1049,2087,2122,3540,2662,2092,2234,4378,1371,827,1269,360,998,590,647,1590,1547,3048,1229,1199,1511,3687,150,188,72,115,760,201,105,450,904,1521,2379,1242,1395,3439,443,498,541,1148,2056,521,563,1417,1291,1357,704,636,850,2004,385,1213,530,187,436,383,627,626,270,156,201,647,333,2250,96,477,1145,681,826,1081,143,279,549,325,456,456,369
ACSSF,2011m1,co,000,0129,0000041,5131,286,2535,1947,1305,2626,1431,1569,1890,2659,2799,3428,1761,1640,3852,177,622,1309,545,720,341,777,1292,1390,2248,998,669,1406,3253,201,292,125,201,607,509,80,226,1352,1383,2729,839,473,3894,88,301,694,1193,2275,866,1372,1281,925,1188,1071,386,1041,2321,126,2353,250,112,790,346,639,275,1141,428,113,863,394,2237,161,297,1213,619,1079,1205,161,296,565,439,886,945,193
ACSSF,2011m1,co,000,0129,0000042,4741,941,2589,2252,1773,3032,2217,1691,2889,4008,4466,3677,2091,2159,5711,828,952,1210,603,1059,717,1387,2123,3328,4255,1480,816,1278,4830,201,58,196,201,1164,376,201,832,1710,1592,3225,1122,1154,4334,289,509,905,1104,2433,1204,811,1906,1706,1491,1240,900,1028,2528,503,2152,428,184,537,518,790,150,699,423,88,896,206,3543,203,553,1647,1348,1182,1808,299,394,580,649,597,722,107
ACSSF,2011m1,co,000,0129,0000043,3609,714,1410,1475,901,1795,667,670,1239,1795,2926,1843,942,726,3188,657,599,908,401,548,298,530,907,1460,2384,964,331,480,1694,201,62,201,201,250,107,201,323,398,904,1218,693,233,2674,156,291,603,842,1692,402,420,631,735,937,588,448,433,1391,186,1243,506,115,390,175,112,122,194,129,137,196,201,1391,221,201,646,192,469,328,113,174,396,313,596,212,201
ACSSF,2011m1,co,000,0129,0000044,,,,,,,,,,,,,,,,,,,,,,,,,,,,,,,,,,,,,,,,,,,,,,,,,,,,,,,,,,,,,,,,,,,,,,,,,,,,,,,,,,,,
ACSSF,2011m1,co,000,0129,0000045,,,,,,,,,,,,,,,,,,,,,,,,,,,,,,,,,,,,,,,,,,,,,,,,,,,,,,,,,,,,,,,,,,,,,,,,,,,,,,,,,,,,
ACSSF,2011m1,co,000,0129,0000046,2554,178,767,840,416,1175,560,742,768,941,1298,1118,640,603,1386,152,178,299,201,289,387,228,394,499,914,263,372,374,1637,201,100,92,201,165,201,52,131,693,902,1102,473,454,1779,201,244,270,205,1074,214,686,638,467,512,334,185,108,821,145,731,164,201,154,141,61,120,172,113,201,123,201,1029,201,137,740,391,443,404,218,201,245,115,201,124,201
ACSSF,2011m1,co,000,0129,0000047,5173,926,2664,2272,1800,3308,2267,1818,3213,4135,4711,3716,2360,2315,5938,838,975,1278,607,1114,796,1436,2492,3433,4354,1514,893,1398,4806,201,58,214,49,1172,376,201,832,1774,1789,3171,1144,1223,4574,289,521,916,1146,2654,1205,954,1936,1966,1499,1260,981,1067,2564,530,2258,463,191,600,530,790,150,774,421,88,872,206,3651,203,594,1663,1348,1220,1847,303,403,597,649,597,808,107
ACSSF,2011m1,co,000,0129,0000048,7330,2002,3120,2724,1877,3579,2251,2145,3203,4650,4855,4171,2400,2535,6554,851,1414,1484,568,1177,1264,1636,2067,3208,4082,1856,1234,1815,4551,933,210,450,201,484,255,246,384,1677,2187,3509,1464,1236,5713,286,681,1086,1504,3483,997,1192,2035,1921,1437,1675,1123,980,3313,1327,2739,519,761,656,690,525,143,340,396,464,1117,175,3366,559,558,1996,563,1337,1626,118,228,1240,693,675,673,201
ACSSF,2011m1,co,000,0129,0000049,5650,2199,2625,1926,1306,3219,1928,1419,2881,2779,4839,3929,2018,1921,4419,1350,1247,880,505,1342,921,803,1305,1800,3790,1675,1010,1133,4259,526,224,173,32,557,171,261,501,1244,2116,2965,1268,1268,4189,533,567,910,834,2628,991,968,2124,1138,1423,1619,850,786,3024,1475,2260,649,279,616,912,582,657,813,424,473,835,427,2489,741,537,1485,633,1101,1194,527,526,821,279,717,464,117
ACSSF,2011m1,co,000,0129,0000050,7179,2484,3432,3914,1671,3307,1872,1742,2170,3378,4461,3593,2240,1898,6617,1355,1377,2169,1035,1102,867,1292,1299,2982,4229,1492,952,1236,4799,388,369,378,316,767,107,201,481,1955,2129,2667,1499,1152,4822,482,1014,1634,1426,2873,804,658,1714,1515,1516,1425,676,813,3519,1499,2898,1222,203,637,441,975,215,622,513,299,700,188,3725,1333,476,2590,473,1251,1469,168,327,917,896,813,767,222
ACSSF,2011m1,co,000,0129,0000051,6021,1618,2258,2116,1580,3375,1467,2257,2602,2609,4310,3675,2503,3051,5946,1392,1145,1543,512,1330,739,1804,2024,2107,3715,1555,1250,2026,4591,231,335,90,115,858,285,235,546,1378,2083,3041,1594,1879,4459,444,760,803,1375,2777,849,763,2013,1454,1450,961,1027,1020,2968,532,2032,722,305,619,497,700,726,415,289,336,812,654,2643,436,621,1208,853,1116,1014,143,279,635,573,599,741,575
ACSSF,2011m1,co,000,0129,0000052,8289,1012,2644,3148,1885,3851,2614,2439,3612,4591,4651,3343,2595,2795,6836,637,1723,2613,647,1327,1117,1770,3254,3387,3835,1499,1407,2078,3741,224,281,144,205,868,86,207,408,1088,1418,2590,1498,1322,5564,462,655,1186,1525,3436,1629,1264,2133,2214,1717,1188,1081,1137,3133,529,2185,468,232,622,633,900,142,971,403,339,816,569,2702,183,464,1349,992,1043,1216,548,328,899,390,833,653,299
ACSSF,2011m1,co,000,0129,0000053,7848,960,3040,2287,1788,4577,3362,2032,2792,3440,4296,4021,2422,2351,4910,573,1167,1411,901,1237,1077,1109,1532,2074,3243,935,812,1929,4697,165,297,228,201,779,537,140,441,1896,2342,3249,1570,778,5515,245,712,806,1093,3644,1783,1324,1637,1408,1217,1420,728,1063,3621,609,2807,674,397,1601,768,655,633,1016,691,159,1178,275,3696,379,599,1722,769,1257,2492,894,527,721,521,1016,1093,238
ACSSF,2011m1,co,000,0129,0000054,3268,984,1571,641,624,1384,759,378,1504,1258,2068,2265,1091,970,2538,646,653,137,39,598,212,130,841,636,1841,930,648,554,1943,113,176,201,201,319,43,201,119,892,645,1349,733,616,2370,363,184,112,625,1330,429,199,1248,769,454,875,542,465,1606,591,1175,538,60,553,460,388,449,193,191,165,226,73,1020,374,336,428,43,513,571,201,201,325,64,360,94,68
ACSSF,2011m1,co,000,0129,0000055,4012,984,2092,2078,799,1705,615,839,865,2013,2260,1907,1241,951,3460,631,762,1377,102,647,416,721,591,1453,2016,568,437,579,2325,223,201,201,201,275,201,201,293,1122,1182,1497,704,585,2324,268,953,511,754,1284,283,298,603,854,803,483,169,329,1667,625,1476,358,74,143,70,344,107,69,237,98,639,20,1531,91,363,1307,233,539,349,201,193,510,599,577,295,170
ACSSF,2011m1,co,000,0129,0000056,2583,919,1271,998,636,1822,1140,734,1533,1831,2011,1535,790,903,2564,618,682,382,236,762,590,420,694,1324,1920,525,348,533,2264,117,201,123,201,111,85,242,452,546,1070,1056,381,552,2165,333,158,506,483,1437,559,203,890,553,541,931,170,310,1651,791,1010,326,193,149,555,187,386,768,28,444,482,333,1430,329,59,747,123,735,720,468,526,363,201,458,273,201
ACSSF,2011m1,co,000,0129,0000057,3905,714,1401,1476,888,1780,667,670,1248,1706,2851,1805,944,691,3122,657,590,855,401,548,298,530,907,1386,2288,964,331,480,1646,201,62,201,201,218,107,201,323,297,825,1218,688,233,2675,156,291,603,827,1673,402,420,631,690,941,588,447,383,1377,186,1199,506,115,390,175,112,122,194,129,137,196,201,1341,221,201,645,192,469,328,113,201,396,313,460,212,201
ACSSF,2011m1,co,000,0129,0000058,4229,1829,2028,2498,1359,2072,1710,1289,1501,2188,2804,2370,1536,1161,3863,745,851,890,947,759,618,740,838,1910,2216,980,422,798,2786,294,201,319,312,548,201,68,150,822,1260,1550,1072,676,2679,372,183,1248,916,1815,542,287,1218,727,957,1008,403,572,2242,1082,1668,930,582,449,480,1040,97,467,396,146,449,201,2375,962,279,1390,311,838,1300,124,201,397,523,149,596,201
ACSSF,2011m1,co,000,0129,0000059,2269,1185,897,972,356,1119,747,396,619,907,1238,1268,707,906,1797,676,307,434,114,642,356,200,408,452,928,310,296,505,1629,194,235,139,201,164,201,257,17,563,691,986,507,866,1419,472,147,221,254,893,506,202,427,557,354,508,264,206,1201,825,745,106,48,174,235,60,94,270,39,170,296,109,1193,489,261,887,240,370,434,201,201,99,282,115,321,111
ACSSF,2011m1,co,000,0129,0000060,2111,999,618,570,555,960,722,403,360,461,1143,694,548,647,1350,566,88,391,143,354,120,297,266,291,793,340,190,319,1155,153,79,45,32,327,59,69,34,250,747,567,207,437,1097,119,91,229,322,677,305,152,198,154,445,209,189,244,1032,654,538,125,195,134,426,186,128,29,346,201,421,129,688,352,232,265,265,214,443,201,201,206,204,155,41,47
ACSSF,2011m1,co,000,0129,0000061,2926,434,1118,1238,564,1515,873,778,1001,1111,1821,1257,748,928,2035,239,434,609,68,607,453,278,577,685,1235,340,370,644,1867,264,100,92,201,165,201,52,131,716,1077,1158,495,607,2192,74,328,498,221,1220,556,763,767,517,764,384,237,152,1161,313,1032,199,201,154,194,61,120,208,113,201,240,115,1348,201,137,917,546,622,409,218,201,405,124,201,229,51
ACSSF,2011m1,co,000,0129,0000062,2648,1441,1318,1082,596,1377,702,757,936,1298,1795,2076,1112,964,2515,792,617,447,373,501,330,455,653,976,1535,585,612,521,2080,402,57,75,201,213,100,201,199,476,876,1771,674,694,1654,254,371,432,365,1315,261,488,530,586,592,532,255,357,1401,778,1153,207,201,226,338,361,201,104,179,131,439,113,1089,464,246,827,224,213,459,201,51,313,88,351,242,63
ACSSF,2011m1,co,000,0129,0000063,3441,1321,2101,804,733,1524,564,652,2397,2163,2062,2807,1078,1054,2835,341,1234,511,238,546,274,525,1501,1485,1794,1660,574,812,2539,469,133,201,201,276,81,159,213,1187,1262,1780,864,459,2653,118,250,215,696,1218,119,365,1335,217,471,947,619,461,1924,980,1801,201,201,153,366,201,340,158,201,381,394,40,1391,203,324,569,13,576,296,46,163,953,222,473,165,201
ACSSF,2011m1,co,000,0129,0000064,3943,901,1108,1089,770,917,1634,533,1041,1589,1598,1105,829,780,2629,418,361,874,352,156,783,344,777,1496,1355,509,475,708,1454,831,201,201,201,61,201,54,110,392,639,763,678,116,1992,89,466,411,538,835,645,364,678,570,399,273,161,225,1154,165,803,138,351,65,268,87,71,50,257,48,407,182,1093,48,116,378,85,267,876,201,201,62,58,71,113,133
ACSSF,2011m1,co,000,0129,0000065,3204,1259,1153,1813,653,1228,652,1002,897,1946,1643,1386,920,589,2429,273,380,1191,99,279,282,883,439,1503,1330,608,620,359,1890,201,285,231,65,339,201,201,148,1048,1018,1073,659,273,2067,201,129,1043,601,1041,330,377,714,897,599,595,295,262,1433,751,1020,405,137,168,64,103,99,145,141,201,269,160,1543,755,72,834,175,335,426,201,261,519,97,188,347,77
ACSSF,2011m1,co,000,0129,0000066,2679,649,739,849,390,1559,695,547,956,1544,2106,1035,1180,848,3039,418,268,629,117,304,533,400,807,1382,1835,538,606,836,1498,201,201,201,201,201,201,123,201,306,916,936,711,100,1992,201,181,226,372,1398,304,339,508,584,608,355,482,174,667,267,612,201,201,54,201,201,126,82,201,201,148,201,1079,201,113,576,201,480,284,201,82,170,382,238,395,201
ACSSF,2011m1,co,000,0129,0000067,4070,547,1130,1321,811,1479,968,1226,982,2423,2217,1410,1041,922,3502,396,313,892,363,714,427,958,653,1992,1961,520,709,719,1605,201,201,201,201,135,131,201,202,733,715,1047,428,442,2162,179,263,593,680,1246,365,584,651,840,488,805,451,349,1168,392,1013,81,138,129,166,180,201,72,51,201,247,201,1256,201,201,690,62,540,604,201,201,119,234,97,192,201
ACSSF,2011m1,co,000,0129,0000068,3452,531,1430,929,729,1539,1284,742,1094,1301,1889,1583,700,961,2170,302,347,645,190,529,169,468,542,1086,1229,227,312,552,1563,201,168,48,201,186,184,76,201,547,925,1132,538,520,2316,137,234,362,449,1536,583,583,944,605,816,797,222,291,1649,137,1314,308,310,429,266,169,201,232,374,261,329,201,1720,451,316,730,391,445,1087,118,201,266,173,377,179,201
ACSSF,2011m1,co,000,0129,0000069,3345,455,1134,1669,793,2004,1046,802,1272,1656,2011,1907,977,1030,2431,257,605,473,146,576,523,524,696,1088,1508,838,533,606,1993,201,201,448,201,317,77,121,188,671,845,1536,596,575,2397,91,280,610,576,1525,674,391,1008,961,726,418,354,570,1348,359,904,337,261,296,398,462,64,102,167,201,516,64,1854,167,284,1264,425,986,609,201,126,562,398,184,228,201
ACSSF,2011m1,co,000,0129,0000070,4521,391,1956,1523,802,2405,2210,1045,829,1437,2319,1305,1185,1089,2342,217,833,862,276,735,578,580,385,793,1216,479,289,480,2865,156,201,203,201,380,70,74,162,1029,1842,1144,740,585,2385,162,709,97,637,1487,1371,373,583,490,812,538,300,678,2239,262,1604,321,281,1107,233,370,119,204,350,223,644,207,2261,165,470,1096,350,570,1434,652,308,379,123,433,283,136
ACSSF,2011m1,co,000,0129,0000071,5456,286,1787,1710,1144,2285,1158,1441,1966,2098,2895,2248,1312,2087,3735,259,675,1307,285,573,254,685,1479,1614,2343,706,482,1679,2281,201,400,114,201,431,106,59,78,661,1099,1546,700,678,3305,66,436,715,1133,1669,876,1175,1134,805,950,850,386,1050,1529,33,1535,91,201,45,216,378,62,808,157,251,265,356,1846,201,215,1013,297,1040,753,104,166,726,213,212,960,201
ACSSF,2011m1,co,000,0129,0000072,4265,261,858,836,462,1543,846,662,1080,1472,1594,1873,724,582,1956,132,556,400,201,216,179,281,870,654,1125,555,307,369,2088,201,201,201,201,384,318,201,90,956,917,1288,456,192,1792,88,196,332,323,1331,340,431,618,653,713,501,225,447,1332,124,671,216,48,666,161,391,122,567,140,201,375,201,1497,161,208,576,340,432,675,116,201,437,273,829,226,193
ACSSF,2011m1,co,000,0129,0000073,3919,56,1458,1026,895,1716,883,670,928,1385,1458,1987,1199,533,1588,52,187,380,534,543,174,444,427,693,942,456,456,398,1962,201,201,53,201,385,390,80,194,754,687,1978,606,184,1933,201,82,247,484,1406,378,366,597,488,633,412,139,250,1537,22,1455,45,87,463,284,327,233,537,404,113,771,78,1392,201,81,736,451,326,781,201,251,270,202,312,128,201
ACSSF,2011m1,co,000,0129,0000074,3920,333,838,953,566,1798,594,1140,1383,1829,1720,888,1473,527,3014,314,597,654,272,432,467,886,1181,1553,1562,495,881,395,1175,201,201,201,205,665,201,201,317,474,422,637,639,216,2391,142,141,333,452,1597,259,685,838,576,803,356,342,194,982,55,404,378,201,164,139,601,201,212,201,201,486,81,869,201,181,176,340,350,362,201,236,202,71,170,431,201
ACSSF,2011m1,co,000,0129,0000075,4997,286,1454,1139,1510,1592,1665,1076,1734,2614,2503,1408,1176,1439,3275,176,673,688,206,440,262,471,1068,2097,2133,491,400,901,1920,201,201,201,201,138,241,201,316,812,1139,1212,348,853,2786,74,288,347,687,1323,915,683,1272,1182,897,400,529,438,1592,112,1127,130,116,196,289,712,201,63,221,201,643,201,2109,174,118,787,1292,420,1065,201,211,392,187,271,483,55
ACSSF,2011m1,co,000,0129,0000076,3764,584,800,1059,846,1051,815,651,1051,1665,1873,1684,761,778,2798,545,301,657,291,267,274,586,890,1291,1642,732,313,559,2128,201,201,180,201,141,281,201,350,1034,648,1329,625,457,1473,142,140,373,520,990,272,271,539,482,338,324,292,291,944,167,701,201,201,260,67,201,150,296,201,201,202,199,1316,201,183,638,524,175,510,261,253,100,208,110,302,201
ACSSF,2011m1,co,000,0129,0000077,4057,656,1047,896,586,1071,643,741,1242,1816,2196,2066,854,686,2516,425,569,648,380,608,365,654,966,1671,2017,920,602,404,2257,201,201,201,201,266,201,201,205,836,641,1727,411,223,1979,270,132,519,302,864,402,294,757,988,635,450,451,459,1035,426,887,203,59,119,104,72,201,201,152,201,79,59,807,102,339,353,325,87,337,98,97,299,399,90,373,201
ACSSF,2011m1,co,000,0129,0000078,4445,439,749,771,997,1944,1294,1170,1745,1668,2286,2612,950,1307,3207,286,429,448,427,655,798,893,1576,1221,2071,857,506,886,2730,201,201,67,201,1088,69,201,519,820,808,1929,431,654,2642,201,321,260,767,1422,792,492,912,853,827,982,354,538,943,233,563,264,201,358,173,261,201,182,168,201,521,201,1446,235,201,445,357,415,751,112,249,332,318,461,315,201
ACSSF,2011m1,co,000,0129,0000079,4224,154,1531,1253,533,1517,960,480,774,1509,1373,1786,830,834,1711,107,209,271,173,437,170,272,518,761,900,394,567,571,2468,201,58,42,201,276,201,201,152,1068,871,1577,652,381,1908,201,172,378,365,1073,590,356,610,487,560,504,277,508,1570,109,1446,84,129,77,294,198,201,610,300,88,238,201,1880,201,509,1140,203,983,757,201,201,192,239,223,98,97
ACSSF,2011m1,co,000,0129,0000080,2757,615,901,837,939,1838,1041,493,878,1274,1668,1079,862,615,2082,274,376,456,463,362,517,289,543,962,1406,487,423,408,1290,47,201,43,201,405,201,201,66,601,624,736,371,370,2526,103,214,401,580,1620,546,429,532,553,287,370,259,270,1381,525,733,459,430,218,136,58,201,161,294,195,524,49,1108,201,175,665,369,438,738,201,90,130,124,30,339,134
ACSSF,2011m1,co,000,0129,0000081,3053,417,947,1108,608,1358,856,532,1082,1283,1409,1520,825,687,1764,220,278,220,405,302,531,99,579,930,1181,403,297,534,1806,201,50,201,201,237,153,201,385,613,631,1301,501,271,1434,111,279,627,245,1027,502,259,482,588,279,483,302,375,1222,145,800,146,201,523,103,237,428,323,133,201,387,106,1348,203,354,759,402,485,662,396,381,217,146,500,164,201
ACSSF,2011m1,co,000,0129,0000082,4166,279,1182,837,650,1366,812,754,1178,1512,1942,1284,1144,1199,2644,264,505,534,433,564,322,678,863,1149,1394,568,487,993,1613,28,201,74,201,287,201,67,78,367,654,1046,816,473,1923,201,148,349,385,1043,496,228,709,663,563,554,523,421,1481,96,924,306,79,204,602,132,406,509,211,61,451,201,1103,201,371,435,117,418,409,201,63,230,301,201,432,67
ACSSF,2011m1,co,000,0129,0000083,2630,262,1129,729,456,1228,543,478,885,1248,1500,1345,1151,793,1874,149,402,561,149,463,144,432,603,846,1217,464,344,666,1520,201,201,120,49,187,201,201,131,405,864,1038,682,215,1537,102,177,295,344,1060,224,281,502,733,292,271,411,320,1092,97,919,199,53,338,219,201,62,355,147,201,373,77,1157,171,215,571,262,305,436,201,191,245,190,320,552,91
ACSSF,2011m1,co,000,0129,0000084,4444,641,1197,1529,874,1751,1765,1196,1966,1981,2160,1613,780,972,3278,434,958,1484,382,595,733,1023,1690,1662,1820,825,538,614,1959,117,201,201,201,351,201,77,201,545,845,1195,443,533,2572,143,148,434,633,1373,1104,577,1093,932,707,385,376,420,921,457,641,141,71,201,161,131,201,201,178,155,201,403,1047,67,152,703,388,461,480,356,135,91,145,574,201,201
ACSSF,2011m1,co,000,0129,0000085,3838,320,1103,1379,764,1734,808,1591,2769,2522,2278,2228,1409,1323,3934,290,939,1294,137,841,429,1118,2100,1745,2096,869,644,1030,1821,39,92,201,201,238,57,118,200,651,631,1593,629,653,3159,63,238,477,608,1419,407,704,1332,1214,846,778,785,588,1094,97,825,75,214,257,283,271,201,247,48,154,425,125,1468,201,154,511,504,475,564,384,201,474,247,403,228,202
ACSSF,2011m1,co,000,0129,0000086,3926,48,1483,824,791,1447,881,1740,1259,1602,2189,1220,1246,1622,3488,12,692,639,273,595,482,1570,744,1492,1780,458,700,941,1713,201,201,77,201,309,255,227,201,264,996,939,544,797,2202,201,159,433,666,1187,453,443,1102,478,505,308,499,586,1424,44,1096,251,201,389,216,232,201,288,252,188,383,428,1156,201,309,183,244,221,489,201,201,147,518,287,109,438
ACSSF,2011m1,co,000,0129,0000087,3317,182,813,833,700,1020,595,484,629,1341,1610,1644,793,824,2436,161,279,714,269,308,290,397,533,1184,1243,1026,514,738,1759,201,201,201,115,653,201,201,304,449,672,1275,493,436,1241,201,287,304,452,780,263,256,350,580,434,455,216,206,722,89,647,94,206,132,190,201,67,132,201,201,218,201,1139,201,101,475,407,493,438,201,201,393,201,306,167,239
ACSSF,2011m1,co,000,0129,0000088,3720,497,656,744,504,1178,625,496,658,936,1929,1575,997,837,1956,279,341,478,160,287,227,385,322,670,1277,373,343,505,1940,150,201,201,201,201,201,105,445,355,789,1428,554,593,2206,122,293,319,202,968,457,183,511,471,953,295,398,290,923,350,488,199,201,327,85,283,163,132,144,201,337,143,1012,54,87,426,382,467,350,143,56,195,140,177,211,70
ACSSF,2011m1,co,000,0129,0000089,4792,1454,1137,1484,1122,2082,796,739,2128,1705,2469,1545,1347,1629,3494,1397,722,950,156,1013,304,479,1581,1163,2275,942,720,1243,2512,201,188,49,201,420,110,201,93,773,1124,1061,1080,1108,2612,424,537,356,959,1605,468,286,1287,813,857,463,591,561,1221,139,713,339,90,312,381,511,464,152,201,66,481,85,1431,201,298,782,556,551,411,201,135,88,212,367,319,182
ACSSF,2011m1,co,000,0129,0000090,2964,262,801,789,490,1016,642,515,896,1055,1342,1235,1190,1187,1427,201,185,222,201,477,52,135,520,485,798,401,201,578,1680,201,201,201,201,415,201,201,61,377,963,1059,529,651,1836,201,95,249,403,901,306,388,502,884,592,114,524,424,1364,251,728,393,166,249,116,261,509,87,58,188,339,546,1464,79,341,644,204,371,587,201,247,362,234,159,667,224
ACSSF,2011m1,co,000,0129,0000091,2855,545,913,842,371,1217,831,314,607,1112,1484,1916,620,1062,2012,219,287,580,105,234,299,231,414,789,1447,244,371,407,2013,175,276,201,201,126,50,79,201,767,590,1784,409,782,1347,20,143,238,327,842,424,126,457,374,400,331,232,393,1202,222,889,325,114,446,322,201,51,79,71,176,157,9,1051,427,286,413,91,642,481,97,201,319,207,156,114,86
ACSSF,2011m1,co,000,0129,0000092,,,,,,,,,,,,,,,,,,,,,,,,,,,,,,,,,,,,,,,,,,,,,,,,,,,,,,,,,,,,,,,,,,,,,,,,,,,,,,,,,,,,
ACSSF,2011m1,co,000,0129,0000093,5330,298,2145,1457,999,2068,1092,1424,1294,2100,2169,2657,1633,1488,2611,177,575,831,517,411,191,592,876,973,1754,556,416,1355,2490,201,400,201,201,486,490,80,213,1342,1181,1719,802,189,2959,58,213,359,809,1877,614,1271,756,562,788,993,250,767,1891,126,2003,220,112,634,273,591,263,662,140,113,806,78,2048,161,223,1078,523,951,1037,135,251,549,326,872,941,201
ACSSF,2011m1,co,000,0129,0000094,3982,1046,1324,1302,632,1757,1176,1015,1293,2853,2657,1668,1360,1202,3818,420,474,896,258,378,921,618,1055,2412,2355,646,642,1146,1909,831,201,201,201,171,131,123,165,770,1145,1414,823,276,2529,151,190,708,602,1628,420,627,822,884,857,656,625,375,1116,284,1028,110,201,54,242,114,126,82,51,201,318,153,1357,201,148,780,62,535,562,201,82,184,401,238,420,201
ACSSF,2011m1,co,000,0129,0000095,,,,,,,,,,,,,,,,,,,,,,,,,,,,,,,,,,,,,,,,,,,,,,,,,,,,,,,,,,,,,,,,,,,,,,,,,,,,,,,,,,,,
ACSSF,2011m1,co,000,0129,0000096,5775,378,1769,1750,1095,2451,1658,1348,2558,2754,2987,2694,1568,1730,4528,183,878,1229,344,1039,802,863,2200,2230,2499,916,1126,1531,3210,201,201,125,205,675,147,201,328,890,992,2533,949,687,3678,93,433,774,932,2196,843,864,1362,1052,1096,697,457,764,2131,191,1445,299,201,546,214,655,83,914,411,201,339,356,1546,235,272,698,446,583,951,96,156,345,342,160,391,193
ACSSF,2011m1,co,000,0129,0000097,5202,473,1148,1019,897,1890,859,839,1003,1624,2318,2220,1642,1202,2842,286,709,661,343,775,325,508,707,1122,1589,741,617,802,2598,150,188,49,201,515,201,105,455,757,1090,2015,934,932,2827,122,407,328,685,1385,567,443,701,780,1013,556,638,308,1350,363,905,196,187,384,149,568,191,206,144,66,448,143,1684,54,148,792,508,741,542,143,56,254,325,369,426,188
ACSSF,2011m1,co,000,0129,0000098,4741,941,2589,2252,1773,3032,2217,1691,2889,4008,4466,3677,2091,2159,5711,828,952,1210,603,1059,717,1387,2123,3328,4255,1480,816,1278,4830,201,58,196,201,1164,376,201,832,1710,1592,3225,1122,1154,4334,289,509,905,1104,2433,1204,811,1906,1706,1491,1240,900,1028,2528,503,2152,428,184,537,518,790,150,699,423,88,896,206,3543,203,553,1647,1348,1182,1808,299,394,580,649,597,722,107
ACSSF,2011m1,co,000,0129,0000099,3712,709,1571,1934,1120,2488,1569,1892,3088,3105,2791,2331,1671,1646,4764,520,1339,1926,396,1018,684,1389,2518,2287,2312,1174,823,1204,2290,192,92,201,201,423,57,137,200,665,1143,1811,687,921,3592,109,240,588,899,1967,1066,901,1565,1476,980,873,871,658,1377,463,1012,75,225,257,298,271,201,247,113,220,467,323,1731,67,218,837,504,647,672,474,201,478,289,423,228,202
ACSSF,2011m1,co,000,0129,0000100,,,,,,,,,,,,,,,,,,,,,,,,,,,,,,,,,,,,,,,,,,,,,,,,,,,,,,,,,,,,,,,,,,,,,,,,,,,,,,,,,,,,
ACSSF,2011m1,co,000,0129,0000101,4638,772,1777,1750,805,2129,786,702,1271,2325,3485,1964,1145,936,3631,657,699,1218,401,743,424,545,965,1674,2621,1040,458,536,2227,126,62,201,201,250,107,201,323,885,1087,1425,681,419,2918,168,952,588,669,1867,440,525,647,753,1210,599,457,458,1775,419,1449,608,115,397,187,112,122,194,129,137,503,20,1584,201,318,701,308,693,427,113,174,652,624,600,329,201
ACSSF,2011m1,co,000,0129,0000102,2583,919,1271,998,636,1822,1140,734,1533,1831,2011,1535,790,903,2564,618,682,382,236,762,590,420,694,1324,1920,525,348,533,2264,117,201,123,201,111,85,242,452,546,1070,1056,381,552,2165,333,158,506,483,1437,559,203,890,553,541,931,170,310,1651,791,1010,326,193,149,555,187,386,768,28,444,482,333,1430,329,59,747,123,735,720,468,526,363,201,458,273,201
ACSSF,2011m1,co,000,0129,0000103,,,,,,,,,,,,,,,,,,,,,,,,,,,,,,,,,,,,,,,,,,,,,,,,,,,,,,,,,,,,,,,,,,,,,,,,,,,,,,,,,,,,
ACSSF,2011m1,co,000,0129,0000104,,,,,,,,,,,,,,,,,,,,,,,,,,,,,,,,,,,,,,,,,,,,,,,,,,,,,,,,,,,,,,,,,,,,,,,,,,,,,,,,,,,,
ACSSF,2011m1,co,000,0129,0000105,4411,1085,2151,2034,1780,2867,2012,1391,2234,3205,3528,2271,1996,1836,4524,651,889,1148,795,861,914,855,1525,2497,2931,1038,903,1661,2993,52,155,86,201,518,153,86,371,1086,1457,2068,1180,793,4203,254,483,965,1159,2550,1274,748,1458,1430,1058,945,743,643,2745,715,1564,661,493,639,689,306,602,620,552,205,915,309,2745,217,474,1408,752,946,1231,464,434,390,385,781,570,201
ACSSF,2011m1,co,000,0129,0000106,3299,372,644,794,445,1689,593,806,868,1217,1410,883,1163,364,2226,275,291,565,215,549,272,865,652,1039,1146,342,426,310,1246,201,201,82,201,343,201,201,131,264,727,574,623,77,1717,176,152,304,386,1140,206,421,548,649,452,312,281,186,903,92,521,213,201,320,187,88,62,187,71,201,533,81,989,157,106,497,224,358,453,201,242,94,71,267,422,91
ACSSF,2011m1,co,000,0129,0000107,4348,1367,1306,1888,967,1485,992,1051,855,2092,2261,1811,1008,895,3470,520,443,1205,193,526,358,1022,502,1715,1789,900,706,440,2120,201,285,231,65,372,201,201,148,1021,974,1230,614,625,2524,46,107,1063,716,1218,298,239,603,1001,876,556,277,346,1760,751,1233,405,594,168,421,130,99,145,160,201,185,160,1924,786,45,905,175,492,742,201,261,519,320,188,583,77
ACSSF,2011m1,co,000,0129,0000108,3798,880,1665,1782,905,1311,428,760,798,1702,2132,1718,1067,713,2866,631,720,1102,102,517,241,689,481,987,1874,492,546,479,2286,171,201,201,201,251,201,201,293,904,1072,1312,657,482,1904,260,262,535,931,978,204,100,590,761,476,470,163,272,1287,427,1284,100,74,132,201,344,107,69,232,98,408,201,1305,241,166,1249,201,297,326,201,78,87,253,527,236,170
ACSSF,2011m1,co,000,0129,0000109,2559,178,796,901,533,1172,560,749,782,941,1297,1195,640,603,1372,152,182,299,201,289,387,228,394,499,914,317,372,374,1640,201,100,92,201,165,201,52,131,693,903,1102,473,454,1767,201,244,326,205,1075,214,732,640,467,512,334,185,108,860,145,761,164,201,154,141,61,120,172,113,201,123,201,1108,201,137,739,516,443,404,218,201,245,115,201,124,201
ACSSF,2011m1,co,000,0129,0000110,5202,798,1745,1951,972,2265,1456,1260,1386,2214,2552,2535,1368,1076,3790,518,664,733,333,703,517,971,685,1740,2094,785,937,718,2663,201,201,424,201,185,184,121,188,693,1227,1971,637,654,3607,168,396,797,717,2011,799,576,1173,1329,886,1125,339,549,1951,381,1513,321,261,357,444,477,64,212,140,201,677,201,2154,479,415,1224,395,826,1194,89,126,273,419,383,245,201
ACSSF,2011m1,co,000,0129,0000111,3456,196,1121,763,605,1095,943,856,602,1103,1068,1209,457,422,1414,201,255,354,80,385,307,57,333,689,810,231,166,270,1582,201,75,201,201,193,201,76,201,874,503,968,226,230,1511,201,228,189,304,710,379,578,494,448,255,465,115,155,1489,196,1032,322,407,480,192,98,88,243,285,344,268,201,1498,201,61,670,415,353,687,640,201,254,201,279,204,201
