ACSSF,2011m1,co,000,0021,0000001,2841,14577,24016,13093,5395,6157,19172,13999,13253,7161,3546,3558,17444,12193,16379,9687,3129,4824,4337,2549,3102,1475,429,522,12848,7112,8716,3430,2094,2712,,,,,,,,,,,,,,,,,,,,,,,,,,,,,,,3216,9330,13160,15452,16005,11279,16299,5155,10331,10148,7412,4769,15142,5389,9340,11795,14599,8821,3986,1275,1933,2602,1595,1353,11060,6778,5951,4909,4916,3651,,,,,,,,,,,,,,,,,,,,,,,,,,,,,,,,,,,,,,,,,,,,,,,,,,,,,,,,2841,14577,24016,14658,6157,19172,13999,13253,8535,3558,17444,12193,16379,10395,4824,4337,2549,3102,1551,522,12848,7112,8716,3917,2712,,,,,,,,,,,,,,,,,,,,,,,,,
ACSSF,2011m1,co,000,0021,0000002,15522,13062,22640,10887,4737,5424,16500,12306,11506,6323,3355,3182,16117,10657,15578,7886,2615,3931,4017,2423,2684,1463,398,531,11942,6747,9222,3439,2092,2560,,,,,,,,,,,,,,,,,,,,,,,,,,,,,,,13067,9144,13220,14914,12816,9972,13633,4458,8846,9415,5741,3735,13744,4854,8715,9587,12044,7837,3643,1086,1774,2583,1483,1016,10399,6570,5725,4689,4276,2972,,,,,,,,,,,,,,,,,,,,,,,,,,,,,,,,,,,,,,,,,,,,,,,,,,,,,,,,15522,13062,22640,12344,5424,16500,12306,11506,7666,3182,16117,10657,15578,8653,3931,4017,2423,2684,1516,531,11942,6747,9222,3874,2560,,,,,,,,,,,,,,,,,,,,,,,,,
ACSSF,2011m1,co,000,0021,0000003,14860,9211,12000,5629,1898,2888,9797,6681,6109,3091,1089,1318,14077,7242,9898,5072,1605,2442,1938,1035,1483,506,128,72,6525,2906,5618,849,335,635,,,,,,,,,,,,,,,,,,,,,,,,,,,,,,,13109,4071,6920,9433,8547,5835,7991,2115,4120,4853,3803,2665,12720,2510,5452,7608,7240,4373,1720,432,724,877,796,782,6357,2169,2542,2610,2112,2198,,,,,,,,,,,,,,,,,,,,,,,,,,,,,,,,,,,,,,,,,,,,,,,,,,,,,,,,14860,9211,12000,5704,2888,9797,6681,6109,3165,1318,14077,7242,9898,5177,2442,1938,1035,1483,519,72,6525,2906,5618,908,635,,,,,,,,,,,,,,,,,,,,,,,,,
ACSSF,2011m1,co,000,0021,0000004,4075,14361,22183,12605,5477,5808,17771,13385,12034,6907,3588,3193,16819,12141,15794,9256,3144,4521,4293,2613,2962,1380,429,530,12489,7257,8840,3380,2090,2672,,,,,,,,,,,,,,,,,,,,,,,,,,,,,,,4128,9151,12845,15360,15698,11261,15038,4984,9708,10450,7250,4580,14410,5488,9033,11520,13936,8739,3931,1262,1873,2635,1570,1326,10589,6634,5875,5052,4919,3603,,,,,,,,,,,,,,,,,,,,,,,,,,,,,,,,,,,,,,,,,,,,,,,,,,,,,,,,4075,14361,22183,14176,5808,17771,13385,12034,8264,3193,16819,12141,15794,9948,4521,4293,2613,2962,1462,530,12489,7257,8840,3951,2672,,,,,,,,,,,,,,,,,,,,,,,,,
ACSSF,2011m1,co,000,0021,0000005,3036,13983,21365,12503,5160,5480,17276,12885,11891,6738,3529,2943,16750,12289,15177,8934,2938,4513,4235,2400,2875,1368,429,534,12248,7004,8398,3333,1946,2645,,,,,,,,,,,,,,,,,,,,,,,,,,,,,,,3398,8866,12498,15293,15243,11021,14977,4777,9183,10343,6978,4323,14333,5089,8873,11443,13504,8517,3792,1256,1857,2449,1548,1243,10567,6236,5629,4890,4791,3455,,,,,,,,,,,,,,,,,,,,,,,,,,,,,,,,,,,,,,,,,,,,,,,,,,,,,,,,3036,13983,21365,14093,5480,17276,12885,11891,8096,2943,16750,12289,15177,9652,4513,4235,2400,2875,1455,534,12248,7004,8398,3839,2645,,,,,,,,,,,,,,,,,,,,,,,,,
ACSSF,2011m1,co,000,0021,0000006,6840,12015,13100,7981,3868,3656,12328,9760,7301,4055,2701,2070,10796,9082,10636,5859,2151,2950,2673,1841,1606,1135,331,257,9419,4796,7037,2766,1654,1697,,,,,,,,,,,,,,,,,,,,,,,,,,,,,,,8064,7011,8001,10511,9082,7353,10626,3291,5332,7013,4721,3434,9765,3483,6340,7244,8503,6068,2481,409,1230,1731,1405,900,7847,4843,4485,3738,3185,2406,,,,,,,,,,,,,,,,,,,,,,,,,,,,,,,,,,,,,,,,,,,,,,,,,,,,,,,,6840,12015,13100,8876,3656,12328,9760,7301,4905,2070,10796,9082,10636,6280,2950,2673,1841,1606,1221,257,9419,4796,7037,3132,1697,,,,,,,,,,,,,,,,,,,,,,,,,
ACSSF,2011m1,co,000,0021,0000007,7395,10321,16653,9743,3254,4150,14329,9137,9834,6053,2026,1880,14266,8376,12603,7188,2072,3272,3061,1568,2289,1120,312,454,7732,4762,5894,2111,1076,1556,,,,,,,,,,,,,,,,,,,,,,,,,,,,,,,8167,5904,9946,13120,11533,7622,12231,3528,6921,7756,5071,2563,12737,3540,7546,10013,9191,6115,2805,1118,1210,1530,906,732,7120,4286,4101,3216,3111,2516,,,,,,,,,,,,,,,,,,,,,,,,,,,,,,,,,,,,,,,,,,,,,,,,,,,,,,,,7395,10321,16653,9925,4150,14329,9137,9834,6141,1880,14266,8376,12603,7296,3272,3061,1568,2289,1181,454,7732,4762,5894,2518,1556,,,,,,,,,,,,,,,,,,,,,,,,,
ACSSF,2011m1,co,000,0021,0000008,2592,4451,5590,2433,1148,1381,4021,2829,2735,1407,335,1045,4211,3717,4132,2344,655,984,1306,903,632,216,201,64,3488,2262,3055,478,829,242,,,,,,,,,,,,,,,,,,,,,,,,,,,,,,,2087,2628,3129,3521,3479,2404,3175,1460,1836,1829,1602,953,3604,1335,2603,3192,2788,1971,1297,117,381,997,139,422,2969,2041,1315,1248,1318,783,,,,,,,,,,,,,,,,,,,,,,,,,,,,,,,,,,,,,,,,,,,,,,,,,,,,,,,,2592,4451,5590,2622,1381,4021,2829,2735,1427,1045,4211,3717,4132,2524,984,1306,903,632,216,64,3488,2262,3055,1049,242,,,,,,,,,,,,,,,,,,,,,,,,,
ACSSF,2011m1,co,000,0021,0000009,6258,3048,5183,1572,755,1076,3256,2239,1909,972,153,720,3507,1889,3360,1264,436,706,513,293,393,201,201,201,3578,1638,2855,171,613,165,,,,,,,,,,,,,,,,,,,,,,,,,,,,,,,5130,2138,2324,2297,2035,1659,2091,751,1201,1012,1152,897,3445,877,1658,2042,1432,1284,465,201,237,375,99,138,2946,1687,1197,973,837,319,,,,,,,,,,,,,,,,,,,,,,,,,,,,,,,,,,,,,,,,,,,,,,,,,,,,,,,,6258,3048,5183,1720,1076,3256,2239,1909,966,720,3507,1889,3360,1351,706,513,293,393,201,201,3578,1638,2855,668,165,,,,,,,,,,,,,,,,,,,,,,,,,
ACSSF,2011m1,co,000,0021,0000010,5849,3729,5752,2237,837,1046,3785,2198,2508,1225,329,674,4391,3386,4129,1950,559,725,1096,842,480,216,201,64,2937,1611,2604,438,402,177,,,,,,,,,,,,,,,,,,,,,,,,,,,,,,,5521,2429,2826,3295,3017,2273,3246,1258,1516,1517,1343,821,3946,1105,2224,2830,2570,1766,1098,117,253,818,100,420,2873,1879,933,916,842,727,,,,,,,,,,,,,,,,,,,,,,,,,,,,,,,,,,,,,,,,,,,,,,,,,,,,,,,,5849,3729,5752,2346,1046,3785,2198,2508,1263,674,4391,3386,4129,2051,725,1096,842,480,216,64,2937,1611,2604,591,177,,,,,,,,,,,,,,,,,,,,,,,,,
ACSSF,2011m1,co,000,0021,0000011,3815,4762,7070,2872,1009,1821,4716,2989,3831,1489,729,1349,5082,3901,5032,2428,649,1225,1056,547,416,482,201,87,2330,1414,1877,807,349,464,,,,,,,,,,,,,,,,,,,,,,,,,,,,,,,3410,2085,3479,3931,3454,2308,4427,1332,2615,2900,1599,977,4636,1191,2916,3522,3169,2112,900,221,402,388,300,165,2073,1232,729,1018,674,581,,,,,,,,,,,,,,,,,,,,,,,,,,,,,,,,,,,,,,,,,,,,,,,,,,,,,,,,3815,4762,7070,2987,1821,4716,2989,3831,1758,1349,5082,3901,5032,2581,1225,1056,547,416,482,87,2330,1414,1877,864,464,,,,,,,,,,,,,,,,,,,,,,,,,
ACSSF,2011m1,co,000,0021,0000012,3814,6533,8948,3718,1361,2316,6241,4043,5185,1972,801,1849,6520,5647,6295,3255,807,1497,1590,991,749,491,201,108,4220,2532,3363,864,954,496,,,,,,,,,,,,,,,,,,,,,,,,,,,,,,,3060,3415,4414,4956,4788,3052,5805,2038,3435,3624,2210,1456,5879,1792,4005,4661,4225,2845,1508,266,541,1025,363,468,3461,2304,1481,1580,1436,972,,,,,,,,,,,,,,,,,,,,,,,,,,,,,,,,,,,,,,,,,,,,,,,,,,,,,,,,3814,6533,8948,4027,2316,6241,4043,5185,2263,1849,6520,5647,6295,3519,1497,1590,991,749,491,108,4220,2532,3363,1313,496,,,,,,,,,,,,,,,,,,,,,,,,,
ACSSF,2011m1,co,000,0021,0000013,501,4482,6479,3868,1533,1878,6405,3841,4820,2791,1237,1111,5282,3472,4183,2468,643,1382,1423,628,1267,380,59,103,5601,3370,3686,1263,630,1215,,,,,,,,,,,,,,,,,,,,,,,,,,,,,,,865,3604,4827,4675,3444,2439,5053,2037,3425,3748,1886,981,4596,1660,3070,3121,2673,1979,1403,690,743,548,386,162,5184,2946,2892,1758,1878,872,,,,,,,,,,,,,,,,,,,,,,,,,,,,,,,,,,,,,,,,,,,,,,,,,,,,,,,,501,4482,6479,4067,1878,6405,3841,4820,2797,1111,5282,3472,4183,2485,1382,1423,628,1267,385,103,5601,3370,3686,1511,1215,,,,,,,,,,,,,,,,,,,,,,,,,
ACSSF,2011m1,co,000,0021,0000014,443,5639,8192,4794,1963,2109,6269,4804,3987,2362,1444,1161,5666,4490,5858,3603,1162,1467,1469,980,848,617,295,290,4449,2890,3416,1358,793,1042,,,,,,,,,,,,,,,,,,,,,,,,,,,,,,,487,3428,5223,4772,4618,4218,5120,1417,2940,3049,2309,1320,4708,1691,3477,4575,3816,3185,1342,676,336,1046,533,354,3632,2498,2671,1914,2108,1905,,,,,,,,,,,,,,,,,,,,,,,,,,,,,,,,,,,,,,,,,,,,,,,,,,,,,,,,443,5639,8192,5505,2109,6269,4804,3987,3079,1161,5666,4490,5858,3866,1467,1469,980,848,579,290,4449,2890,3416,1598,1042,,,,,,,,,,,,,,,,,,,,,,,,,
ACSSF,2011m1,co,000,0021,0000015,555,3547,4792,2253,863,1169,4028,2996,2381,1185,356,494,4330,3536,3644,1930,636,1041,992,839,532,285,201,163,2729,1462,2240,649,597,318,,,,,,,,,,,,,,,,,,,,,,,,,,,,,,,754,1840,2426,3294,3486,3220,2978,779,1334,1384,1750,1347,3147,720,1902,2710,3277,2601,867,185,129,667,361,491,2143,1618,1095,868,1510,1247,,,,,,,,,,,,,,,,,,,,,,,,,,,,,,,,,,,,,,,,,,,,,,,,,,,,,,,,555,3547,4792,2403,1169,4028,2996,2381,1264,494,4330,3536,3644,2020,1041,992,839,532,285,163,2729,1462,2240,963,318,,,,,,,,,,,,,,,,,,,,,,,,,
ACSSF,2011m1,co,000,0021,0000016,483,6311,7476,4351,2374,2017,7216,5463,3630,2580,1660,1121,6298,5083,5290,3241,1244,1581,1485,1219,815,609,131,57,5914,3568,4634,1989,1041,1104,,,,,,,,,,,,,,,,,,,,,,,,,,,,,,,466,4241,4920,4593,4950,4422,6337,2084,3749,3266,2401,2289,5331,2085,3118,3357,3710,3463,1468,145,647,652,943,551,5052,3760,3053,2124,1955,1564,,,,,,,,,,,,,,,,,,,,,,,,,,,,,,,,,,,,,,,,,,,,,,,,,,,,,,,,483,6311,7476,4848,2017,7216,5463,3630,3253,1121,6298,5083,5290,3474,1581,1485,1219,815,620,57,5914,3568,4634,2037,1104,,,,,,,,,,,,,,,,,,,,,,,,,
ACSSF,2011m1,co,000,0021,0000017,411,3210,4795,3342,601,1304,4584,2942,2834,1809,494,351,5189,2844,5142,2373,438,1192,769,552,551,301,201,201,2656,1521,2158,792,60,447,,,,,,,,,,,,,,,,,,,,,,,,,,,,,,,791,1663,2923,4488,4585,3237,3777,955,2120,2101,2147,1277,4383,650,2252,3395,3933,2354,562,64,159,250,444,288,2440,1076,767,1116,1301,1311,,,,,,,,,,,,,,,,,,,,,,,,,,,,,,,,,,,,,,,,,,,,,,,,,,,,,,,,411,3210,4795,3382,1304,4584,2942,2834,1874,351,5189,2844,5142,2438,1192,769,552,551,301,201,2656,1521,2158,802,447,,,,,,,,,,,,,,,,,,,,,,,,,
ACSSF,2011m1,co,000,0021,0000018,269,4764,7128,4320,2393,1744,6572,3859,3966,1860,1027,908,7027,4817,7354,3946,2008,1414,2118,1435,1338,746,218,295,3779,1954,3406,1078,695,683,,,,,,,,,,,,,,,,,,,,,,,,,,,,,,,929,2803,5098,5069,5342,3610,4811,1262,3110,3284,1596,1074,5088,1767,3889,4450,4866,3426,1629,296,941,1077,814,621,3462,1681,1813,1472,1302,1259,,,,,,,,,,,,,,,,,,,,,,,,,,,,,,,,,,,,,,,,,,,,,,,,,,,,,,,,269,4764,7128,4630,1744,6572,3859,3966,1884,908,7027,4817,7354,4303,1414,2118,1435,1338,761,295,3779,1954,3406,1298,683,,,,,,,,,,,,,,,,,,,,,,,,,
ACSSF,2011m1,co,000,0021,0000019,384,4472,6176,3862,1163,1813,6629,4307,4166,2532,772,926,5995,3645,4512,2808,917,1625,891,412,819,406,177,116,3127,1585,2384,892,251,414,,,,,,,,,,,,,,,,,,,,,,,,,,,,,,,667,2586,5055,5709,4455,2929,5709,1626,2764,3364,2373,1194,5144,1181,3991,4578,4135,2713,874,210,490,488,474,333,2725,1560,1152,1197,1129,1049,,,,,,,,,,,,,,,,,,,,,,,,,,,,,,,,,,,,,,,,,,,,,,,,,,,,,,,,384,4472,6176,4100,1813,6629,4307,4166,2747,926,5995,3645,4512,3071,1625,891,412,819,443,116,3127,1585,2384,945,414,,,,,,,,,,,,,,,,,,,,,,,,,
ACSSF,2011m1,co,000,0021,0000020,377,4245,5875,3017,796,1420,4667,3062,3752,1745,585,532,4464,3594,4261,2543,584,1298,1006,849,612,213,201,69,2140,1501,1693,349,201,364,,,,,,,,,,,,,,,,,,,,,,,,,,,,,,,680,1819,3221,4267,3305,3106,3755,882,1829,2388,2036,1541,3748,1019,2525,3682,2635,2487,591,201,202,257,386,331,1913,1225,1088,1471,810,677,,,,,,,,,,,,,,,,,,,,,,,,,,,,,,,,,,,,,,,,,,,,,,,,,,,,,,,,377,4245,5875,3326,1420,4667,3062,3752,2005,532,4464,3594,4261,2719,1298,1006,849,612,213,69,2140,1501,1693,349,364,,,,,,,,,,,,,,,,,,,,,,,,,
ACSSF,2011m1,co,000,0021,0000021,700,2583,3862,2165,771,1080,3371,2052,3011,1474,591,625,3431,1864,3342,1453,530,1002,701,194,447,389,201,117,1482,820,1008,436,201,147,,,,,,,,,,,,,,,,,,,,,,,,,,,,,,,698,1532,2783,2733,2005,1442,3022,1012,2162,1876,1247,781,3297,1389,2369,2422,1567,1138,659,49,442,173,298,115,1201,748,567,504,526,207,,,,,,,,,,,,,,,,,,,,,,,,,,,,,,,,,,,,,,,,,,,,,,,,,,,,,,,,700,2583,3862,2286,1080,3371,2052,3011,1681,625,3431,1864,3342,1483,1002,701,194,447,389,117,1482,820,1008,436,147,,,,,,,,,,,,,,,,,,,,,,,,,
ACSSF,2011m1,co,000,0021,0000022,493,2520,3918,2427,843,1069,3399,2301,2438,1630,701,873,2907,1565,2631,1375,417,676,781,631,429,302,201,75,1187,529,976,340,119,321,,,,,,,,,,,,,,,,,,,,,,,,,,,,,,,551,1709,2035,2070,1902,1217,2700,1236,1483,2006,1433,949,2416,988,1441,2069,1330,946,651,370,197,398,299,140,1167,846,573,339,150,291,,,,,,,,,,,,,,,,,,,,,,,,,,,,,,,,,,,,,,,,,,,,,,,,,,,,,,,,493,2520,3918,2676,1069,3399,2301,2438,1761,873,2907,1565,2631,1479,676,781,631,429,302,75,1187,529,976,386,321,,,,,,,,,,,,,,,,,,,,,,,,,
ACSSF,2011m1,co,000,0021,0000023,588,3830,5199,2662,1302,1372,5441,3622,3939,1806,1062,964,5021,3739,4180,1903,691,1061,741,185,755,201,201,201,3030,1069,2750,483,518,329,,,,,,,,,,,,,,,,,,,,,,,,,,,,,,,794,2961,4148,4287,3197,2024,5045,1309,2939,3974,1759,846,4685,1960,2813,3238,3045,1733,748,23,225,431,325,126,2875,1908,1342,728,842,436,,,,,,,,,,,,,,,,,,,,,,,,,,,,,,,,,,,,,,,,,,,,,,,,,,,,,,,,588,3830,5199,2889,1372,5441,3622,3939,2072,964,5021,3739,4180,1977,1061,741,185,755,201,201,3030,1069,2750,725,329,,,,,,,,,,,,,,,,,,,,,,,,,
ACSSF,2011m1,co,000,0021,0000024,2158,2304,2829,1699,580,865,2634,2047,2131,1551,490,451,2866,1641,2285,979,368,724,322,201,239,201,59,201,1137,344,887,211,91,137,,,,,,,,,,,,,,,,,,,,,,,,,,,,,,,2374,975,2122,2161,2072,1215,2515,721,1656,1549,1577,666,2774,588,1623,2032,1355,1056,322,201,198,107,194,117,1131,337,624,529,523,195,,,,,,,,,,,,,,,,,,,,,,,,,,,,,,,,,,,,,,,,,,,,,,,,,,,,,,,,2158,2304,2829,1806,865,2634,2047,2131,1630,451,2866,1641,2285,1021,724,322,201,239,59,201,1137,344,887,225,137,,,,,,,,,,,,,,,,,,,,,,,,,
ACSSF,2011m1,co,000,0021,0000025,3502,4878,6023,3347,1742,1713,5175,3789,3128,1417,1428,966,4744,3754,4093,2386,650,1113,982,526,673,195,295,182,4315,2311,3498,1040,738,896,,,,,,,,,,,,,,,,,,,,,,,,,,,,,,,3505,3097,4024,3909,3168,2534,3858,1406,1986,2461,1658,695,4347,1264,2484,3639,2321,1940,813,280,341,560,486,173,3419,2493,2254,1669,1721,1053,,,,,,,,,,,,,,,,,,,,,,,,,,,,,,,,,,,,,,,,,,,,,,,,,,,,,,,,3502,4878,6023,3925,1713,5175,3789,3128,2259,966,4744,3754,4093,2568,1113,982,526,673,363,182,4315,2311,3498,1349,896,,,,,,,,,,,,,,,,,,,,,,,,,
ACSSF,2011m1,co,000,0021,0000026,1583,2736,2717,1118,344,702,2471,2239,910,433,8,265,2771,2605,2243,958,344,625,842,796,299,148,201,201,1395,801,1041,461,201,131,,,,,,,,,,,,,,,,,,,,,,,,,,,,,,,2117,614,856,1370,2006,1905,1352,220,504,640,1110,673,2470,229,596,1128,2008,1755,701,201,201,637,184,289,1060,509,281,339,585,793,,,,,,,,,,,,,,,,,,,,,,,,,,,,,,,,,,,,,,,,,,,,,,,,,,,,,,,,1583,2736,2717,1150,702,2471,2239,910,433,265,2771,2605,2243,1049,625,842,796,299,148,201,1395,801,1041,461,131,,,,,,,,,,,,,,,,,,,,,,,,,
ACSSF,2011m1,co,000,0021,0000027,2062,2225,2518,1817,322,923,2802,1834,1626,1115,87,501,2942,1644,2361,1370,239,746,797,753,323,242,201,201,1914,845,1614,308,189,195,,,,,,,,,,,,,,,,,,,,,,,,,,,,,,,2331,822,1666,1886,2436,1575,2239,170,941,1383,1182,564,2922,705,1333,1858,1998,1306,796,201,68,774,175,219,1815,387,879,897,733,363,,,,,,,,,,,,,,,,,,,,,,,,,,,,,,,,,,,,,,,,,,,,,,,,,,,,,,,,2062,2225,2518,1795,923,2802,1834,1626,1109,501,2942,1644,2361,1363,746,797,753,323,242,201,1914,845,1614,327,195,,,,,,,,,,,,,,,,,,,,,,,,,
ACSSF,2011m1,co,000,0021,0000028,3216,4427,5634,3637,1971,1620,4889,3431,3192,1618,831,847,5501,3936,6004,3025,1813,1315,1753,1188,1065,747,93,64,3773,1897,3100,1076,580,586,,,,,,,,,,,,,,,,,,,,,,,,,,,,,,,3957,2506,3845,4170,4481,3409,3698,1091,2716,2643,1264,1087,4827,1369,3122,3770,4019,3014,1366,201,763,813,707,542,3492,1739,1729,1418,1081,1202,,,,,,,,,,,,,,,,,,,,,,,,,,,,,,,,,,,,,,,,,,,,,,,,,,,,,,,,3216,4427,5634,3699,1620,4889,3431,3192,1533,847,5501,3936,6004,3326,1315,1753,1188,1065,762,64,3773,1897,3100,1227,586,,,,,,,,,,,,,,,,,,,,,,,,,
ACSSF,2011m1,co,000,0021,0000029,483,6311,7476,4351,2374,2017,7216,5463,3630,2580,1660,1121,6298,5083,5290,3241,1244,1581,1485,1219,815,609,131,57,5914,3568,4634,1989,1041,1104,,,,,,,,,,,,,,,,,,,,,,,,,,,,,,,466,4241,4920,4593,4950,4422,6337,2084,3749,3266,2401,2289,5331,2085,3118,3357,3710,3463,1468,145,647,652,943,551,5052,3760,3053,2124,1955,1564,,,,,,,,,,,,,,,,,,,,,,,,,,,,,,,,,,,,,,,,,,,,,,,,,,,,,,,,483,6311,7476,4848,2017,7216,5463,3630,3253,1121,6298,5083,5290,3474,1581,1485,1219,815,620,57,5914,3568,4634,2037,1104,,,,,,,,,,,,,,,,,,,,,,,,,
ACSSF,2011m1,co,000,0021,0000030,2277,3835,3903,1821,357,839,3286,3026,1848,847,135,275,3306,2689,3242,1519,360,746,551,322,483,135,201,69,1544,882,1182,259,201,336,,,,,,,,,,,,,,,,,,,,,,,,,,,,,,,3018,1272,1679,2374,2676,2065,2131,574,1054,1301,1290,885,2975,692,1431,2068,2249,1682,468,201,98,233,217,304,1235,730,302,585,562,548,,,,,,,,,,,,,,,,,,,,,,,,,,,,,,,,,,,,,,,,,,,,,,,,,,,,,,,,2277,3835,3903,1912,839,3286,3026,1848,898,275,3306,2689,3242,1605,746,551,322,483,135,69,1544,882,1182,259,336,,,,,,,,,,,,,,,,,,,,,,,,,
ACSSF,2011m1,co,000,0021,0000031,2371,2970,3495,1845,1041,1084,3784,2923,1918,1295,842,591,3649,2170,2928,1236,397,885,164,164,48,201,201,201,2535,768,2309,199,527,105,,,,,,,,,,,,,,,,,,,,,,,,,,,,,,,2487,2042,2422,3761,1689,1172,3434,677,1717,3360,812,446,3186,675,1964,1871,1576,1024,117,201,201,117,201,201,2417,1778,787,486,695,140,,,,,,,,,,,,,,,,,,,,,,,,,,,,,,,,,,,,,,,,,,,,,,,,,,,,,,,,2371,2970,3495,1852,1084,3784,2923,1918,1507,591,3649,2170,2928,1197,885,164,164,48,201,201,2535,768,2309,566,105,,,,,,,,,,,,,,,,,,,,,,,,,
ACSSF,2011m1,co,000,0021,0000032,3625,2848,3275,1995,222,739,3347,2046,2170,1057,131,313,3507,1795,2856,1329,173,676,430,201,301,287,201,201,2010,782,1522,675,201,106,,,,,,,,,,,,,,,,,,,,,,,,,,,,,,,3149,833,2103,2343,2953,2246,2910,587,1767,1255,1254,981,3307,379,1143,1659,3000,1706,430,201,201,172,380,201,1931,471,534,677,1218,698,,,,,,,,,,,,,,,,,,,,,,,,,,,,,,,,,,,,,,,,,,,,,,,,,,,,,,,,3625,2848,3275,2048,739,3347,2046,2170,1068,313,3507,1795,2856,1351,676,430,201,301,287,201,2010,782,1522,675,106,,,,,,,,,,,,,,,,,,,,,,,,,
ACSSF,2011m1,co,000,0021,0000033,2219,2513,3254,1805,778,1376,3538,2384,2365,1025,305,488,3727,2143,2489,1686,704,1298,515,262,362,208,167,116,2153,1157,1363,352,53,295,,,,,,,,,,,,,,,,,,,,,,,,,,,,,,,2378,1931,2704,2449,2206,1757,3094,1463,1543,1475,1251,744,3595,754,2451,1910,1705,1477,517,210,80,447,132,161,1961,1287,305,907,548,541,,,,,,,,,,,,,,,,,,,,,,,,,,,,,,,,,,,,,,,,,,,,,,,,,,,,,,,,2219,2513,3254,1908,1376,3538,2384,2365,1123,488,3727,2143,2489,1826,1298,515,262,362,288,116,2153,1157,1363,356,295,,,,,,,,,,,,,,,,,,,,,,,,,
ACSSF,2011m1,co,000,0021,0000034,1966,2293,2760,1644,699,878,2454,1715,1553,745,110,338,2865,1612,2327,1431,476,757,364,244,199,201,201,129,2038,995,1838,326,595,208,,,,,,,,,,,,,,,,,,,,,,,,,,,,,,,2040,1688,1518,1936,2220,1587,1658,645,752,764,826,820,2648,678,1379,1841,1682,1168,353,185,129,162,167,217,1684,1470,1005,617,1057,710,,,,,,,,,,,,,,,,,,,,,,,,,,,,,,,,,,,,,,,,,,,,,,,,,,,,,,,,1966,2293,2760,1892,878,2454,1715,1553,748,338,2865,1612,2327,1449,757,364,244,199,201,129,2038,995,1838,763,208,,,,,,,,,,,,,,,,,,,,,,,,,
ACSSF,2011m1,co,000,0021,0000035,,,,,,,,,,,,,,,,,,,,,,,,,,,,,,,,,,,,,,,,,,,,,,,,,,,,,,,,,,,,,2204,904,1644,2011,1459,1069,1764,471,892,1311,689,488,2342,667,1324,1560,1152,1003,281,201,154,201,238,201,1369,415,684,1301,448,283,,,,,,,,,,,,,,,,,,,,,,,,,,,,,,,,,,,,,,,,,,,,,,,,,,,,,,,,1610,2480,2894,1566,817,2032,1548,1563,597,350,2413,1899,2316,1503,681,694,623,281,201,201,1438,966,1125,201,172,,,,,,,,,,,,,,,,,,,,,,,,,
ACSSF,2011m1,co,000,0021,0000036,1604,2302,2884,1763,756,946,2767,1981,1981,1406,652,679,2155,1210,1659,1053,371,541,471,333,448,273,201,75,1162,532,890,320,119,305,,,,,,,,,,,,,,,,,,,,,,,,,,,,,,,1707,1526,1604,1683,1455,1070,2465,1163,1254,1576,1159,778,1881,898,1071,1320,876,793,436,78,181,426,259,140,1132,865,565,264,93,291,,,,,,,,,,,,,,,,,,,,,,,,,,,,,,,,,,,,,,,,,,,,,,,,,,,,,,,,1604,2302,2884,1969,946,2767,1981,1981,1535,679,2155,1210,1659,1089,541,471,333,448,273,75,1162,532,890,368,305,,,,,,,,,,,,,,,,,,,,,,,,,
ACSSF,2011m1,co,000,0021,0000037,2686,2862,2967,1890,570,756,3706,2029,2344,1157,452,550,3500,2235,2508,1138,232,472,811,374,700,290,201,201,2327,1322,1649,437,215,229,,,,,,,,,,,,,,,,,,,,,,,,,,,,,,,2419,1603,2241,2704,1765,1493,2959,857,1658,1996,1156,623,2906,667,1588,1808,1585,1257,803,217,344,494,366,83,1751,1112,691,888,391,318,,,,,,,,,,,,,,,,,,,,,,,,,,,,,,,,,,,,,,,,,,,,,,,,,,,,,,,,2686,2862,2967,1944,756,3706,2029,2344,1199,550,3500,2235,2508,1141,472,811,374,700,290,201,2327,1322,1649,510,229,,,,,,,,,,,,,,,,,,,,,,,,,
ACSSF,2011m1,co,000,0021,0000038,2257,2354,2677,1414,864,1003,2971,2112,1856,848,665,525,2749,1769,2336,1292,553,896,709,514,314,189,201,85,2571,1614,1386,408,155,521,,,,,,,,,,,,,,,,,,,,,,,,,,,,,,,2208,1615,1979,2392,2361,1302,2391,810,1287,1636,1181,513,2710,689,1588,1901,1722,1086,563,96,474,152,141,116,2090,1293,817,680,616,536,,,,,,,,,,,,,,,,,,,,,,,,,,,,,,,,,,,,,,,,,,,,,,,,,,,,,,,,2257,2354,2677,1667,1003,2971,2112,1856,1020,525,2749,1769,2336,1451,896,709,514,314,189,85,2571,1614,1386,421,521,,,,,,,,,,,,,,,,,,,,,,,,,
ACSSF,2011m1,co,000,0021,0000039,1583,2736,2717,1118,344,702,2471,2239,910,433,8,265,2771,2605,2243,958,344,625,842,796,299,148,201,201,1395,801,1041,461,201,131,,,,,,,,,,,,,,,,,,,,,,,,,,,,,,,2117,614,856,1370,2006,1905,1352,220,504,640,1110,673,2470,229,596,1128,2008,1755,701,201,201,637,184,289,1060,509,281,339,585,793,,,,,,,,,,,,,,,,,,,,,,,,,,,,,,,,,,,,,,,,,,,,,,,,,,,,,,,,1583,2736,2717,1150,702,2471,2239,910,433,265,2771,2605,2243,1049,625,842,796,299,148,201,1395,801,1041,461,131,,,,,,,,,,,,,,,,,,,,,,,,,
ACSSF,2011m1,co,000,0021,0000040,3216,4427,5634,3637,1971,1620,4889,3431,3192,1618,831,847,5501,3936,6004,3025,1813,1315,1753,1188,1065,747,93,64,3773,1897,3100,1076,580,586,,,,,,,,,,,,,,,,,,,,,,,,,,,,,,,3957,2506,3845,4170,4481,3409,3698,1091,2716,2643,1264,1087,4827,1369,3122,3770,4019,3014,1366,201,763,813,707,542,3492,1739,1729,1418,1081,1202,,,,,,,,,,,,,,,,,,,,,,,,,,,,,,,,,,,,,,,,,,,,,,,,,,,,,,,,3216,4427,5634,3699,1620,4889,3431,3192,1533,847,5501,3936,6004,3326,1315,1753,1188,1065,762,64,3773,1897,3100,1227,586,,,,,,,,,,,,,,,,,,,,,,,,,
ACSSF,2011m1,co,000,0021,0000041,3502,4878,6023,3347,1742,1713,5175,3789,3128,1417,1428,966,4744,3754,4093,2386,650,1113,982,526,673,195,295,182,4315,2311,3498,1040,738,896,,,,,,,,,,,,,,,,,,,,,,,,,,,,,,,3505,3097,4024,3909,3168,2534,3858,1406,1986,2461,1658,695,4347,1264,2484,3639,2321,1940,813,280,341,560,486,173,3419,2493,2254,1669,1721,1053,,,,,,,,,,,,,,,,,,,,,,,,,,,,,,,,,,,,,,,,,,,,,,,,,,,,,,,,3502,4878,6023,3925,1713,5175,3789,3128,2259,966,4744,3754,4093,2568,1113,982,526,673,363,182,4315,2311,3498,1349,896,,,,,,,,,,,,,,,,,,,,,,,,,
ACSSF,2011m1,co,000,0021,0000042,483,6311,7476,4351,2374,2017,7216,5463,3630,2580,1660,1121,6298,5083,5290,3241,1244,1581,1485,1219,815,609,131,57,5914,3568,4634,1989,1041,1104,,,,,,,,,,,,,,,,,,,,,,,,,,,,,,,466,4241,4920,4593,4950,4422,6337,2084,3749,3266,2401,2289,5331,2085,3118,3357,3710,3463,1468,145,647,652,943,551,5052,3760,3053,2124,1955,1564,,,,,,,,,,,,,,,,,,,,,,,,,,,,,,,,,,,,,,,,,,,,,,,,,,,,,,,,483,6311,7476,4848,2017,7216,5463,3630,3253,1121,6298,5083,5290,3474,1581,1485,1219,815,620,57,5914,3568,4634,2037,1104,,,,,,,,,,,,,,,,,,,,,,,,,
ACSSF,2011m1,co,000,0021,0000043,2277,3835,3903,1821,357,839,3286,3026,1848,847,135,275,3306,2689,3242,1519,360,746,551,322,483,135,201,69,1544,882,1182,259,201,336,,,,,,,,,,,,,,,,,,,,,,,,,,,,,,,3018,1272,1679,2374,2676,2065,2131,574,1054,1301,1290,885,2975,692,1431,2068,2249,1682,468,201,98,233,217,304,1235,730,302,585,562,548,,,,,,,,,,,,,,,,,,,,,,,,,,,,,,,,,,,,,,,,,,,,,,,,,,,,,,,,2277,3835,3903,1912,839,3286,3026,1848,898,275,3306,2689,3242,1605,746,551,322,483,135,69,1544,882,1182,259,336,,,,,,,,,,,,,,,,,,,,,,,,,
ACSSF,2011m1,co,000,0021,0000044,,,,,,,,,,,,,,,,,,,,,,,,,,,,,,,,,,,,,,,,,,,,,,,,,,,,,,,,,,,,,2204,904,1644,2011,1459,1069,1764,471,892,1311,689,488,2342,667,1324,1560,1152,1003,281,201,154,201,238,201,1369,415,684,1301,448,283,,,,,,,,,,,,,,,,,,,,,,,,,,,,,,,,,,,,,,,,,,,,,,,,,,,,,,,,1610,2480,2894,1566,817,2032,1548,1563,597,350,2413,1899,2316,1503,681,694,623,281,201,201,1438,966,1125,201,172,,,,,,,,,,,,,,,,,,,,,,,,,
ACSSF,2011m1,co,000,0021,0000045,2371,2970,3495,1845,1041,1084,3784,2923,1918,1295,842,591,3649,2170,2928,1236,397,885,164,164,48,201,201,201,2535,768,2309,199,527,105,,,,,,,,,,,,,,,,,,,,,,,,,,,,,,,2487,2042,2422,3761,1689,1172,3434,677,1717,3360,812,446,3186,675,1964,1871,1576,1024,117,201,201,117,201,201,2417,1778,787,486,695,140,,,,,,,,,,,,,,,,,,,,,,,,,,,,,,,,,,,,,,,,,,,,,,,,,,,,,,,,2371,2970,3495,1852,1084,3784,2923,1918,1507,591,3649,2170,2928,1197,885,164,164,48,201,201,2535,768,2309,566,105,,,,,,,,,,,,,,,,,,,,,,,,,
ACSSF,2011m1,co,000,0021,0000046,1604,2302,2884,1763,756,946,2767,1981,1981,1406,652,679,2155,1210,1659,1053,371,541,471,333,448,273,201,75,1162,532,890,320,119,305,,,,,,,,,,,,,,,,,,,,,,,,,,,,,,,1707,1526,1604,1683,1455,1070,2465,1163,1254,1576,1159,778,1881,898,1071,1320,876,793,436,78,181,426,259,140,1132,865,565,264,93,291,,,,,,,,,,,,,,,,,,,,,,,,,,,,,,,,,,,,,,,,,,,,,,,,,,,,,,,,1604,2302,2884,1969,946,2767,1981,1981,1535,679,2155,1210,1659,1089,541,471,333,448,273,75,1162,532,890,368,305,,,,,,,,,,,,,,,,,,,,,,,,,
ACSSF,2011m1,co,000,0021,0000047,2970,6795,8241,4547,2567,2199,7152,5457,4005,2486,1666,1294,6445,5032,5654,3355,1365,1703,1674,1269,809,822,131,264,6370,3893,5150,2010,1124,1189,,,,,,,,,,,,,,,,,,,,,,,,,,,,,,,2929,4568,5236,4943,5562,4460,6386,2136,4083,3251,2429,2306,5682,2122,3097,3695,3974,3584,1645,563,648,749,946,551,5309,4069,3233,2264,2007,1566,,,,,,,,,,,,,,,,,,,,,,,,,,,,,,,,,,,,,,,,,,,,,,,,,,,,,,,,2970,6795,8241,5111,2199,7152,5457,4005,3258,1294,6445,5032,5654,3632,1703,1674,1269,809,832,264,6370,3893,5150,2063,1189,,,,,,,,,,,,,,,,,,,,,,,,,
ACSSF,2011m1,co,000,0021,0000048,6185,7153,8913,4655,1611,1962,7486,5669,4465,2457,1078,963,8174,5832,7242,3475,1073,1680,2029,1312,1612,454,201,169,5042,3097,4162,1374,681,1124,,,,,,,,,,,,,,,,,,,,,,,,,,,,,,,6181,3284,5369,6019,6361,4764,5426,1638,3092,3710,2856,1782,7206,1426,3800,4695,5558,3963,1985,691,799,1232,590,772,4512,2609,2722,2062,1978,1668,,,,,,,,,,,,,,,,,,,,,,,,,,,,,,,,,,,,,,,,,,,,,,,,,,,,,,,,6185,7153,8913,5121,1962,7486,5669,4465,2737,963,8174,5832,7242,3728,1680,2029,1312,1612,454,169,5042,3097,4162,1608,1124,,,,,,,,,,,,,,,,,,,,,,,,,
ACSSF,2011m1,co,000,0021,0000049,2140,6121,7922,4136,1294,2463,7245,4316,5080,2722,1063,1724,6823,4678,6271,3111,846,1866,1519,938,769,681,201,152,2833,1598,2496,965,517,549,,,,,,,,,,,,,,,,,,,,,,,,,,,,,,,2031,3252,4823,5003,3810,3132,6098,2373,3135,3876,2587,1463,6261,2190,3788,4553,3231,2837,1326,423,661,593,525,309,2642,1760,1163,1187,775,638,,,,,,,,,,,,,,,,,,,,,,,,,,,,,,,,,,,,,,,,,,,,,,,,,,,,,,,,2140,6121,7922,4207,2463,7245,4316,5080,3056,1724,6823,4678,6271,3217,1866,1519,938,769,681,152,2833,1598,2496,1020,549,,,,,,,,,,,,,,,,,,,,,,,,,
ACSSF,2011m1,co,000,0021,0000050,4934,7277,9022,4587,1857,2060,7683,5057,6080,2782,1186,1463,6315,5326,6800,3528,1168,1668,1120,895,667,215,201,157,4732,2246,3626,600,949,603,,,,,,,,,,,,,,,,,,,,,,,,,,,,,,,4617,4592,6403,6678,5053,4301,6501,1950,4050,5096,2984,2063,5688,2392,4326,5333,3519,3093,746,193,343,348,440,408,3770,2858,1915,1864,1371,1141,,,,,,,,,,,,,,,,,,,,,,,,,,,,,,,,,,,,,,,,,,,,,,,,,,,,,,,,4934,7277,9022,4920,2060,7683,5057,6080,2975,1463,6315,5326,6800,3619,1668,1120,895,667,215,157,4732,2246,3626,1186,603,,,,,,,,,,,,,,,,,,,,,,,,,
ACSSF,2011m1,co,000,0021,0000051,2649,5077,7959,4677,2433,2073,6930,4153,4268,2066,1039,1063,7494,5027,8103,4173,2082,1759,2129,1478,1465,750,218,306,3870,2329,3390,1078,697,683,,,,,,,,,,,,,,,,,,,,,,,,,,,,,,,2596,2876,5085,5200,5553,3900,5273,1592,3336,3346,1831,1233,5443,2008,4006,4812,5105,3720,1660,310,962,1139,841,660,3306,1616,1804,1430,1245,1334,,,,,,,,,,,,,,,,,,,,,,,,,,,,,,,,,,,,,,,,,,,,,,,,,,,,,,,,2649,5077,7959,4751,2073,6930,4153,4268,2102,1063,7494,5027,8103,4340,1759,2129,1478,1465,760,306,3870,2329,3390,1327,683,,,,,,,,,,,,,,,,,,,,,,,,,
ACSSF,2011m1,co,000,0021,0000052,7387,6555,9603,5753,1319,1985,7632,5384,4799,2857,851,884,8678,5669,8231,4503,945,1786,1435,932,1166,405,58,173,4987,2200,3554,1228,429,752,,,,,,,,,,,,,,,,,,,,,,,,,,,,,,,6218,2837,5336,7081,6772,5136,5971,1205,3348,3712,3113,1738,7235,1665,4038,5244,5967,3834,1268,225,481,882,820,414,4389,1842,1890,2050,1938,2084,,,,,,,,,,,,,,,,,,,,,,,,,,,,,,,,,,,,,,,,,,,,,,,,,,,,,,,,7387,6555,9603,5997,1985,7632,5384,4799,3045,884,8678,5669,8231,4656,1786,1435,932,1166,412,173,4987,2200,3554,1355,752,,,,,,,,,,,,,,,,,,,,,,,,,
ACSSF,2011m1,co,000,0021,0000053,8431,7197,8742,5066,1731,2384,8470,5423,4817,3730,1322,1398,8126,4446,5604,2948,1177,1847,1018,586,786,380,346,126,6251,3536,4760,1348,738,1062,,,,,,,,,,,,,,,,,,,,,,,,,,,,,,,6932,4717,6190,5718,4856,2717,6769,2021,3421,4389,2995,1163,7157,1867,3944,4922,3861,2595,919,296,606,778,323,300,5682,3538,3272,2138,2597,1019,,,,,,,,,,,,,,,,,,,,,,,,,,,,,,,,,,,,,,,,,,,,,,,,,,,,,,,,8431,7197,8742,5550,2384,8470,5423,4817,4272,1398,8126,4446,5604,3204,1847,1018,586,786,520,126,6251,3536,4760,1586,1062,,,,,,,,,,,,,,,,,,,,,,,,,
ACSSF,2011m1,co,000,0021,0000054,3560,3625,4518,1831,604,1407,2859,2012,2251,983,444,675,3620,2689,3447,1377,405,1128,610,255,274,239,201,52,1544,900,1534,392,136,358,,,,,,,,,,,,,,,,,,,,,,,,,,,,,,,2654,1415,2897,2516,2729,1645,2592,651,1565,1747,979,714,3358,777,2176,2439,2293,1440,410,51,139,284,148,105,1457,966,602,850,609,250,,,,,,,,,,,,,,,,,,,,,,,,,,,,,,,,,,,,,,,,,,,,,,,,,,,,,,,,3560,3625,4518,1919,1407,2859,2012,2251,1156,675,3620,2689,3447,1455,1128,610,255,274,239,52,1544,900,1534,410,358,,,,,,,,,,,,,,,,,,,,,,,,,
ACSSF,2011m1,co,000,0021,0000055,3716,4388,4581,2328,741,1111,3707,2462,2954,1411,570,439,4557,3604,3677,1846,469,973,886,792,371,167,201,201,1881,1211,1595,264,201,241,,,,,,,,,,,,,,,,,,,,,,,,,,,,,,,3299,1535,2406,3380,2582,2671,3235,605,1496,2018,1443,1209,3863,837,1885,2983,2238,2338,368,201,179,105,327,131,1815,1194,1000,1361,448,373,,,,,,,,,,,,,,,,,,,,,,,,,,,,,,,,,,,,,,,,,,,,,,,,,,,,,,,,3716,4388,4581,2634,1111,3707,2462,2954,1667,439,4557,3604,3677,1975,973,886,792,371,167,201,1881,1211,1595,264,241,,,,,,,,,,,,,,,,,,,,,,,,,
ACSSF,2011m1,co,000,0021,0000056,970,2488,3787,2161,769,1059,3334,2015,2948,1484,589,626,3490,1854,3346,1461,530,977,701,194,447,389,201,117,1439,770,1007,438,201,147,,,,,,,,,,,,,,,,,,,,,,,,,,,,,,,983,1525,2718,2751,1998,1443,3037,960,2144,1874,1235,781,3352,1383,2343,2426,1577,1140,659,49,442,173,298,115,1179,748,567,497,494,207,,,,,,,,,,,,,,,,,,,,,,,,,,,,,,,,,,,,,,,,,,,,,,,,,,,,,,,,970,2488,3787,2274,1059,3334,2015,2948,1689,626,3490,1854,3346,1494,977,701,194,447,389,117,1439,770,1007,438,147,,,,,,,,,,,,,,,,,,,,,,,,,
ACSSF,2011m1,co,000,0021,0000057,3513,4038,3617,1842,357,796,3179,2959,1839,847,135,275,3411,2632,2831,1525,360,721,538,271,483,135,201,69,1420,882,985,258,201,316,,,,,,,,,,,,,,,,,,,,,,,,,,,,,,,3303,1131,1614,2282,2592,1958,2124,574,1035,1301,1243,878,2972,683,1388,1923,2140,1553,468,201,98,233,217,304,1059,336,302,585,562,543,,,,,,,,,,,,,,,,,,,,,,,,,,,,,,,,,,,,,,,,,,,,,,,,,,,,,,,,3513,4038,3617,1920,796,3179,2959,1839,898,275,3411,2632,2831,1594,721,538,271,483,135,69,1420,882,985,258,316,,,,,,,,,,,,,,,,,,,,,,,,,
ACSSF,2011m1,co,000,0021,0000058,588,3830,5199,2662,1302,1372,5441,3622,3939,1806,1062,964,5021,3739,4180,1903,691,1061,741,185,755,201,201,201,3030,1069,2750,483,518,329,,,,,,,,,,,,,,,,,,,,,,,,,,,,,,,794,2961,4148,4287,3197,2024,5045,1309,2939,3974,1759,846,4685,1960,2813,3238,3045,1733,748,23,225,431,325,126,2875,1908,1342,728,842,436,,,,,,,,,,,,,,,,,,,,,,,,,,,,,,,,,,,,,,,,,,,,,,,,,,,,,,,,588,3830,5199,2889,1372,5441,3622,3939,2072,964,5021,3739,4180,1977,1061,741,185,755,201,201,3030,1069,2750,725,329,,,,,,,,,,,,,,,,,,,,,,,,,
ACSSF,2011m1,co,000,0021,0000059,2181,2151,2862,1430,743,947,3096,1599,2453,1080,421,714,2337,1410,1860,890,433,561,465,140,451,22,201,55,2078,1059,1499,291,490,256,,,,,,,,,,,,,,,,,,,,,,,,,,,,,,,2156,1703,2063,1794,1230,829,2611,859,1637,1756,718,692,2144,829,1507,1520,957,525,470,49,291,294,104,21,1439,1272,460,477,251,130,,,,,,,,,,,,,,,,,,,,,,,,,,,,,,,,,,,,,,,,,,,,,,,,,,,,,,,,2181,2151,2862,1704,947,3096,1599,2453,1160,714,2337,1410,1860,1008,561,465,140,451,22,55,2078,1059,1499,532,256,,,,,,,,,,,,,,,,,,,,,,,,,
ACSSF,2011m1,co,000,0021,0000060,2082,1963,2451,1382,442,661,2240,1690,1764,928,290,582,2107,933,1828,815,264,431,634,265,71,377,201,201,879,438,680,241,202,178,,,,,,,,,,,,,,,,,,,,,,,,,,,,,,,1837,1158,1651,1651,1179,789,1834,920,1328,1344,818,461,2041,698,1143,1078,824,704,633,192,265,172,98,80,787,625,311,313,128,112,,,,,,,,,,,,,,,,,,,,,,,,,,,,,,,,,,,,,,,,,,,,,,,,,,,,,,,,2082,1963,2451,1481,661,2240,1690,1764,985,582,2107,933,1828,836,431,634,265,71,377,201,879,438,680,308,178,,,,,,,,,,,,,,,,,,,,,,,,,
ACSSF,2011m1,co,000,0021,0000061,1180,2532,3887,2383,843,1048,3301,2258,2319,1589,701,788,2735,1601,2451,1352,417,652,781,631,429,302,201,75,1197,529,953,340,119,321,,,,,,,,,,,,,,,,,,,,,,,,,,,,,,,1112,1659,1889,2026,1819,1230,2683,1210,1432,1948,1360,945,2213,977,1440,1982,1275,932,651,370,197,398,299,140,1179,846,573,274,150,291,,,,,,,,,,,,,,,,,,,,,,,,,,,,,,,,,,,,,,,,,,,,,,,,,,,,,,,,1180,2532,3887,2631,1048,3301,2258,2319,1725,788,2735,1601,2451,1458,652,781,631,429,302,75,1197,529,953,386,321,,,,,,,,,,,,,,,,,,,,,,,,,
ACSSF,2011m1,co,000,0021,0000062,2480,2425,3852,1999,685,1289,3083,1710,2172,1090,473,802,3231,2415,3282,1605,228,1021,503,352,298,107,201,201,1126,430,1051,235,417,202,,,,,,,,,,,,,,,,,,,,,,,,,,,,,,,2055,1776,2515,2441,2038,1705,2771,1145,1764,1809,1052,858,2966,1036,2057,2061,1741,1496,433,201,213,201,300,168,1017,790,595,331,396,372,,,,,,,,,,,,,,,,,,,,,,,,,,,,,,,,,,,,,,,,,,,,,,,,,,,,,,,,2480,2425,3852,2134,1289,3083,1710,2172,1202,802,3231,2415,3282,1662,1021,503,352,298,107,201,1126,430,1051,515,202,,,,,,,,,,,,,,,,,,,,,,,,,
ACSSF,2011m1,co,000,0021,0000063,2981,3352,4788,2190,589,630,2871,2450,1706,928,176,498,3778,2953,4074,2199,438,402,1131,907,451,185,201,45,2444,1314,2342,634,364,201,,,,,,,,,,,,,,,,,,,,,,,,,,,,,,,2250,1678,2470,3139,3080,2444,2414,590,1229,1318,1470,833,3439,391,1849,2621,2922,2157,1093,117,285,822,98,414,2269,1559,1323,1223,1189,767,,,,,,,,,,,,,,,,,,,,,,,,,,,,,,,,,,,,,,,,,,,,,,,,,,,,,,,,2981,3352,4788,2293,630,2871,2450,1706,935,498,3778,2953,4074,2264,402,1131,907,451,185,45,2444,1314,2342,727,201,,,,,,,,,,,,,,,,,,,,,,,,,
ACSSF,2011m1,co,000,0021,0000064,4697,2768,3858,1705,678,613,2354,1756,1666,732,159,239,3934,2247,2847,1356,637,559,451,147,408,85,58,201,1404,696,1147,241,58,61,,,,,,,,,,,,,,,,,,,,,,,,,,,,,,,4023,1033,1878,2222,2428,1965,1919,624,974,1087,1049,586,3259,712,1398,1790,2118,1727,422,201,149,140,264,230,1413,424,495,534,696,572,,,,,,,,,,,,,,,,,,,,,,,,,,,,,,,,,,,,,,,,,,,,,,,,,,,,,,,,4697,2768,3858,1940,613,2354,1756,1666,756,239,3934,2247,2847,1579,559,451,147,408,103,201,1404,696,1147,249,61,,,,,,,,,,,,,,,,,,,,,,,,,
ACSSF,2011m1,co,000,0021,0000065,2577,2660,3291,2032,768,1046,3033,1878,1816,1005,350,385,3298,2155,2493,1625,535,884,502,277,308,163,201,129,1951,1038,1829,389,594,263,,,,,,,,,,,,,,,,,,,,,,,,,,,,,,,2486,1790,1698,2486,2665,1897,2044,733,1029,981,1034,940,2899,687,1604,2119,2206,1445,476,185,129,197,214,310,1631,1495,1045,701,1192,818,,,,,,,,,,,,,,,,,,,,,,,,,,,,,,,,,,,,,,,,,,,,,,,,,,,,,,,,2577,2660,3291,2271,1046,3033,1878,1816,1059,385,3298,2155,2493,1666,884,502,277,308,163,129,1951,1038,1829,784,263,,,,,,,,,,,,,,,,,,,,,,,,,
ACSSF,2011m1,co,000,0021,0000066,2227,2856,2826,1237,374,704,2549,2247,1130,472,8,265,2948,2676,2423,1052,370,633,852,796,312,148,201,103,1548,844,1157,488,67,154,,,,,,,,,,,,,,,,,,,,,,,,,,,,,,,2343,635,1030,1494,2244,2010,1488,220,701,688,1104,763,2780,250,659,1312,2255,1883,710,201,201,637,225,289,1245,509,325,419,771,800,,,,,,,,,,,,,,,,,,,,,,,,,,,,,,,,,,,,,,,,,,,,,,,,,,,,,,,,2227,2856,2826,1260,704,2549,2247,1130,472,265,2948,2676,2423,1137,633,852,796,312,148,103,1548,844,1157,492,154,,,,,,,,,,,,,,,,,,,,,,,,,
ACSSF,2011m1,co,000,0021,0000067,3714,2988,3919,1639,590,1123,3038,2100,1960,1001,373,244,3495,2001,3362,1089,260,821,444,287,318,137,201,46,2063,1388,1501,270,376,728,,,,,,,,,,,,,,,,,,,,,,,,,,,,,,,3304,897,1886,2626,3181,2397,2322,379,992,1574,1425,854,3308,503,1543,1875,2799,2176,373,101,201,201,124,342,1521,664,341,1135,658,756,,,,,,,,,,,,,,,,,,,,,,,,,,,,,,,,,,,,,,,,,,,,,,,,,,,,,,,,3714,2988,3919,1705,1123,3038,2100,1960,1019,244,3495,2001,3362,1102,821,444,287,318,137,46,2063,1388,1501,479,728,,,,,,,,,,,,,,,,,,,,,,,,,
ACSSF,2011m1,co,000,0021,0000068,4018,3187,3294,1851,785,1142,4239,2925,2195,1099,727,779,3717,1952,2519,1285,405,926,856,413,640,145,201,85,2627,1583,1583,730,145,526,,,,,,,,,,,,,,,,,,,,,,,,,,,,,,,3548,1750,2733,2830,2278,1229,2958,950,2223,2171,1075,485,3523,885,1611,2034,1580,948,799,523,526,197,118,116,2155,1053,1374,508,827,674,,,,,,,,,,,,,,,,,,,,,,,,,,,,,,,,,,,,,,,,,,,,,,,,,,,,,,,,4018,3187,3294,2090,1142,4239,2925,2195,1321,779,3717,1952,2519,1409,926,856,413,640,145,85,2627,1583,1583,736,526,,,,,,,,,,,,,,,,,,,,,,,,,
ACSSF,2011m1,co,000,0021,0000069,4748,3028,3773,2228,534,844,3956,2248,2542,1326,325,427,3372,2009,2493,1236,285,616,1076,340,995,290,201,201,3002,1262,2118,792,337,349,,,,,,,,,,,,,,,,,,,,,,,,,,,,,,,3849,1836,2386,2911,2033,1440,3119,987,1893,1829,1337,547,3112,724,1695,1973,1644,1248,1079,428,550,483,366,83,2327,1307,1128,1008,409,407,,,,,,,,,,,,,,,,,,,,,,,,,,,,,,,,,,,,,,,,,,,,,,,,,,,,,,,,4748,3028,3773,2327,844,3956,2248,2542,1308,427,3372,2009,2493,1267,616,1076,340,995,290,201,3002,1262,2118,963,349,,,,,,,,,,,,,,,,,,,,,,,,,
ACSSF,2011m1,co,000,0021,0000070,4651,3741,4494,2590,976,1617,4701,2930,2937,2036,692,699,4123,1815,2958,1218,529,1161,384,327,128,107,201,201,4727,2458,2947,597,308,863,,,,,,,,,,,,,,,,,,,,,,,,,,,,,,,3980,2997,3463,3298,1942,1508,3886,1400,2318,2700,965,763,3867,1144,1681,2169,1451,1006,227,96,126,97,61,201,4350,2521,2016,1231,1523,434,,,,,,,,,,,,,,,,,,,,,,,,,,,,,,,,,,,,,,,,,,,,,,,,,,,,,,,,4651,3741,4494,2842,1617,4701,2930,2937,2155,699,4123,1815,2958,1362,1161,384,327,128,107,201,4727,2458,2947,748,863,,,,,,,,,,,,,,,,,,,,,,,,,
ACSSF,2011m1,co,000,0021,0000071,7423,4415,5669,3628,1128,1186,5049,3534,2627,1421,1019,878,5341,2569,4325,3024,337,733,833,760,492,73,246,201,2719,877,2335,556,279,366,,,,,,,,,,,,,,,,,,,,,,,,,,,,,,,5794,2407,3088,4547,2992,2507,3109,1010,1607,2232,1453,722,4607,1276,2383,3598,2622,2059,827,186,124,799,286,280,2412,1256,1652,1029,1117,1171,,,,,,,,,,,,,,,,,,,,,,,,,,,,,,,,,,,,,,,,,,,,,,,,,,,,,,,,7423,4415,5669,3751,1186,5049,3534,2627,1703,878,5341,2569,4325,3068,733,833,760,492,258,201,2719,877,2335,621,366,,,,,,,,,,,,,,,,,,,,,,,,,
ACSSF,2011m1,co,000,0021,0000072,5649,3486,3743,1499,974,861,3026,1864,1350,920,618,301,3473,1970,2596,1042,526,666,748,445,543,143,201,173,3569,1499,2549,408,480,422,,,,,,,,,,,,,,,,,,,,,,,,,,,,,,,3984,1881,2575,2617,1667,1148,2272,475,1129,1672,839,341,3015,707,1720,1879,1181,812,655,182,292,362,426,201,2823,1717,1358,1037,800,640,,,,,,,,,,,,,,,,,,,,,,,,,,,,,,,,,,,,,,,,,,,,,,,,,,,,,,,,5649,3486,3743,1913,861,3026,1864,1350,1264,301,3473,1970,2596,1219,666,748,445,543,143,173,3569,1499,2549,726,422,,,,,,,,,,,,,,,,,,,,,,,,,
ACSSF,2011m1,co,000,0021,0000073,4991,3329,3139,1807,854,969,3178,2188,1419,785,507,622,3178,2162,1696,1336,413,473,475,304,237,102,165,54,3303,1906,2620,833,531,627,,,,,,,,,,,,,,,,,,,,,,,,,,,,,,,3853,2381,2871,2457,1547,1149,2217,837,1486,909,864,346,2693,826,1373,2182,919,806,387,77,136,298,118,146,2906,2061,1829,1037,1116,718,,,,,,,,,,,,,,,,,,,,,,,,,,,,,,,,,,,,,,,,,,,,,,,,,,,,,,,,4991,3329,3139,2066,969,3178,2188,1419,1115,622,3178,2162,1696,1367,473,475,304,237,197,54,3303,1906,2620,973,627,,,,,,,,,,,,,,,,,,,,,,,,,
ACSSF,2011m1,co,000,0021,0000074,4629,3147,3463,1818,692,992,3120,2228,1762,1014,263,519,3592,2107,3089,1418,620,832,322,134,227,242,201,201,1968,882,1465,488,198,173,,,,,,,,,,,,,,,,,,,,,,,,,,,,,,,3660,857,1864,2284,2550,2013,2542,334,867,1600,1225,830,3403,408,1623,1828,2122,1804,322,201,201,280,174,77,1834,686,607,836,807,789,,,,,,,,,,,,,,,,,,,,,,,,,,,,,,,,,,,,,,,,,,,,,,,,,,,,,,,,4629,3147,3463,1858,992,3120,2228,1762,1041,519,3592,2107,3089,1621,832,322,134,227,242,201,1968,882,1465,505,173,,,,,,,,,,,,,,,,,,,,,,,,,
ACSSF,2011m1,co,000,0021,0000075,6399,4365,5080,2153,1165,1143,4200,3141,2081,1202,1000,418,4458,2998,3030,1437,585,832,549,309,384,77,201,57,4946,2359,3743,1016,570,552,,,,,,,,,,,,,,,,,,,,,,,,,,,,,,,5478,3735,3150,2744,2239,2628,3198,1058,1592,1734,1381,1825,3620,1040,1911,2340,1774,2022,557,201,346,188,330,201,4308,3278,2427,1295,862,727,,,,,,,,,,,,,,,,,,,,,,,,,,,,,,,,,,,,,,,,,,,,,,,,,,,,,,,,6399,4365,5080,2350,1143,4200,3141,2081,1545,418,4458,2998,3030,1592,832,549,309,384,77,57,4946,2359,3743,1021,552,,,,,,,,,,,,,,,,,,,,,,,,,
ACSSF,2011m1,co,000,0021,0000076,4594,3744,2951,1534,1064,924,3047,2153,1786,902,510,641,3124,2796,1900,1200,488,467,561,492,172,196,201,201,2595,1112,1567,504,710,500,,,,,,,,,,,,,,,,,,,,,,,,,,,,,,,3762,2145,2230,2068,2070,1852,2539,1147,1426,1311,967,559,2771,590,1193,1675,1756,1682,542,201,385,172,201,339,2309,1664,608,783,650,348,,,,,,,,,,,,,,,,,,,,,,,,,,,,,,,,,,,,,,,,,,,,,,,,,,,,,,,,4594,3744,2951,1786,924,3047,2153,1786,1036,641,3124,2796,1900,1325,467,561,492,172,196,201,2595,1112,1567,852,500,,,,,,,,,,,,,,,,,,,,,,,,,
ACSSF,2011m1,co,000,0021,0000077,5373,4148,3145,1751,441,854,3075,2552,1432,1106,154,359,3730,3362,2435,1196,415,594,699,282,337,475,201,201,1571,828,987,528,201,457,,,,,,,,,,,,,,,,,,,,,,,,,,,,,,,4579,1266,1725,2047,3022,2467,2520,384,1200,1258,1380,1116,3479,968,1106,1371,2473,2192,698,201,260,365,407,223,1453,616,204,542,681,704,,,,,,,,,,,,,,,,,,,,,,,,,,,,,,,,,,,,,,,,,,,,,,,,,,,,,,,,5373,4148,3145,1770,854,3075,2552,1432,1127,359,3730,3362,2435,1177,594,699,282,337,475,201,1571,828,987,528,457,,,,,,,,,,,,,,,,,,,,,,,,,
ACSSF,2011m1,co,000,0021,0000078,5577,4573,4575,2253,1121,1187,3022,2493,1694,1192,253,827,4288,2503,3264,1615,636,853,1036,813,478,206,131,201,3280,2074,2512,1210,812,558,,,,,,,,,,,,,,,,,,,,,,,,,,,,,,,4809,1603,2750,2986,3396,2412,2618,685,1770,1586,1366,984,3833,878,1363,1940,2435,1653,919,201,201,454,684,420,3013,1297,1546,1201,1711,1057,,,,,,,,,,,,,,,,,,,,,,,,,,,,,,,,,,,,,,,,,,,,,,,,,,,,,,,,5577,4573,4575,2381,1187,3022,2493,1694,1160,827,4288,2503,3264,1809,853,1036,813,478,241,201,3280,2074,2512,1260,558,,,,,,,,,,,,,,,,,,,,,,,,,
ACSSF,2011m1,co,000,0021,0000079,6668,4584,4235,2069,935,928,4432,3298,1892,1180,693,470,2840,1796,1914,1391,504,829,631,546,312,79,201,201,4239,1937,3340,1079,651,371,,,,,,,,,,,,,,,,,,,,,,,,,,,,,,,5211,2879,2971,1893,1798,988,3378,1393,1965,1518,940,364,2580,977,1767,1185,914,824,631,145,304,229,504,99,3280,2146,1442,875,806,303,,,,,,,,,,,,,,,,,,,,,,,,,,,,,,,,,,,,,,,,,,,,,,,,,,,,,,,,6668,4584,4235,2213,928,4432,3298,1892,1467,470,2840,1796,1914,1494,829,631,546,312,79,201,4239,1937,3340,1263,371,,,,,,,,,,,,,,,,,,,,,,,,,
ACSSF,2011m1,co,000,0021,0000080,3073,2672,3204,1774,707,875,2809,2067,2146,1615,514,452,3060,1798,2409,1038,508,749,479,201,406,119,59,201,1162,415,1182,183,164,184,,,,,,,,,,,,,,,,,,,,,,,,,,,,,,,3018,1077,2488,2464,2134,1187,2490,769,1823,1669,1510,677,2921,624,1687,2111,1518,971,479,201,431,160,194,117,1186,611,923,405,502,141,,,,,,,,,,,,,,,,,,,,,,,,,,,,,,,,,,,,,,,,,,,,,,,,,,,,,,,,3073,2672,3204,1922,875,2809,2067,2146,1679,452,3060,1798,2409,1170,749,479,201,406,127,201,1162,415,1182,251,184,,,,,,,,,,,,,,,,,,,,,,,,,
ACSSF,2011m1,co,000,0021,0000081,3314,2555,2411,1891,691,929,2541,1916,1448,966,162,475,2956,1697,1846,1514,671,782,520,262,422,211,201,116,2077,1041,1424,495,201,76,,,,,,,,,,,,,,,,,,,,,,,,,,,,,,,3086,1577,2379,2047,1953,1167,2100,903,1353,1226,1013,458,2814,621,1822,1816,1614,1057,517,205,242,368,117,150,1774,1346,487,667,492,267,,,,,,,,,,,,,,,,,,,,,,,,,,,,,,,,,,,,,,,,,,,,,,,,,,,,,,,,3314,2555,2411,2064,929,2541,1916,1448,994,475,2956,1697,1846,1661,782,520,262,422,211,116,2077,1041,1424,495,76,,,,,,,,,,,,,,,,,,,,,,,,,
ACSSF,2011m1,co,000,0021,0000082,4734,2983,4281,2202,453,1170,3348,2458,2498,1053,353,408,3536,2018,2758,1843,271,1106,477,116,395,240,167,201,1440,644,881,564,53,298,,,,,,,,,,,,,,,,,,,,,,,,,,,,,,,4061,1280,2491,2762,2336,1693,2850,1190,1565,1503,1285,695,3028,578,1952,1829,1768,1331,481,41,104,313,324,147,1369,450,268,818,394,702,,,,,,,,,,,,,,,,,,,,,,,,,,,,,,,,,,,,,,,,,,,,,,,,,,,,,,,,4734,2983,4281,2282,1170,3348,2458,2498,1126,408,3536,2018,2758,1861,1106,477,116,395,315,201,1440,644,881,568,298,,,,,,,,,,,,,,,,,,,,,,,,,
ACSSF,2011m1,co,000,0021,0000083,2941,2541,2722,1968,538,875,2878,1865,1774,1291,367,530,2669,1767,1852,1414,358,733,779,305,362,565,201,256,2082,1014,1414,335,171,220,,,,,,,,,,,,,,,,,,,,,,,,,,,,,,,2504,1453,1858,1941,1912,1284,2596,678,1611,1449,1123,554,2561,822,1118,1442,1505,1067,753,552,70,371,212,192,1592,1221,726,535,311,536,,,,,,,,,,,,,,,,,,,,,,,,,,,,,,,,,,,,,,,,,,,,,,,,,,,,,,,,2941,2541,2722,1972,875,2878,1865,1774,1432,530,2669,1767,1852,1375,733,779,305,362,565,256,2082,1014,1414,438,220,,,,,,,,,,,,,,,,,,,,,,,,,
ACSSF,2011m1,co,000,0021,0000084,4668,3251,4350,1867,301,1012,4106,2404,2613,1215,148,296,4072,2102,3543,1357,199,950,538,175,352,300,201,201,2103,638,1781,669,154,152,,,,,,,,,,,,,,,,,,,,,,,,,,,,,,,3452,982,2291,2801,2991,2491,3558,625,1919,2117,1332,1003,3532,590,1313,1846,2868,1725,491,201,110,201,377,147,2084,530,569,853,1162,1142,,,,,,,,,,,,,,,,,,,,,,,,,,,,,,,,,,,,,,,,,,,,,,,,,,,,,,,,4668,3251,4350,1902,1012,4106,2404,2613,1226,296,4072,2102,3543,1365,950,538,175,352,300,201,2103,638,1781,715,152,,,,,,,,,,,,,,,,,,,,,,,,,
ACSSF,2011m1,co,000,0021,0000085,3800,3401,4065,2952,557,1112,3879,2405,2246,1548,476,181,4663,2849,4071,2120,414,1095,708,516,484,89,201,201,2089,1383,1731,428,60,403,,,,,,,,,,,,,,,,,,,,,,,,,,,,,,,3253,1296,2456,3837,3211,2781,2901,625,1319,1614,1661,941,3830,530,1919,2963,2543,1987,503,64,159,180,342,277,1951,975,645,1090,950,1026,,,,,,,,,,,,,,,,,,,,,,,,,,,,,,,,,,,,,,,,,,,,,,,,,,,,,,,,3800,3401,4065,2951,1112,3879,2405,2246,1626,181,4663,2849,4071,2179,1095,708,516,484,89,201,2089,1383,1731,441,403,,,,,,,,,,,,,,,,,,,,,,,,,
ACSSF,2011m1,co,000,0021,0000086,4610,2536,4744,2163,866,720,3116,1735,2154,636,483,253,4578,2327,3986,2013,671,681,1237,647,810,365,113,201,1389,328,1256,132,374,201,,,,,,,,,,,,,,,,,,,,,,,,,,,,,,,4244,1018,2778,3415,2745,2466,2582,473,1079,1900,775,412,3941,509,2282,2542,2694,2208,963,232,335,692,403,403,1291,417,703,620,578,535,,,,,,,,,,,,,,,,,,,,,,,,,,,,,,,,,,,,,,,,,,,,,,,,,,,,,,,,4610,2536,4744,2241,720,3116,1735,2154,795,253,4578,2327,3986,1984,681,1237,647,810,379,201,1389,328,1256,397,201,,,,,,,,,,,,,,,,,,,,,,,,,
ACSSF,2011m1,co,000,0021,0000087,4394,2453,3807,2178,749,976,2435,1426,1706,1141,505,302,3702,1927,3148,1684,556,966,699,301,637,186,201,201,1765,545,1628,349,201,217,,,,,,,,,,,,,,,,,,,,,,,,,,,,,,,3730,1349,2008,2463,1905,1934,2121,453,1316,1447,522,469,3329,711,1305,1843,1814,1897,649,201,244,433,290,201,1676,983,570,632,592,582,,,,,,,,,,,,,,,,,,,,,,,,,,,,,,,,,,,,,,,,,,,,,,,,,,,,,,,,4394,2453,3807,2292,976,2435,1426,1706,1072,302,3702,1927,3148,1824,966,699,301,637,186,201,1765,545,1628,349,217,,,,,,,,,,,,,,,,,,,,,,,,,
ACSSF,2011m1,co,000,0021,0000088,5030,3438,3403,1973,779,1130,2995,2078,1491,940,533,793,4393,2417,3131,1743,718,937,990,736,318,441,93,64,1998,896,1552,323,38,196,,,,,,,,,,,,,,,,,,,,,,,,,,,,,,,3887,1711,2550,1976,1530,1382,1964,818,1141,1327,830,554,3709,895,2222,2089,1256,1352,812,206,447,457,297,50,1663,1027,1019,652,112,310,,,,,,,,,,,,,,,,,,,,,,,,,,,,,,,,,,,,,,,,,,,,,,,,,,,,,,,,5030,3438,3403,2117,1130,2995,2078,1491,998,793,4393,2417,3131,1893,937,990,736,318,449,64,1998,896,1552,319,196,,,,,,,,,,,,,,,,,,,,,,,,,
ACSSF,2011m1,co,000,0021,0000089,5690,4324,4764,2213,1349,774,3625,1874,2228,1252,320,135,5605,3890,4631,1827,1366,560,1090,743,819,178,201,124,2338,1328,1865,861,179,435,,,,,,,,,,,,,,,,,,,,,,,,,,,,,,,4290,1257,2857,3303,3575,2038,2849,318,1707,1884,863,773,4379,1039,2254,2793,3406,1757,836,147,430,422,328,452,2099,727,1224,1074,754,1031,,,,,,,,,,,,,,,,,,,,,,,,,,,,,,,,,,,,,,,,,,,,,,,,,,,,,,,,5690,4324,4764,2219,774,3625,1874,2228,1286,135,5605,3890,4631,2041,560,1090,743,819,178,124,2338,1328,1865,882,435,,,,,,,,,,,,,,,,,,,,,,,,,
ACSSF,2011m1,co,000,0021,0000090,4764,3122,3784,1724,1100,896,2730,1915,1455,683,420,426,3385,2399,2703,1575,658,625,1196,591,862,452,182,264,2387,1164,1778,464,573,411,,,,,,,,,,,,,,,,,,,,,,,,,,,,,,,3914,1656,2300,2710,1006,765,1908,494,1141,1261,420,326,3009,778,1839,2153,823,667,935,86,526,592,438,65,2088,1239,1200,746,390,52,,,,,,,,,,,,,,,,,,,,,,,,,,,,,,,,,,,,,,,,,,,,,,,,,,,,,,,,4764,3122,3784,1939,896,2730,1915,1455,773,426,3385,2399,2703,1672,625,1196,591,862,462,264,2387,1164,1778,761,411,,,,,,,,,,,,,,,,,,,,,,,,,
ACSSF,2011m1,co,000,0021,0000091,2982,2698,3732,1844,437,1092,2026,1541,1577,684,185,640,3032,2272,3330,1597,445,978,531,203,465,116,201,64,1749,1503,616,107,112,211,,,,,,,,,,,,,,,,,,,,,,,,,,,,,,,2713,1854,2210,2854,1922,1318,1897,856,1212,1167,663,539,2812,1171,1847,2667,1752,1261,531,201,226,417,112,203,939,669,363,539,306,227,,,,,,,,,,,,,,,,,,,,,,,,,,,,,,,,,,,,,,,,,,,,,,,,,,,,,,,,2982,2698,3732,1878,1092,2026,1541,1577,735,640,3032,2272,3330,1665,978,531,203,465,116,64,1749,1503,616,154,211,,,,,,,,,,,,,,,,,,,,,,,,,
ACSSF,2011m1,co,000,0021,0000092,4596,2408,3624,1835,311,768,2157,1303,1207,371,223,87,4385,2048,3286,1735,220,605,890,576,749,252,201,201,1564,306,1513,144,201,290,,,,,,,,,,,,,,,,,,,,,,,,,,,,,,,4025,742,1607,2577,2836,2024,1567,169,590,935,609,494,3866,568,1315,1908,2634,1964,759,230,292,464,321,275,1563,187,423,994,941,702,,,,,,,,,,,,,,,,,,,,,,,,,,,,,,,,,,,,,,,,,,,,,,,,,,,,,,,,4596,2408,3624,1802,768,2157,1303,1207,428,87,4385,2048,3286,1747,605,890,576,749,252,201,1564,306,1513,144,290,,,,,,,,,,,,,,,,,,,,,,,,,
ACSSF,2011m1,co,000,0021,0000093,5467,4124,5363,2965,1525,1634,4779,3247,2395,1353,1194,1019,4236,2774,3254,1983,574,1040,763,405,464,164,246,182,3987,2223,3333,932,645,613,,,,,,,,,,,,,,,,,,,,,,,,,,,,,,,4440,2778,3594,2961,2192,1480,3558,1243,1846,2253,1138,456,3681,1196,2149,2617,1708,1014,691,280,306,503,169,135,3181,2396,1791,1209,1127,780,,,,,,,,,,,,,,,,,,,,,,,,,,,,,,,,,,,,,,,,,,,,,,,,,,,,,,,,5467,4124,5363,3399,1634,4779,3247,2395,1920,1019,4236,2774,3254,2088,1040,763,405,464,301,182,3987,2223,3333,1226,613,,,,,,,,,,,,,,,,,,,,,,,,,
ACSSF,2011m1,co,000,0021,0000094,3722,3694,4750,1910,638,1061,3231,2425,1928,802,322,353,4210,2920,3976,1529,471,832,1067,850,560,285,201,114,2522,1723,1630,667,319,622,,,,,,,,,,,,,,,,,,,,,,,,,,,,,,,3338,1122,1901,2619,3118,3269,2474,484,975,1189,1525,1242,3668,397,1309,2100,3046,2507,909,101,201,642,336,572,1699,896,576,897,1008,976,,,,,,,,,,,,,,,,,,,,,,,,,,,,,,,,,,,,,,,,,,,,,,,,,,,,,,,,3722,3694,4750,1953,1061,3231,2425,1928,815,353,4210,2920,3976,1621,832,1067,850,560,285,114,2522,1723,1630,748,622,,,,,,,,,,,,,,,,,,,,,,,,,
ACSSF,2011m1,co,000,0021,0000095,4479,3134,3716,1955,694,1223,4139,2587,2739,1643,446,596,3892,1407,2705,808,433,994,52,52,201,201,201,201,3010,1848,1669,198,255,461,,,,,,,,,,,,,,,,,,,,,,,,,,,,,,,3937,1558,2629,2868,1873,1306,3576,916,1802,2498,843,587,3438,810,1379,2058,1374,907,201,201,201,201,201,201,2951,832,993,963,1396,204,,,,,,,,,,,,,,,,,,,,,,,,,,,,,,,,,,,,,,,,,,,,,,,,,,,,,,,,4479,3134,3716,2031,1223,4139,2587,2739,1735,596,3892,1407,2705,867,994,52,52,201,201,201,3010,1848,1669,315,461,,,,,,,,,,,,,,,,,,,,,,,,,
ACSSF,2011m1,co,000,0021,0000096,5644,4441,5720,3444,1350,1228,4523,3086,2643,1558,640,572,5128,3446,4818,2808,924,767,1053,831,669,243,165,201,3964,1795,2884,896,650,702,,,,,,,,,,,,,,,,,,,,,,,,,,,,,,,4862,2102,3629,4172,3843,3304,3786,686,1742,2263,2039,1153,4271,1034,2572,3275,3066,2498,929,201,168,821,523,295,3553,1604,2237,1288,1892,1678,,,,,,,,,,,,,,,,,,,,,,,,,,,,,,,,,,,,,,,,,,,,,,,,,,,,,,,,5644,4441,5720,3703,1228,4523,3086,2643,1762,572,5128,3446,4818,3012,767,1053,831,669,293,201,3964,1795,2884,979,702,,,,,,,,,,,,,,,,,,,,,,,,,
ACSSF,2011m1,co,000,0021,0000097,6993,4733,5055,2462,1275,1305,4124,2724,2054,1275,705,867,5891,3368,4836,2069,1118,1101,1498,984,614,501,93,64,2975,1556,2103,894,236,295,,,,,,,,,,,,,,,,,,,,,,,,,,,,,,,5463,2309,3277,3191,2822,2071,2618,935,2118,1654,925,705,5048,1031,2623,2917,2480,1869,953,206,468,543,392,193,2485,1614,1335,961,463,632,,,,,,,,,,,,,,,,,,,,,,,,,,,,,,,,,,,,,,,,,,,,,,,,,,,,,,,,6993,4733,5055,2721,1305,4124,2724,2054,1395,867,5891,3368,4836,2418,1101,1498,984,614,508,64,2975,1556,2103,915,295,,,,,,,,,,,,,,,,,,,,,,,,,
ACSSF,2011m1,co,000,0021,0000098,483,6311,7476,4351,2374,2017,7216,5463,3630,2580,1660,1121,6298,5083,5290,3241,1244,1581,1485,1219,815,609,131,57,5914,3568,4634,1989,1041,1104,,,,,,,,,,,,,,,,,,,,,,,,,,,,,,,466,4241,4920,4593,4950,4422,6337,2084,3749,3266,2401,2289,5331,2085,3118,3357,3710,3463,1468,145,647,652,943,551,5052,3760,3053,2124,1955,1564,,,,,,,,,,,,,,,,,,,,,,,,,,,,,,,,,,,,,,,,,,,,,,,,,,,,,,,,483,6311,7476,4848,2017,7216,5463,3630,3253,1121,6298,5083,5290,3474,1581,1485,1219,815,620,57,5914,3568,4634,2037,1104,,,,,,,,,,,,,,,,,,,,,,,,,
ACSSF,2011m1,co,000,0021,0000099,924,3214,5038,3374,601,1298,4596,2942,2891,1809,494,351,5180,2828,5254,2384,438,1173,769,552,551,301,201,201,2690,1521,2158,810,60,447,,,,,,,,,,,,,,,,,,,,,,,,,,,,,,,1244,1663,3002,4463,4601,3237,3800,955,2195,2073,2147,1277,4413,650,2305,3403,3928,2354,562,64,159,250,444,288,2478,1076,767,1117,1301,1311,,,,,,,,,,,,,,,,,,,,,,,,,,,,,,,,,,,,,,,,,,,,,,,,,,,,,,,,924,3214,5038,3413,1298,4596,2942,2891,1874,351,5180,2828,5254,2447,1173,769,552,551,301,201,2690,1521,2158,822,447,,,,,,,,,,,,,,,,,,,,,,,,,
ACSSF,2011m1,co,000,0021,0000100,6841,4313,3874,2060,1485,477,2815,1677,1862,651,466,201,6366,3914,3457,1965,1284,313,852,466,773,267,113,124,1463,717,1417,297,201,309,,,,,,,,,,,,,,,,,,,,,,,,,,,,,,,5070,1043,2024,3068,3196,1561,2147,292,957,1597,768,552,4882,950,1569,2760,2988,1277,794,147,375,536,235,429,1443,488,729,461,306,947,,,,,,,,,,,,,,,,,,,,,,,,,,,,,,,,,,,,,,,,,,,,,,,,,,,,,,,,6841,4313,3874,2507,477,2815,1677,1862,796,201,6366,3914,3457,2299,313,852,466,773,283,124,1463,717,1417,297,309,,,,,,,,,,,,,,,,,,,,,,,,,
ACSSF,2011m1,co,000,0021,0000101,4127,3888,4817,2313,605,1039,4016,3139,2492,1537,404,291,4750,2985,4075,1748,516,987,512,377,316,165,201,69,1691,1131,1150,329,201,336,,,,,,,,,,,,,,,,,,,,,,,,,,,,,,,3675,1347,2181,3082,2958,2139,2874,611,1254,1779,1516,1304,4139,794,1730,2951,2576,1716,386,201,132,233,140,258,1295,695,584,611,562,545,,,,,,,,,,,,,,,,,,,,,,,,,,,,,,,,,,,,,,,,,,,,,,,,,,,,,,,,4127,3888,4817,2616,1039,4016,3139,2492,1711,291,4750,2985,4075,1933,987,512,377,316,165,69,1691,1131,1150,329,336,,,,,,,,,,,,,,,,,,,,,,,,,
ACSSF,2011m1,co,000,0021,0000102,970,2488,3787,2161,769,1059,3334,2015,2948,1484,589,626,3490,1854,3346,1461,530,977,701,194,447,389,201,117,1439,770,1007,438,201,147,,,,,,,,,,,,,,,,,,,,,,,,,,,,,,,983,1525,2718,2751,1998,1443,3037,960,2144,1874,1235,781,3352,1383,2343,2426,1577,1140,659,49,442,173,298,115,1179,748,567,497,494,207,,,,,,,,,,,,,,,,,,,,,,,,,,,,,,,,,,,,,,,,,,,,,,,,,,,,,,,,970,2488,3787,2274,1059,3334,2015,2948,1689,626,3490,1854,3346,1494,977,701,194,447,389,117,1439,770,1007,438,147,,,,,,,,,,,,,,,,,,,,,,,,,
ACSSF,2011m1,co,000,0021,0000103,4472,3039,4692,1879,1110,1117,4180,3317,2540,1362,908,591,4385,2347,3560,1276,467,910,197,164,171,201,201,201,2914,857,2594,160,527,105,,,,,,,,,,,,,,,,,,,,,,,,,,,,,,,4209,2373,2869,4116,1881,1188,3817,909,2096,3602,858,452,3831,1173,1985,1982,1822,1035,196,201,164,117,201,201,2722,1907,1164,487,695,140,,,,,,,,,,,,,,,,,,,,,,,,,,,,,,,,,,,,,,,,,,,,,,,,,,,,,,,,4472,3039,4692,2000,1117,4180,3317,2540,1601,591,4385,2347,3560,1288,910,197,164,171,201,201,2914,857,2594,549,105,,,,,,,,,,,,,,,,,,,,,,,,,
ACSSF,2011m1,co,000,0021,0000104,4623,2941,2973,1812,952,601,2597,1480,1588,997,321,279,3542,2326,2424,1324,605,440,879,499,567,401,201,201,2281,1152,1602,451,525,321,,,,,,,,,,,,,,,,,,,,,,,,,,,,,,,3510,1396,2187,2202,1095,874,2068,505,1222,1273,258,360,2677,669,1307,1589,987,807,783,71,378,509,388,201,1923,1034,1273,817,271,201,,,,,,,,,,,,,,,,,,,,,,,,,,,,,,,,,,,,,,,,,,,,,,,,,,,,,,,,4623,2941,2973,1899,601,2597,1480,1588,977,279,3542,2326,2424,1362,440,879,499,567,401,201,2281,1152,1602,696,321,,,,,,,,,,,,,,,,,,,,,,,,,
ACSSF,2011m1,co,000,0021,0000105,1007,4656,6145,3868,1185,1785,6675,4385,4182,2522,772,926,5939,3668,4497,2832,903,1589,891,412,819,406,177,116,3104,1585,2386,896,301,414,,,,,,,,,,,,,,,,,,,,,,,,,,,,,,,1079,2587,5020,5886,4445,2946,5724,1626,2745,3394,2415,1194,5148,1183,3987,4636,4143,2734,874,210,490,488,474,333,2698,1560,1152,1234,1129,1054,,,,,,,,,,,,,,,,,,,,,,,,,,,,,,,,,,,,,,,,,,,,,,,,,,,,,,,,1007,4656,6145,4136,1785,6675,4385,4182,2740,926,5939,3668,4497,3102,1589,891,412,819,443,116,3104,1585,2386,970,414,,,,,,,,,,,,,,,,,,,,,,,,,
ACSSF,2011m1,co,000,0021,0000106,3276,2496,2670,1509,424,1045,2705,1562,1441,1200,300,663,3398,1447,2648,1337,297,852,270,122,191,104,201,201,1762,902,1143,368,52,156,,,,,,,,,,,,,,,,,,,,,,,,,,,,,,,3119,814,1718,2153,2215,1061,2439,243,1170,1447,1068,616,3293,578,1192,1763,1759,940,216,201,201,122,145,108,1568,538,702,837,446,407,,,,,,,,,,,,,,,,,,,,,,,,,,,,,,,,,,,,,,,,,,,,,,,,,,,,,,,,3276,2496,2670,1557,1045,2705,1562,1441,1254,663,3398,1447,2648,1350,852,270,122,191,104,201,1762,902,1143,381,156,,,,,,,,,,,,,,,,,,,,,,,,,
ACSSF,2011m1,co,000,0021,0000107,4076,3076,3779,2015,753,1342,3530,2079,2535,924,130,370,4601,2984,3612,1637,529,1160,768,241,717,201,201,129,2026,1194,1935,500,594,208,,,,,,,,,,,,,,,,,,,,,,,,,,,,,,,3815,1832,2535,2859,3406,2102,2835,741,1412,1533,1637,927,4329,924,2157,2708,2920,1644,758,185,129,453,346,245,1820,1447,1380,676,1103,765,,,,,,,,,,,,,,,,,,,,,,,,,,,,,,,,,,,,,,,,,,,,,,,,,,,,,,,,4076,3076,3779,2281,1342,3530,2079,2535,957,370,4601,2984,3612,1665,1160,768,241,717,201,129,2026,1194,1935,862,208,,,,,,,,,,,,,,,,,,,,,,,,,
ACSSF,2011m1,co,000,0021,0000108,4143,3187,4257,1859,474,1129,3132,2236,2301,698,385,571,3648,2187,3712,1649,287,763,824,623,500,138,201,201,1712,977,1458,112,201,201,,,,,,,,,,,,,,,,,,,,,,,,,,,,,,,3847,1429,2239,2496,2072,1891,2352,533,1244,1629,1111,689,3749,972,1871,2249,1761,1620,517,201,154,105,334,217,1654,1017,887,1331,448,352,,,,,,,,,,,,,,,,,,,,,,,,,,,,,,,,,,,,,,,,,,,,,,,,,,,,,,,,4143,3187,4257,1899,1129,3132,2236,2301,801,571,3648,2187,3712,1713,763,824,623,500,138,201,1712,977,1458,112,201,,,,,,,,,,,,,,,,,,,,,,,,,
ACSSF,2011m1,co,000,0021,0000109,1890,2298,2902,1882,756,949,2954,1973,2022,1512,652,675,2206,1214,1681,1071,371,549,471,333,448,273,201,75,1158,532,898,320,119,305,,,,,,,,,,,,,,,,,,,,,,,,,,,,,,,2018,1521,1636,1698,1514,1074,2679,1177,1294,1652,1185,778,1925,896,1073,1328,890,804,436,78,181,426,259,140,1129,845,565,264,93,291,,,,,,,,,,,,,,,,,,,,,,,,,,,,,,,,,,,,,,,,,,,,,,,,,,,,,,,,1890,2298,2902,2085,949,2954,1973,2022,1639,675,2206,1214,1681,1105,549,471,333,448,273,75,1158,532,898,368,305,,,,,,,,,,,,,,,,,,,,,,,,,
ACSSF,2011m1,co,000,0021,0000110,6190,4920,4614,2170,808,1499,5158,3419,3430,1633,667,763,4757,2465,3197,1733,318,1067,1004,468,849,273,201,201,3394,1931,2410,823,337,557,,,,,,,,,,,,,,,,,,,,,,,,,,,,,,,4917,2501,3320,3817,3268,2039,3768,1138,2299,2341,1794,708,4238,1168,2174,2810,2381,1652,974,579,475,354,308,131,2736,1508,1614,1207,1002,971,,,,,,,,,,,,,,,,,,,,,,,,,,,,,,,,,,,,,,,,,,,,,,,,,,,,,,,,6190,4920,4614,2428,1499,5158,3419,3430,1724,763,4757,2465,3197,1800,1067,1004,468,849,273,201,3394,1931,2410,1021,557,,,,,,,,,,,,,,,,,,,,,,,,,
ACSSF,2011m1,co,000,0021,0000111,4528,2769,2508,1682,776,890,2993,1810,1447,1305,646,370,2337,1798,1042,905,366,693,664,396,489,26,59,85,2955,959,2116,758,215,586,,,,,,,,,,,,,,,,,,,,,,,,,,,,,,,3532,2315,2586,1867,1020,580,2447,926,1769,1244,670,299,1961,701,1196,1154,553,442,507,364,333,130,201,63,2760,2144,1047,650,440,237,,,,,,,,,,,,,,,,,,,,,,,,,,,,,,,,,,,,,,,,,,,,,,,,,,,,,,,,4528,2769,2508,1891,890,2993,1810,1447,1455,370,2337,1798,1042,990,693,664,396,489,65,85,2955,959,2116,782,586,,,,,,,,,,,,,,,,,,,,,,,,,
