ACSSF,2011m1,co,000,0049,0000001,14330,8624,11622,11275,8714,6508,10533,6932,6963,8422,15402,8187,11233,11381,8583,6466,9639,7056,6761,7184,13933,7645,10515,10679,8356,5745,8778,6456,5933,6098,8207,3284,2903,4056,3054,2868,3651,2430,2694,2986,8562,3077,2364,3872,2756,2440,3492,2156,2409,2592,4731,1671,1258,1216,1547,1357,1795,1207,1150,1959,4987,773,1174,1431,1816,829,2106,1164,1877,3059,4583,697,1080,1427,1699,747,1924,1079,1522,2670,1612,212,179,87,465,234,843,441,906,690,1054,355,507,193,193,163,148,170,534,512,4964,3168,2260,1542,1115,536,1275,577,419,501,4675,2192,1850,2020,1480,1016,1216,545,767,1568,793064,715531,582113,360166,338453,221763,267814,242888,72132,46721,88411,258961,12749,18346,16044,13702,15612,15356,8204,6656,5360,4987,3286,4155,4684,2204,4030,4645,2840,3845,7410,6692,3463,14330,8624,11622,11275,8714,6508,10533,6932,6963,8422,13933,7645,10515,10679,8356,5745,8778,6456,5933,6098,8207,3284,2903,4056,3054,2868,3651,2430,2694,2986,4987,773,1174,1431,1816,829,2106,1164,1877,3059,6854,3633,3146,2662,1828,1191,1742,818,809,1726,793064,582113,360166,267814,276060,12749,18346,16044,13702,15612,15356,8204,6656,5360,4987,3286,4155,6614,3853,5564,7410,6692,3463
ACSSF,2011m1,co,000,0049,0000002,,,,,,,,,,,,,,,,,,,,,,,,,,,,,,,,,,,,,,,,,,,,,,,,,,,,,,,,,,,,,,,,,,,,,,,,,,,,,,,,,,,,,,,,,,,,,,,,,,,,,,,,,,,,,,,,,,,,,,,,,,,,,,,,,,,,,,,,,,,,,,,,,,,,,,,,,,,,,,,,,,,,,,,,,,,,,,,,,,,,,,,,,,,,,,,,,,,,,,,,,,,,,,,,,,,,,,,,,,,,,,,,,,
ACSSF,2011m1,co,000,0049,0000003,,,,,,,,,,,,,,,,,,,,,,,,,,,,,,,,,,,,,,,,,,,,,,,,,,,,,,,,,,,,,,,,,,,,,,,,,,,,,,,,,,,,,,,,,,,,,,,,,,,,,,,,,,,,,,,,,,,,,,,,,,,,,,,,,,,,,,,,,,,,,,,,,,,,,,,,,,,,,,,,,,,,,,,,,,,,,,,,,,,,,,,,,,,,,,,,,,,,,,,,,,,,,,,,,,,,,,,,,,,,,,,,,,
ACSSF,2011m1,co,000,0049,0000004,,,,,,,,,,,,,,,,,,,,,,,,,,,,,,,,,,,,,,,,,,,,,,,,,,,,,,,,,,,,,,,,,,,,,,,,,,,,,,,,,,,,,,,,,,,,,,,,,,,,,,,,,,,,,,,,,,,,,,,,,,,,,,,,,,,,,,,,,,,,,,,,,,,,,,,,,,,,,,,,,,,,,,,,,,,,,,,,,,,,,,,,,,,,,,,,,,,,,,,,,,,,,,,,,,,,,,,,,,,,,,,,,,
ACSSF,2011m1,co,000,0049,0000005,,,,,,,,,,,,,,,,,,,,,,,,,,,,,,,,,,,,,,,,,,,,,,,,,,,,,,,,,,,,,,,,,,,,,,,,,,,,,,,,,,,,,,,,,,,,,,,,,,,,,,,,,,,,,,,,,,,,,,,,,,,,,,,,,,,,,,,,,,,,,,,,,,,,,,,,,,,,,,,,,,,,,,,,,,,,,,,,,,,,,,,,,,,,,,,,,,,,,,,,,,,,,,,,,,,,,,,,,,,,,,,,,,
ACSSF,2011m1,co,000,0049,0000006,,,,,,,,,,,,,,,,,,,,,,,,,,,,,,,,,,,,,,,,,,,,,,,,,,,,,,,,,,,,,,,,,,,,,,,,,,,,,,,,,,,,,,,,,,,,,,,,,,,,,,,,,,,,,,,,,,,,,,,,,,,,,,,,,,,,,,,,,,,,,,,,,,,,,,,,,,,,,,,,,,,,,,,,,,,,,,,,,,,,,,,,,,,,,,,,,,,,,,,,,,,,,,,,,,,,,,,,,,,,,,,,,,
ACSSF,2011m1,co,000,0049,0000007,,,,,,,,,,,,,,,,,,,,,,,,,,,,,,,,,,,,,,,,,,,,,,,,,,,,,,,,,,,,,,,,,,,,,,,,,,,,,,,,,,,,,,,,,,,,,,,,,,,,,,,,,,,,,,,,,,,,,,,,,,,,,,,,,,,,,,,,,,,,,,,,,,,,,,,,,,,,,,,,,,,,,,,,,,,,,,,,,,,,,,,,,,,,,,,,,,,,,,,,,,,,,,,,,,,,,,,,,,,,,,,,,,
ACSSF,2011m1,co,000,0049,0000008,,,,,,,,,,,,,,,,,,,,,,,,,,,,,,,,,,,,,,,,,,,,,,,,,,,,,,,,,,,,,,,,,,,,,,,,,,,,,,,,,,,,,,,,,,,,,,,,,,,,,,,,,,,,,,,,,,,,,,,,,,,,,,,,,,,,,,,,,,,,,,,,,,,,,,,,,,,,,,,,,,,,,,,,,,,,,,,,,,,,,,,,,,,,,,,,,,,,,,,,,,,,,,,,,,,,,,,,,,,,,,,,,,
ACSSF,2011m1,co,000,0049,0000009,,,,,,,,,,,,,,,,,,,,,,,,,,,,,,,,,,,,,,,,,,,,,,,,,,,,,,,,,,,,,,,,,,,,,,,,,,,,,,,,,,,,,,,,,,,,,,,,,,,,,,,,,,,,,,,,,,,,,,,,,,,,,,,,,,,,,,,,,,,,,,,,,,,,,,,,,,,,,,,,,,,,,,,,,,,,,,,,,,,,,,,,,,,,,,,,,,,,,,,,,,,,,,,,,,,,,,,,,,,,,,,,,,
ACSSF,2011m1,co,000,0049,0000010,,,,,,,,,,,,,,,,,,,,,,,,,,,,,,,,,,,,,,,,,,,,,,,,,,,,,,,,,,,,,,,,,,,,,,,,,,,,,,,,,,,,,,,,,,,,,,,,,,,,,,,,,,,,,,,,,,,,,,,,,,,,,,,,,,,,,,,,,,,,,,,,,,,,,,,,,,,,,,,,,,,,,,,,,,,,,,,,,,,,,,,,,,,,,,,,,,,,,,,,,,,,,,,,,,,,,,,,,,,,,,,,,,
ACSSF,2011m1,co,000,0049,0000011,,,,,,,,,,,,,,,,,,,,,,,,,,,,,,,,,,,,,,,,,,,,,,,,,,,,,,,,,,,,,,,,,,,,,,,,,,,,,,,,,,,,,,,,,,,,,,,,,,,,,,,,,,,,,,,,,,,,,,,,,,,,,,,,,,,,,,,,,,,,,,,,,,,,,,,,,,,,,,,,,,,,,,,,,,,,,,,,,,,,,,,,,,,,,,,,,,,,,,,,,,,,,,,,,,,,,,,,,,,,,,,,,,
ACSSF,2011m1,co,000,0049,0000012,,,,,,,,,,,,,,,,,,,,,,,,,,,,,,,,,,,,,,,,,,,,,,,,,,,,,,,,,,,,,,,,,,,,,,,,,,,,,,,,,,,,,,,,,,,,,,,,,,,,,,,,,,,,,,,,,,,,,,,,,,,,,,,,,,,,,,,,,,,,,,,,,,,,,,,,,,,,,,,,,,,,,,,,,,,,,,,,,,,,,,,,,,,,,,,,,,,,,,,,,,,,,,,,,,,,,,,,,,,,,,,,,,
ACSSF,2011m1,co,000,0049,0000013,,,,,,,,,,,,,,,,,,,,,,,,,,,,,,,,,,,,,,,,,,,,,,,,,,,,,,,,,,,,,,,,,,,,,,,,,,,,,,,,,,,,,,,,,,,,,,,,,,,,,,,,,,,,,,,,,,,,,,,,,,,,,,,,,,,,,8098,5893,5373,6876,5257,4772,2763,2335,1618,985,275,922,516,348,392,818,360,716,1737,1545,711,7989,1955,2649,2955,2956,2405,3240,2084,1735,1430,6927,1682,2526,2838,2878,2189,2902,1620,1523,1244,2763,817,703,859,771,824,1264,1123,958,452,985,308,193,193,248,193,449,320,224,491,1029,385,333,450,422,80,389,47,70,484,242949,188477,95763,47031,77735,8098,5893,5373,6876,5257,4772,2763,2335,1618,985,275,922,1015,489,825,1737,1545,711
ACSSF,2011m1,co,000,0049,0000014,7871,3103,3319,3790,4201,2346,3477,2492,2273,2144,7198,2994,3370,3695,4192,2339,3386,2508,2063,1677,6886,2552,3258,3749,3913,2350,3369,2455,2041,1389,3110,1204,856,912,1310,753,1149,497,662,745,2859,823,883,782,1204,578,1063,512,544,748,1616,1112,221,456,419,450,602,113,338,408,1333,193,301,169,609,146,457,335,712,676,1197,193,301,169,609,146,476,335,594,676,325,193,193,193,193,193,193,193,325,193,116,193,193,193,193,193,101,193,58,193,1011,767,345,393,300,96,575,193,95,89,900,243,310,175,451,130,385,97,107,434,,,,,,,,,,,,,8170,7108,5147,6886,6408,4233,3109,2104,2134,1320,670,1109,1006,376,926,900,513,765,1922,1647,987,7871,3103,3319,3790,4201,2346,3477,2492,2273,2144,6886,2552,3258,3749,3913,2350,3369,2455,2041,1389,3110,1204,856,912,1310,753,1149,497,662,745,1333,193,301,169,609,146,457,335,712,676,1431,791,476,444,552,144,669,97,163,451,265839,191949,115700,74933,50419,8170,7108,5147,6886,6408,4233,3109,2104,2134,1320,670,1109,1417,600,1295,1922,1647,987
ACSSF,2011m1,co,000,0049,0000015,5685,2494,2548,2998,2487,2082,2757,2091,2141,1700,5681,2454,2367,2961,2076,2004,2420,2045,2088,1569,5902,2427,2336,3000,1836,1819,2264,1757,1652,1454,2607,900,729,610,759,992,745,809,1075,578,2335,813,673,563,723,936,710,724,1068,372,986,238,383,214,275,308,210,331,192,434,1363,144,487,365,829,84,630,422,307,439,1360,144,463,365,829,84,630,422,307,439,170,193,170,193,193,193,193,193,193,193,193,193,193,193,193,193,193,193,193,193,1344,809,545,531,243,206,418,101,209,193,1265,575,699,516,571,232,510,268,126,72,,,,,,,,,,,,,5691,6354,4688,5911,5253,3778,2607,2241,1247,1369,899,1150,1319,746,1233,1259,1151,853,2268,2032,1067,5685,2494,2548,2998,2487,2082,2757,2091,2141,1700,5902,2427,2336,3000,1836,1819,2264,1757,1652,1454,2607,900,729,610,759,992,745,809,1075,578,1363,144,487,365,829,84,630,422,307,439,1736,968,887,706,636,304,656,250,231,72,200743,159008,100761,49628,34036,5691,6354,4688,5911,5253,3778,2607,2241,1247,1369,899,1150,1697,1403,1381,2268,2032,1067
ACSSF,2011m1,co,000,0049,0000016,12084,3290,4020,4775,4414,3492,5604,4017,3710,4376,10977,3043,3766,4575,3775,3450,5244,3944,3504,3208,10018,2959,3799,4069,3358,3100,5066,3240,3267,2643,4288,1039,843,1575,1435,1338,1789,1340,1178,1311,3762,1009,851,1438,1387,1087,1288,1290,1164,805,1999,277,73,556,233,550,1262,319,301,1017,3787,402,996,827,1261,535,1114,955,1656,2300,3463,402,890,823,1131,472,989,837,1392,2024,1299,193,55,87,416,181,536,432,797,672,881,193,503,193,193,163,107,170,369,502,2439,1454,1545,1006,692,342,345,464,193,104,2080,742,763,1117,700,322,713,424,403,660,451691,372701,339845,147941,124313,81212,200573,181913,62567,42147,32128,84119,12583,10273,8876,10050,8485,6545,4276,2947,2851,3787,2537,3046,2384,981,2047,2080,1051,1854,2558,1625,1728,12084,3290,4020,4775,4414,3492,5604,4017,3710,4376,10018,2959,3799,4069,3358,3100,5066,3240,3267,2643,4288,1039,843,1575,1435,1338,1789,1340,1178,1311,3787,402,996,827,1261,535,1114,955,1656,2300,3305,1557,1816,1534,1034,487,781,641,403,672,451691,339845,147941,200573,93158,12583,10273,8876,10050,8485,6545,4276,2947,2851,3787,2537,3046,3301,1456,2950,2558,1625,1728
ACSSF,2011m1,co,000,0049,0000017,,,,,,,,,,,,,,,,,,,,,,,,,,,,,,,,,,,,,,,,,,,,,,,,,,,,,,,,,,,,,,,,,,,,,,,,,,,,,,,,,,,,,,,,,,,,,,,,,,,,,,,,,,,,,,,,,,,,,,,,,,,,,,,,,,,,,6050,5003,3772,5453,4691,2971,1340,1060,998,555,335,470,875,496,811,478,410,209,1938,1934,1308,5815,2017,2142,1960,2178,1328,2118,1227,1734,1353,5450,1854,2033,1746,2059,1268,2101,1200,1582,1245,1340,771,521,809,649,121,315,239,483,218,555,135,193,193,143,154,129,193,397,330,1022,426,557,294,130,132,269,305,238,137,178348,162537,45726,44452,25455,6050,5003,3772,5453,4691,2971,1340,1060,998,555,335,470,1009,662,851,1938,1934,1308
ACSSF,2011m1,co,000,0049,0000018,6362,3566,3947,3989,4034,2950,3819,1814,2090,2409,6807,3465,3970,3932,4066,2914,3770,1789,2015,2286,6791,3265,3614,3739,3867,2672,3244,1660,1990,2059,3445,1060,1139,1104,1500,944,1997,589,1011,1013,3086,909,1135,1012,1354,535,1909,521,914,573,1720,543,312,421,621,758,669,240,395,807,804,193,193,230,126,323,473,131,246,466,804,193,193,230,126,323,473,131,246,466,193,193,193,193,193,193,193,193,193,193,193,193,193,193,193,193,193,193,193,193,1478,1048,917,178,282,212,607,193,239,328,1067,597,403,327,282,349,202,174,193,292,255328,252450,241364,145808,89980,112458,33965,33965,.,.,50406,43651,5910,6081,5708,6711,5418,5590,3415,3066,1983,804,427,723,1423,705,1167,1067,811,766,2146,2118,1050,6362,3566,3947,3989,4034,2950,3819,1814,2090,2409,6791,3265,3614,3739,3867,2672,3244,1660,1990,2059,3445,1060,1139,1104,1500,944,1997,589,1011,1013,804,193,193,230,126,323,473,131,246,466,1945,1310,994,371,379,415,617,174,239,455,255328,241364,145808,33965,66526,5910,6081,5708,6711,5418,5590,3415,3066,1983,804,427,723,1882,1129,1462,2146,2118,1050
ACSSF,2011m1,co,000,0049,0000019,6424,2710,3172,2908,2710,1965,2952,1732,1905,2029,6238,2397,3018,3019,2698,1967,2858,1705,1882,1981,5703,2259,2944,2833,2713,1917,2634,1639,1748,1465,2968,845,709,936,1046,526,990,829,759,1371,2325,830,642,901,428,387,943,645,754,1268,1529,116,356,331,954,534,278,509,135,574,1322,360,595,514,208,193,533,280,285,607,1310,360,586,514,208,193,533,280,285,607,193,193,193,193,193,193,193,193,193,193,83,193,83,193,193,193,193,193,193,193,860,708,303,261,329,356,162,193,110,191,1040,224,470,587,103,90,457,122,229,326,,,,,,,,,,,,,7050,5662,5553,5710,5148,4533,2967,1710,2124,1322,619,1140,792,572,501,1043,787,617,2166,1922,1085,6424,2710,3172,2908,2710,1965,2952,1732,1905,2029,5703,2259,2944,2833,2713,1917,2634,1639,1748,1465,2968,845,709,936,1046,526,990,829,759,1371,1322,360,595,514,208,193,533,280,285,607,1374,748,566,636,371,382,472,122,257,370,215075,176493,136954,54410,55737,7050,5662,5553,5710,5148,4533,2967,1710,2124,1322,619,1140,1373,1076,813,2166,1922,1085
ACSSF,2011m1,co,000,0049,0000020,,,,,,,,,,,,,,,,,,,,,,,,,,,,,,,,,,,,,,,,,,,,,,,,,,,,,,,,,,,,,,,,,,,,,,,,,,,,,,,,,,,,,,,,,,,,,,,,,,,,,,,,,,,,,,,,,,,,,,,,,150599,125310,122431,52935,51203,16584,51474,51474,.,.,23720,43136,4390,4275,3773,4526,3809,3475,2371,1984,1414,600,352,534,1109,764,856,1592,1058,1248,1853,1606,949,4486,2690,2649,3004,2525,1751,1914,1307,1066,1326,4509,2351,2648,2968,2274,1260,1613,1162,1052,1154,2371,585,693,942,939,966,845,326,464,275,600,193,115,268,128,193,159,88,144,433,2153,1566,595,783,495,769,619,306,173,259,150599,122431,52935,51474,50958,4390,4275,3773,4526,3809,3475,2371,1984,1414,600,352,534,2029,1394,1607,1853,1606,949
ACSSF,2011m1,co,000,0049,0000021,,,,,,,,,,,,,,,,,,,,,,,,,,,,,,,,,,,,,,,,,,,,,,,,,,,,,,,,,,,,,,,,,,,,,,,,,,,,,,,,,,,,,,,,,,,,,,,,,,,,,,,,,,,,,,,,,,,,,,,,,128955,127064,104378,63759,53742,37931,18321,18321,.,.,8095,19181,2870,3300,2498,2955,3077,2139,1833,1557,1005,175,67,162,359,314,191,676,468,548,708,710,94,2865,1983,1783,1814,1620,1295,935,968,646,1298,2930,1752,1849,1838,1573,1247,746,975,611,892,1832,865,763,418,482,195,463,237,246,831,192,193,193,82,193,193,193,193,193,175,763,443,408,253,63,229,387,125,102,81,128955,104378,63759,18321,20580,2870,3300,2498,2955,3077,2139,1833,1557,1005,175,67,162,748,539,580,708,710,94
ACSSF,2011m1,co,000,0049,0000022,,,,,,,,,,,,,,,,,,,,,,,,,,,,,,,,,,,,,,,,,,,,,,,,,,,,,,,,,,,,,,,,,,,,,,,,,,,,,,,,,,,,,,,,,,,,,,,,,,,,,,,,,,,,,,,,,,,,,,,,,164338,157143,153203,52991,45074,26122,21186,21186,.,.,6282,2937,3026,2700,2604,3107,2719,2326,1460,949,1203,279,111,253,652,211,642,209,187,154,736,606,403,3083,1527,1741,1883,1072,903,955,782,985,1700,3098,1450,1566,1781,982,900,896,687,914,1572,1460,273,637,981,497,185,306,313,351,472,305,193,193,77,119,193,111,193,45,224,732,444,333,183,144,89,42,70,193,193,164338,153203,52991,21186,7273,3026,2700,2604,3107,2719,2326,1460,949,1203,279,111,253,708,286,667,736,606,403
ACSSF,2011m1,co,000,0049,0000023,,,,,,,,,,,,,,,,,,,,,,,,,,,,,,,,,,,,,,,,,,,,,,,,,,,,,,,,,,,,,,,,,,,,,,,,,,,,,,,,,,,,,,,,,,,,,,,,,,,,,,,,,,,,,,,,,,,,,,,,,249181,165068,159587,59100,46913,37916,21843,21843,.,.,11265,202538,5512,4730,4482,5429,4358,4292,2048,1147,1507,628,346,497,696,564,413,1488,1370,678,1716,1563,798,5495,2745,2550,2878,1961,1190,2370,1094,1547,1922,5462,2496,2257,2625,1744,1144,2151,869,1463,1666,2048,1344,846,696,654,242,678,593,71,386,628,193,196,245,193,193,424,244,193,96,1667,652,552,597,688,266,101,63,497,1021,249181,159587,59100,21843,202735,5512,4730,4482,5429,4358,4292,2048,1147,1507,628,346,497,1670,1554,715,1716,1563,798
ACSSF,2011m1,co,000,0049,0000024,,,,,,,,,,,,,,,,,,,,,,,,,,,,,,,,,,,,,,,,,,,,,,,,,,,,,,,,,,,,,,,,,,,,,,,,,,,,,,,,,,,,,,,,,,,,,,,,,,,,,,,,,,,,,,,,,,,,,,,,,60764,59662,58255,17645,18044,7818,12053,12053,.,.,3607,5837,2432,1936,1305,2165,1779,1118,678,386,554,226,195,110,213,34,211,385,176,340,701,669,245,,,,,,,,,,,,,,,,,,,,,,,,,,,,,,,,,,,,,,,,,,,,,,,,,,,60764,58255,17645,12053,5525,2432,1936,1305,2165,1779,1118,678,386,554,226,195,110,384,179,388,701,669,245
ACSSF,2011m1,co,000,0049,0000025,,,,,,,,,,,,,,,,,,,,,,,,,,,,,,,,,,,,,,,,,,,,,,,,,,,,,,,,,,,,,,,,,,,,,,,,,,,,,,,,,,,,,,,,,,,,,,,,,,,,,,,,,,,,,,,,,,,,,,,,,,,,,,,,,,,,,5704,4597,3795,5432,4210,3527,1872,1495,1197,1100,469,972,859,270,855,545,436,507,1263,943,754,5563,2438,2383,2606,2824,2009,2494,2290,1558,1087,5434,1829,2231,2413,2586,1964,2282,2223,1482,880,1876,1071,549,631,605,370,939,437,292,373,1100,193,292,103,82,193,584,373,396,515,1095,633,398,420,360,96,522,50,117,92,160677,158595,46159,54530,20874,5704,4597,3795,5432,4210,3527,1872,1495,1197,1100,469,972,1086,513,1035,1263,943,754
ACSSF,2011m1,co,000,0049,0000026,,,,,,,,,,,,,,,,,,,,,,,,,,,,,,,,,,,,,,,,,,,,,,,,,,,,,,,,,,,,,,,,,,,,,,,,,,,,,,,,,,,,,,,,,,,,,,,,,,,,,,,,,,,,,,,,,,,,,,,,,152314,140292,109302,85081,79891,36021,36418,36418,.,.,19364,22108,4709,4536,3546,4165,3311,2759,2085,1810,1051,1236,801,1071,1173,544,1060,1121,925,782,1318,1101,646,4634,1997,1803,2200,1967,1298,1737,1652,1687,1435,4172,1935,1528,2030,1392,1085,1396,1346,1095,1115,2085,618,501,455,607,678,600,743,983,572,1251,193,443,365,810,84,579,431,278,292,1621,758,851,614,635,215,545,160,202,72,152314,109302,85081,36418,31454,4709,4536,3546,4165,3311,2759,2085,1810,1051,1236,801,1071,1553,1087,1214,1318,1101,646
ACSSF,2011m1,co,000,0049,0000027,,,,,,,,,,,,,,,,,,,,,,,,,,,,,,,,,,,,,,,,,,,,,,,,,,,,,,,,,,,,,,,,,,,,,,,,,,,,,,,,,,,,,,,,,,,,,,,,,,,,,,,,,,,,,,,,,,,,,,,,,,,,,,,,,,,,,3700,3167,2188,3343,2830,2009,1489,1061,935,491,174,457,261,228,162,214,214,193,1038,971,235,,,,,,,,,,,,,,,,,,,,,,,,,,,,,,,,,,,,,,,,,,,,,,,,,,,130464,113648,55141,45841,6651,3700,3167,2188,3343,2830,2009,1489,1061,935,491,174,457,306,314,162,1038,971,235
ACSSF,2011m1,co,000,0049,0000028,6744,2989,3331,3640,3410,2596,3530,1529,1898,2093,6861,2904,3496,3624,3440,2549,3391,1512,1845,1909,6699,2633,3246,3376,3318,2314,2834,1462,1824,1751,3196,984,988,1008,1127,865,1689,496,670,567,2822,911,976,872,1030,411,1665,496,497,382,1453,371,273,418,432,757,600,193,376,356,785,193,193,117,126,323,473,131,246,466,785,193,193,117,126,323,473,131,246,466,193,193,193,193,193,193,193,193,193,193,193,193,193,193,193,193,193,193,193,193,1234,867,519,178,282,212,607,193,193,328,950,553,352,315,241,263,194,132,193,292,228111,216230,218570,91838,77959,44814,33948,33948,.,.,45365,41788,6744,5899,5265,6655,5057,4873,3196,2835,1528,785,427,702,1198,585,1023,950,633,759,1368,1258,752,6744,2989,3331,3640,3410,2596,3530,1529,1898,2093,6699,2633,3246,3376,3318,2314,2834,1462,1824,1751,3196,984,988,1008,1127,865,1689,496,670,567,785,193,193,117,126,323,473,131,246,466,1625,1070,666,358,359,339,610,132,193,455,228111,218570,91838,33948,62217,6744,5899,5265,6655,5057,4873,3196,2835,1528,785,427,702,1611,880,1356,1368,1258,752
ACSSF,2011m1,co,000,0049,0000029,12084,3290,4020,4775,4414,3492,5604,4017,3710,4376,10977,3043,3766,4575,3775,3450,5244,3944,3504,3208,10018,2959,3799,4069,3358,3100,5066,3240,3267,2643,4288,1039,843,1575,1435,1338,1789,1340,1178,1311,3762,1009,851,1438,1387,1087,1288,1290,1164,805,1999,277,73,556,233,550,1262,319,301,1017,3787,402,996,827,1261,535,1114,955,1656,2300,3463,402,890,823,1131,472,989,837,1392,2024,1299,193,55,87,416,181,536,432,797,672,881,193,503,193,193,163,107,170,369,502,2439,1454,1545,1006,692,342,345,464,193,104,2080,742,763,1117,700,322,713,424,403,660,451691,372701,339845,147941,124313,81212,200573,181913,62567,42147,32128,84119,12583,10273,8876,10050,8485,6545,4276,2947,2851,3787,2537,3046,2384,981,2047,2080,1051,1854,2558,1625,1728,12084,3290,4020,4775,4414,3492,5604,4017,3710,4376,10018,2959,3799,4069,3358,3100,5066,3240,3267,2643,4288,1039,843,1575,1435,1338,1789,1340,1178,1311,3787,402,996,827,1261,535,1114,955,1656,2300,3305,1557,1816,1534,1034,487,781,641,403,672,451691,339845,147941,200573,93158,12583,10273,8876,10050,8485,6545,4276,2947,2851,3787,2537,3046,3301,1456,2950,2558,1625,1728
ACSSF,2011m1,co,000,0049,0000030,,,,,,,,,,,,,,,,,,,,,,,,,,,,,,,,,,,,,,,,,,,,,,,,,,,,,,,,,,,,,,,,,,,,,,,,,,,,,,,,,,,,,,,,,,,,,,,,,,,,,,,,,,,,,,,,,,,,,,,,,131870,115061,109267,33184,32736,9071,14133,14133,.,.,13244,38293,4458,3896,2794,4160,3349,2694,1711,1439,885,409,288,271,932,616,726,1300,770,1090,1144,952,649,4436,1768,2279,2618,1980,1110,1437,969,786,1075,4093,1586,2132,2458,1779,1060,1204,923,795,970,1711,482,633,658,760,367,417,239,223,189,409,193,115,272,128,193,105,88,144,123,1744,1362,517,597,493,170,603,191,193,227,131870,109267,33184,14133,41832,4458,3896,2794,4160,3349,2694,1711,1439,885,409,288,271,1714,1113,1369,1144,952,649
ACSSF,2011m1,co,000,0049,0000031,,,,,,,,,,,,,,,,,,,,,,,,,,,,,,,,,,,,,,,,,,,,,,,,,,,,,,,,,,,,,,,,,,,,,,,,,,,,,,,,,,,,,,,,,,,,,,,,,,,,,,,,,,,,,,,,,,,,,,,,,147073,139901,135966,30506,25301,18869,20521,20521,.,.,10239,26696,4230,3264,2930,4151,3147,2831,1168,738,867,513,210,442,550,424,355,896,784,482,685,486,464,4230,2067,1809,1954,1564,680,1335,652,717,1477,4162,1959,1700,2001,1446,668,971,577,559,1505,1168,784,332,304,219,103,592,111,193,258,513,193,196,193,193,193,424,244,193,79,1022,555,518,184,531,193,27,63,456,142,147073,135966,30506,20521,27619,4230,3264,2930,4151,3147,2831,1168,738,867,513,210,442,1026,892,558,685,486,464
ACSSF,2011m1,co,000,0049,0000032,,,,,,,,,,,,,,,,,,,,,,,,,,,,,,,,,,,,,,,,,,,,,,,,,,,,,,,,,,,,,,,,,,,,,,,,,,,,,,,,,,,,,,,,,,,,,,,,,,,,,,,,,,,,,,,,,,,,,,,,,,,,,,,,,,,,,2946,2210,1891,2464,1894,1427,732,529,486,251,129,219,868,336,735,196,196,193,1096,990,714,,,,,,,,,,,,,,,,,,,,,,,,,,,,,,,,,,,,,,,,,,,,,,,,,,,68525,60690,18096,19017,8288,2946,2210,1891,2464,1894,1427,732,529,486,251,129,219,886,389,735,1096,990,714
ACSSF,2011m1,co,000,0049,0000033,,,,,,,,,,,,,,,,,,,,,,,,,,,,,,,,,,,,,,,,,,,,,,,,,,,,,,,,,,,,,,,,,,,,,,,,,,,,,,,,,,,,,,,,,,,,,,,,,,,,,,,,,,,,,,,,,,,,,,,,,169370,155476,149318,62775,62061,15297,37927,37927,.,.,12983,46445,4947,4054,3664,4383,3617,3204,1356,1175,682,736,324,646,450,333,374,575,367,444,956,731,614,4642,1321,1710,2203,1604,927,1623,981,1336,1229,4383,1177,1658,2133,1561,922,1509,905,1132,1030,1356,303,431,519,339,255,641,595,561,529,736,193,412,358,208,193,117,116,253,384,764,404,262,242,226,362,390,105,92,320,169370,149318,62775,37927,48302,4947,4054,3664,4383,3617,3204,1356,1175,682,736,324,646,699,529,536,956,731,614
ACSSF,2011m1,co,000,0049,0000034,,,,,,,,,,,,,,,,,,,,,,,,,,,,,,,,,,,,,,,,,,,,,,,,,,,,,,,,,,,,,,,,,,,,,,,,,,,,,,,,,,,,,,,,,,,,,,,,,,,,,,,,,,,,,,,,,,,,,,,,,,,,,,,,,,,,,2382,2310,1666,2450,2245,1266,1011,683,726,324,287,126,598,373,495,342,344,225,1027,906,467,,,,,,,,,,,,,,,,,,,,,,,,,,,,,,,,,,,,,,,,,,,,,,,,,,,62999,61334,20578,11102,9147,2382,2310,1666,2450,2245,1266,1011,683,726,324,287,126,666,545,541,1027,906,467
ACSSF,2011m1,co,000,0049,0000035,,,,,,,,,,,,,,,,,,,,,,,,,,,,,,,,,,,,,,,,,,,,,,,,,,,,,,,,,,,,,,,,,,,,,,,,,,,,,,,,,,,,,,,,,,,,,,,,,,,,,,,,,,,,,,,,,,,,,,,,,,,,,,,,,,,,,3453,2655,2539,3133,2148,2424,1315,911,939,193,193,193,368,120,385,879,775,376,829,635,544,,,,,,,,,,,,,,,,,,,,,,,,,,,,,,,,,,,,,,,,,,,,,,,,,,,82076,69923,32442,.,21928,3453,2655,2539,3133,2148,2424,1315,911,939,193,193,193,968,787,581,829,635,544
ACSSF,2011m1,co,000,0049,0000036,,,,,,,,,,,,,,,,,,,,,,,,,,,,,,,,,,,,,,,,,,,,,,,,,,,,,,,,,,,,,,,,,,,,,,,,,,,,,,,,,,,,,,,,,,,,,,,,,,,,,,,,,,,,,,,,,,,,,,,,,166254,158146,153325,45081,43049,13352,21186,21186,.,.,6254,2539,3062,2553,2527,2926,2515,2302,1326,841,1082,279,111,253,588,109,588,192,171,154,498,298,403,,,,,,,,,,,,,,,,,,,,,,,,,,,,,,,,,,,,,,,,,,,,,,,,,,,166254,153325,45081,21186,7101,3062,2553,2527,2926,2515,2302,1326,841,1082,279,111,253,647,208,616,498,298,403
ACSSF,2011m1,co,000,0049,0000037,,,,,,,,,,,,,,,,,,,,,,,,,,,,,,,,,,,,,,,,,,,,,,,,,,,,,,,,,,,,,,,,,,,,,,,,,,,,,,,,,,,,,,,,,,,,,,,,,,,,,,,,,,,,,,,,,,,,,,,,,76198,73939,61745,24044,17071,20620,12022,12022,.,.,3450,.,3066,2297,1994,2518,2002,1619,866,617,755,292,193,292,217,196,84,193,193,193,762,725,290,,,,,,,,,,,,,,,,,,,,,,,,,,,,,,,,,,,,,,,,,,,,,,,,,,,76198,61745,24044,12022,3450,3066,2297,1994,2518,2002,1619,866,617,755,292,193,292,217,196,84,762,725,290
ACSSF,2011m1,co,000,0049,0000038,,,,,,,,,,,,,,,,,,,,,,,,,,,,,,,,,,,,,,,,,,,,,,,,,,,,,,,,,,,,,,,,,,,,,,,,,,,,,,,,,,,,,,,,,,,,,,,,,,,,,,,,,,,,,,,,,,,,,,,,,,,,,,,,,,,,,3711,3033,2241,3243,2836,1760,1240,823,854,894,183,844,396,222,318,287,76,227,801,660,521,,,,,,,,,,,,,,,,,,,,,,,,,,,,,,,,,,,,,,,,,,,,,,,,,,,94937,80699,43686,34330,13418,3711,3033,2241,3243,2836,1760,1240,823,854,894,183,844,550,234,451,801,660,521
ACSSF,2011m1,co,000,0049,0000039,,,,,,,,,,,,,,,,,,,,,,,,,,,,,,,,,,,,,,,,,,,,,,,,,,,,,,,,,,,,,,,,,,,,,,,,,,,,,,,,,,,,,,,,,,,,,,,,,,,,,,,,,,,,,,,,,,,,,,,,,152314,140292,109302,85081,79891,36021,36418,36418,.,.,19364,22108,4709,4536,3546,4165,3311,2759,2085,1810,1051,1236,801,1071,1173,544,1060,1121,925,782,1318,1101,646,4634,1997,1803,2200,1967,1298,1737,1652,1687,1435,4172,1935,1528,2030,1392,1085,1396,1346,1095,1115,2085,618,501,455,607,678,600,743,983,572,1251,193,443,365,810,84,579,431,278,292,1621,758,851,614,635,215,545,160,202,72,152314,109302,85081,36418,31454,4709,4536,3546,4165,3311,2759,2085,1810,1051,1236,801,1071,1553,1087,1214,1318,1101,646
ACSSF,2011m1,co,000,0049,0000040,6744,2989,3331,3640,3410,2596,3530,1529,1898,2093,6861,2904,3496,3624,3440,2549,3391,1512,1845,1909,6699,2633,3246,3376,3318,2314,2834,1462,1824,1751,3196,984,988,1008,1127,865,1689,496,670,567,2822,911,976,872,1030,411,1665,496,497,382,1453,371,273,418,432,757,600,193,376,356,785,193,193,117,126,323,473,131,246,466,785,193,193,117,126,323,473,131,246,466,193,193,193,193,193,193,193,193,193,193,193,193,193,193,193,193,193,193,193,193,1234,867,519,178,282,212,607,193,193,328,950,553,352,315,241,263,194,132,193,292,228111,216230,218570,91838,77959,44814,33948,33948,.,.,45365,41788,6744,5899,5265,6655,5057,4873,3196,2835,1528,785,427,702,1198,585,1023,950,633,759,1368,1258,752,6744,2989,3331,3640,3410,2596,3530,1529,1898,2093,6699,2633,3246,3376,3318,2314,2834,1462,1824,1751,3196,984,988,1008,1127,865,1689,496,670,567,785,193,193,117,126,323,473,131,246,466,1625,1070,666,358,359,339,610,132,193,455,228111,218570,91838,33948,62217,6744,5899,5265,6655,5057,4873,3196,2835,1528,785,427,702,1611,880,1356,1368,1258,752
ACSSF,2011m1,co,000,0049,0000041,,,,,,,,,,,,,,,,,,,,,,,,,,,,,,,,,,,,,,,,,,,,,,,,,,,,,,,,,,,,,,,,,,,,,,,,,,,,,,,,,,,,,,,,,,,,,,,,,,,,,,,,,,,,,,,,,,,,,,,,,,,,,,,,,,,,,5704,4597,3795,5432,4210,3527,1872,1495,1197,1100,469,972,859,270,855,545,436,507,1263,943,754,5563,2438,2383,2606,2824,2009,2494,2290,1558,1087,5434,1829,2231,2413,2586,1964,2282,2223,1482,880,1876,1071,549,631,605,370,939,437,292,373,1100,193,292,103,82,193,584,373,396,515,1095,633,398,420,360,96,522,50,117,92,160677,158595,46159,54530,20874,5704,4597,3795,5432,4210,3527,1872,1495,1197,1100,469,972,1086,513,1035,1263,943,754
ACSSF,2011m1,co,000,0049,0000042,12084,3290,4020,4775,4414,3492,5604,4017,3710,4376,10977,3043,3766,4575,3775,3450,5244,3944,3504,3208,10018,2959,3799,4069,3358,3100,5066,3240,3267,2643,4288,1039,843,1575,1435,1338,1789,1340,1178,1311,3762,1009,851,1438,1387,1087,1288,1290,1164,805,1999,277,73,556,233,550,1262,319,301,1017,3787,402,996,827,1261,535,1114,955,1656,2300,3463,402,890,823,1131,472,989,837,1392,2024,1299,193,55,87,416,181,536,432,797,672,881,193,503,193,193,163,107,170,369,502,2439,1454,1545,1006,692,342,345,464,193,104,2080,742,763,1117,700,322,713,424,403,660,451691,372701,339845,147941,124313,81212,200573,181913,62567,42147,32128,84119,12583,10273,8876,10050,8485,6545,4276,2947,2851,3787,2537,3046,2384,981,2047,2080,1051,1854,2558,1625,1728,12084,3290,4020,4775,4414,3492,5604,4017,3710,4376,10018,2959,3799,4069,3358,3100,5066,3240,3267,2643,4288,1039,843,1575,1435,1338,1789,1340,1178,1311,3787,402,996,827,1261,535,1114,955,1656,2300,3305,1557,1816,1534,1034,487,781,641,403,672,451691,339845,147941,200573,93158,12583,10273,8876,10050,8485,6545,4276,2947,2851,3787,2537,3046,3301,1456,2950,2558,1625,1728
ACSSF,2011m1,co,000,0049,0000043,,,,,,,,,,,,,,,,,,,,,,,,,,,,,,,,,,,,,,,,,,,,,,,,,,,,,,,,,,,,,,,,,,,,,,,,,,,,,,,,,,,,,,,,,,,,,,,,,,,,,,,,,,,,,,,,,,,,,,,,,131870,115061,109267,33184,32736,9071,14133,14133,.,.,13244,38293,4458,3896,2794,4160,3349,2694,1711,1439,885,409,288,271,932,616,726,1300,770,1090,1144,952,649,4436,1768,2279,2618,1980,1110,1437,969,786,1075,4093,1586,2132,2458,1779,1060,1204,923,795,970,1711,482,633,658,760,367,417,239,223,189,409,193,115,272,128,193,105,88,144,123,1744,1362,517,597,493,170,603,191,193,227,131870,109267,33184,14133,41832,4458,3896,2794,4160,3349,2694,1711,1439,885,409,288,271,1714,1113,1369,1144,952,649
ACSSF,2011m1,co,000,0049,0000044,,,,,,,,,,,,,,,,,,,,,,,,,,,,,,,,,,,,,,,,,,,,,,,,,,,,,,,,,,,,,,,,,,,,,,,,,,,,,,,,,,,,,,,,,,,,,,,,,,,,,,,,,,,,,,,,,,,,,,,,,,,,,,,,,,,,,3453,2655,2539,3133,2148,2424,1315,911,939,193,193,193,368,120,385,879,775,376,829,635,544,,,,,,,,,,,,,,,,,,,,,,,,,,,,,,,,,,,,,,,,,,,,,,,,,,,82076,69923,32442,.,21928,3453,2655,2539,3133,2148,2424,1315,911,939,193,193,193,968,787,581,829,635,544
ACSSF,2011m1,co,000,0049,0000045,,,,,,,,,,,,,,,,,,,,,,,,,,,,,,,,,,,,,,,,,,,,,,,,,,,,,,,,,,,,,,,,,,,,,,,,,,,,,,,,,,,,,,,,,,,,,,,,,,,,,,,,,,,,,,,,,,,,,,,,,147073,139901,135966,30506,25301,18869,20521,20521,.,.,10239,26696,4230,3264,2930,4151,3147,2831,1168,738,867,513,210,442,550,424,355,896,784,482,685,486,464,4230,2067,1809,1954,1564,680,1335,652,717,1477,4162,1959,1700,2001,1446,668,971,577,559,1505,1168,784,332,304,219,103,592,111,193,258,513,193,196,193,193,193,424,244,193,79,1022,555,518,184,531,193,27,63,456,142,147073,135966,30506,20521,27619,4230,3264,2930,4151,3147,2831,1168,738,867,513,210,442,1026,892,558,685,486,464
ACSSF,2011m1,co,000,0049,0000046,,,,,,,,,,,,,,,,,,,,,,,,,,,,,,,,,,,,,,,,,,,,,,,,,,,,,,,,,,,,,,,,,,,,,,,,,,,,,,,,,,,,,,,,,,,,,,,,,,,,,,,,,,,,,,,,,,,,,,,,,166254,158146,153325,45081,43049,13352,21186,21186,.,.,6254,2539,3062,2553,2527,2926,2515,2302,1326,841,1082,279,111,253,588,109,588,192,171,154,498,298,403,,,,,,,,,,,,,,,,,,,,,,,,,,,,,,,,,,,,,,,,,,,,,,,,,,,166254,153325,45081,21186,7101,3062,2553,2527,2926,2515,2302,1326,841,1082,279,111,253,647,208,616,498,298,403
ACSSF,2011m1,co,000,0049,0000047,,,,,,,,,,,,,,,,,,,,,,,,,,,,,,,,,,,,,,,,,,,,,,,,,,,,,,,,,,,,,,,,,,,,,,,,,,,,,,,,,,,,,,,,,,,,,,,,,,,,,,,,,,,,,,,,,,,,,,,,,,,,,,,,,,,,,,,,,,,,,,,,,,,,,,,,,,,,,,,,,,,,,,,,,,,,,,,,,,,,,,,,,,,,,,,,,,,,,,,,,,,,,,,,,,,,,,,,,,,,,,,,,,
ACSSF,2011m1,co,000,0049,0000048,,,,,,,,,,,,,,,,,,,,,,,,,,,,,,,,,,,,,,,,,,,,,,,,,,,,,,,,,,,,,,,,,,,,,,,,,,,,,,,,,,,,,,,,,,,,,,,,,,,,,,,,,,,,,,,,,,,,,,,,,,,,,,,,,,,,,,,,,,,,,,,,,,,,,,,,,,,,,,,,,,,,,,,,,,,,,,,,,,,,,,,,,,,,,,,,,,,,,,,,,,,,,,,,,,,,,,,,,,,,,,,,,,
ACSSF,2011m1,co,000,0049,0000049,,,,,,,,,,,,,,,,,,,,,,,,,,,,,,,,,,,,,,,,,,,,,,,,,,,,,,,,,,,,,,,,,,,,,,,,,,,,,,,,,,,,,,,,,,,,,,,,,,,,,,,,,,,,,,,,,,,,,,,,,,,,,,,,,,,,,,,,,,,,,,,,,,,,,,,,,,,,,,,,,,,,,,,,,,,,,,,,,,,,,,,,,,,,,,,,,,,,,,,,,,,,,,,,,,,,,,,,,,,,,,,,,,
ACSSF,2011m1,co,000,0049,0000050,,,,,,,,,,,,,,,,,,,,,,,,,,,,,,,,,,,,,,,,,,,,,,,,,,,,,,,,,,,,,,,,,,,,,,,,,,,,,,,,,,,,,,,,,,,,,,,,,,,,,,,,,,,,,,,,,,,,,,,,,,,,,,,,,,,,,,,,,,,,,,,,,,,,,,,,,,,,,,,,,,,,,,,,,,,,,,,,,,,,,,,,,,,,,,,,,,,,,,,,,,,,,,,,,,,,,,,,,,,,,,,,,,
ACSSF,2011m1,co,000,0049,0000051,,,,,,,,,,,,,,,,,,,,,,,,,,,,,,,,,,,,,,,,,,,,,,,,,,,,,,,,,,,,,,,,,,,,,,,,,,,,,,,,,,,,,,,,,,,,,,,,,,,,,,,,,,,,,,,,,,,,,,,,,,,,,,,,,,,,,,,,,,,,,,,,,,,,,,,,,,,,,,,,,,,,,,,,,,,,,,,,,,,,,,,,,,,,,,,,,,,,,,,,,,,,,,,,,,,,,,,,,,,,,,,,,,
ACSSF,2011m1,co,000,0049,0000052,,,,,,,,,,,,,,,,,,,,,,,,,,,,,,,,,,,,,,,,,,,,,,,,,,,,,,,,,,,,,,,,,,,,,,,,,,,,,,,,,,,,,,,,,,,,,,,,,,,,,,,,,,,,,,,,,,,,,,,,,,,,,,,,,,,,,,,,,,,,,,,,,,,,,,,,,,,,,,,,,,,,,,,,,,,,,,,,,,,,,,,,,,,,,,,,,,,,,,,,,,,,,,,,,,,,,,,,,,,,,,,,,,
ACSSF,2011m1,co,000,0049,0000053,,,,,,,,,,,,,,,,,,,,,,,,,,,,,,,,,,,,,,,,,,,,,,,,,,,,,,,,,,,,,,,,,,,,,,,,,,,,,,,,,,,,,,,,,,,,,,,,,,,,,,,,,,,,,,,,,,,,,,,,,,,,,,,,,,,,,,,,,,,,,,,,,,,,,,,,,,,,,,,,,,,,,,,,,,,,,,,,,,,,,,,,,,,,,,,,,,,,,,,,,,,,,,,,,,,,,,,,,,,,,,,,,,
ACSSF,2011m1,co,000,0049,0000054,,,,,,,,,,,,,,,,,,,,,,,,,,,,,,,,,,,,,,,,,,,,,,,,,,,,,,,,,,,,,,,,,,,,,,,,,,,,,,,,,,,,,,,,,,,,,,,,,,,,,,,,,,,,,,,,,,,,,,,,,,,,,,,,,,,,,,,,,,,,,,,,,,,,,,,,,,,,,,,,,,,,,,,,,,,,,,,,,,,,,,,,,,,,,,,,,,,,,,,,,,,,,,,,,,,,,,,,,,,,,,,,,,
ACSSF,2011m1,co,000,0049,0000055,,,,,,,,,,,,,,,,,,,,,,,,,,,,,,,,,,,,,,,,,,,,,,,,,,,,,,,,,,,,,,,,,,,,,,,,,,,,,,,,,,,,,,,,,,,,,,,,,,,,,,,,,,,,,,,,,,,,,,,,,,,,,,,,,,,,,,,,,,,,,,,,,,,,,,,,,,,,,,,,,,,,,,,,,,,,,,,,,,,,,,,,,,,,,,,,,,,,,,,,,,,,,,,,,,,,,,,,,,,,,,,,,,
ACSSF,2011m1,co,000,0049,0000056,,,,,,,,,,,,,,,,,,,,,,,,,,,,,,,,,,,,,,,,,,,,,,,,,,,,,,,,,,,,,,,,,,,,,,,,,,,,,,,,,,,,,,,,,,,,,,,,,,,,,,,,,,,,,,,,,,,,,,,,,,,,,,,,,,,,,,,,,,,,,,,,,,,,,,,,,,,,,,,,,,,,,,,,,,,,,,,,,,,,,,,,,,,,,,,,,,,,,,,,,,,,,,,,,,,,,,,,,,,,,,,,,,
ACSSF,2011m1,co,000,0049,0000057,,,,,,,,,,,,,,,,,,,,,,,,,,,,,,,,,,,,,,,,,,,,,,,,,,,,,,,,,,,,,,,,,,,,,,,,,,,,,,,,,,,,,,,,,,,,,,,,,,,,,,,,,,,,,,,,,,,,,,,,,,,,,,,,,,,,,,,,,,,,,,,,,,,,,,,,,,,,,,,,,,,,,,,,,,,,,,,,,,,,,,,,,,,,,,,,,,,,,,,,,,,,,,,,,,,,,,,,,,,,,,,,,,
ACSSF,2011m1,co,000,0049,0000058,,,,,,,,,,,,,,,,,,,,,,,,,,,,,,,,,,,,,,,,,,,,,,,,,,,,,,,,,,,,,,,,,,,,,,,,,,,,,,,,,,,,,,,,,,,,,,,,,,,,,,,,,,,,,,,,,,,,,,,,,,,,,,,,,,,,,,,,,,,,,,,,,,,,,,,,,,,,,,,,,,,,,,,,,,,,,,,,,,,,,,,,,,,,,,,,,,,,,,,,,,,,,,,,,,,,,,,,,,,,,,,,,,
ACSSF,2011m1,co,000,0049,0000059,,,,,,,,,,,,,,,,,,,,,,,,,,,,,,,,,,,,,,,,,,,,,,,,,,,,,,,,,,,,,,,,,,,,,,,,,,,,,,,,,,,,,,,,,,,,,,,,,,,,,,,,,,,,,,,,,,,,,,,,,,,,,,,,,,,,,,,,,,,,,,,,,,,,,,,,,,,,,,,,,,,,,,,,,,,,,,,,,,,,,,,,,,,,,,,,,,,,,,,,,,,,,,,,,,,,,,,,,,,,,,,,,,
ACSSF,2011m1,co,000,0049,0000060,,,,,,,,,,,,,,,,,,,,,,,,,,,,,,,,,,,,,,,,,,,,,,,,,,,,,,,,,,,,,,,,,,,,,,,,,,,,,,,,,,,,,,,,,,,,,,,,,,,,,,,,,,,,,,,,,,,,,,,,,,,,,,,,,,,,,,,,,,,,,,,,,,,,,,,,,,,,,,,,,,,,,,,,,,,,,,,,,,,,,,,,,,,,,,,,,,,,,,,,,,,,,,,,,,,,,,,,,,,,,,,,,,
ACSSF,2011m1,co,000,0049,0000061,,,,,,,,,,,,,,,,,,,,,,,,,,,,,,,,,,,,,,,,,,,,,,,,,,,,,,,,,,,,,,,,,,,,,,,,,,,,,,,,,,,,,,,,,,,,,,,,,,,,,,,,,,,,,,,,,,,,,,,,,,,,,,,,,,,,,,,,,,,,,,,,,,,,,,,,,,,,,,,,,,,,,,,,,,,,,,,,,,,,,,,,,,,,,,,,,,,,,,,,,,,,,,,,,,,,,,,,,,,,,,,,,,
ACSSF,2011m1,co,000,0049,0000062,,,,,,,,,,,,,,,,,,,,,,,,,,,,,,,,,,,,,,,,,,,,,,,,,,,,,,,,,,,,,,,,,,,,,,,,,,,,,,,,,,,,,,,,,,,,,,,,,,,,,,,,,,,,,,,,,,,,,,,,,,,,,,,,,,,,,,,,,,,,,,,,,,,,,,,,,,,,,,,,,,,,,,,,,,,,,,,,,,,,,,,,,,,,,,,,,,,,,,,,,,,,,,,,,,,,,,,,,,,,,,,,,,
ACSSF,2011m1,co,000,0049,0000063,,,,,,,,,,,,,,,,,,,,,,,,,,,,,,,,,,,,,,,,,,,,,,,,,,,,,,,,,,,,,,,,,,,,,,,,,,,,,,,,,,,,,,,,,,,,,,,,,,,,,,,,,,,,,,,,,,,,,,,,,,,,,,,,,,,,,,,,,,,,,,,,,,,,,,,,,,,,,,,,,,,,,,,,,,,,,,,,,,,,,,,,,,,,,,,,,,,,,,,,,,,,,,,,,,,,,,,,,,,,,,,,,,
ACSSF,2011m1,co,000,0049,0000064,,,,,,,,,,,,,,,,,,,,,,,,,,,,,,,,,,,,,,,,,,,,,,,,,,,,,,,,,,,,,,,,,,,,,,,,,,,,,,,,,,,,,,,,,,,,,,,,,,,,,,,,,,,,,,,,,,,,,,,,,,,,,,,,,,,,,,,,,,,,,,,,,,,,,,,,,,,,,,,,,,,,,,,,,,,,,,,,,,,,,,,,,,,,,,,,,,,,,,,,,,,,,,,,,,,,,,,,,,,,,,,,,,
ACSSF,2011m1,co,000,0049,0000065,,,,,,,,,,,,,,,,,,,,,,,,,,,,,,,,,,,,,,,,,,,,,,,,,,,,,,,,,,,,,,,,,,,,,,,,,,,,,,,,,,,,,,,,,,,,,,,,,,,,,,,,,,,,,,,,,,,,,,,,,,,,,,,,,,,,,,,,,,,,,,,,,,,,,,,,,,,,,,,,,,,,,,,,,,,,,,,,,,,,,,,,,,,,,,,,,,,,,,,,,,,,,,,,,,,,,,,,,,,,,,,,,,
ACSSF,2011m1,co,000,0049,0000066,,,,,,,,,,,,,,,,,,,,,,,,,,,,,,,,,,,,,,,,,,,,,,,,,,,,,,,,,,,,,,,,,,,,,,,,,,,,,,,,,,,,,,,,,,,,,,,,,,,,,,,,,,,,,,,,,,,,,,,,,,,,,,,,,,,,,,,,,,,,,,,,,,,,,,,,,,,,,,,,,,,,,,,,,,,,,,,,,,,,,,,,,,,,,,,,,,,,,,,,,,,,,,,,,,,,,,,,,,,,,,,,,,
ACSSF,2011m1,co,000,0049,0000067,,,,,,,,,,,,,,,,,,,,,,,,,,,,,,,,,,,,,,,,,,,,,,,,,,,,,,,,,,,,,,,,,,,,,,,,,,,,,,,,,,,,,,,,,,,,,,,,,,,,,,,,,,,,,,,,,,,,,,,,,,,,,,,,,,,,,,,,,,,,,,,,,,,,,,,,,,,,,,,,,,,,,,,,,,,,,,,,,,,,,,,,,,,,,,,,,,,,,,,,,,,,,,,,,,,,,,,,,,,,,,,,,,
ACSSF,2011m1,co,000,0049,0000068,,,,,,,,,,,,,,,,,,,,,,,,,,,,,,,,,,,,,,,,,,,,,,,,,,,,,,,,,,,,,,,,,,,,,,,,,,,,,,,,,,,,,,,,,,,,,,,,,,,,,,,,,,,,,,,,,,,,,,,,,,,,,,,,,,,,,,,,,,,,,,,,,,,,,,,,,,,,,,,,,,,,,,,,,,,,,,,,,,,,,,,,,,,,,,,,,,,,,,,,,,,,,,,,,,,,,,,,,,,,,,,,,,
ACSSF,2011m1,co,000,0049,0000069,,,,,,,,,,,,,,,,,,,,,,,,,,,,,,,,,,,,,,,,,,,,,,,,,,,,,,,,,,,,,,,,,,,,,,,,,,,,,,,,,,,,,,,,,,,,,,,,,,,,,,,,,,,,,,,,,,,,,,,,,,,,,,,,,,,,,,,,,,,,,,,,,,,,,,,,,,,,,,,,,,,,,,,,,,,,,,,,,,,,,,,,,,,,,,,,,,,,,,,,,,,,,,,,,,,,,,,,,,,,,,,,,,
ACSSF,2011m1,co,000,0049,0000070,,,,,,,,,,,,,,,,,,,,,,,,,,,,,,,,,,,,,,,,,,,,,,,,,,,,,,,,,,,,,,,,,,,,,,,,,,,,,,,,,,,,,,,,,,,,,,,,,,,,,,,,,,,,,,,,,,,,,,,,,,,,,,,,,,,,,,,,,,,,,,,,,,,,,,,,,,,,,,,,,,,,,,,,,,,,,,,,,,,,,,,,,,,,,,,,,,,,,,,,,,,,,,,,,,,,,,,,,,,,,,,,,,
ACSSF,2011m1,co,000,0049,0000071,,,,,,,,,,,,,,,,,,,,,,,,,,,,,,,,,,,,,,,,,,,,,,,,,,,,,,,,,,,,,,,,,,,,,,,,,,,,,,,,,,,,,,,,,,,,,,,,,,,,,,,,,,,,,,,,,,,,,,,,,,,,,,,,,,,,,,,,,,,,,,,,,,,,,,,,,,,,,,,,,,,,,,,,,,,,,,,,,,,,,,,,,,,,,,,,,,,,,,,,,,,,,,,,,,,,,,,,,,,,,,,,,,
ACSSF,2011m1,co,000,0049,0000072,,,,,,,,,,,,,,,,,,,,,,,,,,,,,,,,,,,,,,,,,,,,,,,,,,,,,,,,,,,,,,,,,,,,,,,,,,,,,,,,,,,,,,,,,,,,,,,,,,,,,,,,,,,,,,,,,,,,,,,,,,,,,,,,,,,,,,,,,,,,,,,,,,,,,,,,,,,,,,,,,,,,,,,,,,,,,,,,,,,,,,,,,,,,,,,,,,,,,,,,,,,,,,,,,,,,,,,,,,,,,,,,,,
ACSSF,2011m1,co,000,0049,0000073,,,,,,,,,,,,,,,,,,,,,,,,,,,,,,,,,,,,,,,,,,,,,,,,,,,,,,,,,,,,,,,,,,,,,,,,,,,,,,,,,,,,,,,,,,,,,,,,,,,,,,,,,,,,,,,,,,,,,,,,,,,,,,,,,,,,,,,,,,,,,,,,,,,,,,,,,,,,,,,,,,,,,,,,,,,,,,,,,,,,,,,,,,,,,,,,,,,,,,,,,,,,,,,,,,,,,,,,,,,,,,,,,,
ACSSF,2011m1,co,000,0049,0000074,,,,,,,,,,,,,,,,,,,,,,,,,,,,,,,,,,,,,,,,,,,,,,,,,,,,,,,,,,,,,,,,,,,,,,,,,,,,,,,,,,,,,,,,,,,,,,,,,,,,,,,,,,,,,,,,,,,,,,,,,,,,,,,,,,,,,,,,,,,,,,,,,,,,,,,,,,,,,,,,,,,,,,,,,,,,,,,,,,,,,,,,,,,,,,,,,,,,,,,,,,,,,,,,,,,,,,,,,,,,,,,,,,
ACSSF,2011m1,co,000,0049,0000075,,,,,,,,,,,,,,,,,,,,,,,,,,,,,,,,,,,,,,,,,,,,,,,,,,,,,,,,,,,,,,,,,,,,,,,,,,,,,,,,,,,,,,,,,,,,,,,,,,,,,,,,,,,,,,,,,,,,,,,,,,,,,,,,,,,,,,,,,,,,,,,,,,,,,,,,,,,,,,,,,,,,,,,,,,,,,,,,,,,,,,,,,,,,,,,,,,,,,,,,,,,,,,,,,,,,,,,,,,,,,,,,,,
ACSSF,2011m1,co,000,0049,0000076,,,,,,,,,,,,,,,,,,,,,,,,,,,,,,,,,,,,,,,,,,,,,,,,,,,,,,,,,,,,,,,,,,,,,,,,,,,,,,,,,,,,,,,,,,,,,,,,,,,,,,,,,,,,,,,,,,,,,,,,,,,,,,,,,,,,,,,,,,,,,,,,,,,,,,,,,,,,,,,,,,,,,,,,,,,,,,,,,,,,,,,,,,,,,,,,,,,,,,,,,,,,,,,,,,,,,,,,,,,,,,,,,,
ACSSF,2011m1,co,000,0049,0000077,,,,,,,,,,,,,,,,,,,,,,,,,,,,,,,,,,,,,,,,,,,,,,,,,,,,,,,,,,,,,,,,,,,,,,,,,,,,,,,,,,,,,,,,,,,,,,,,,,,,,,,,,,,,,,,,,,,,,,,,,,,,,,,,,,,,,,,,,,,,,,,,,,,,,,,,,,,,,,,,,,,,,,,,,,,,,,,,,,,,,,,,,,,,,,,,,,,,,,,,,,,,,,,,,,,,,,,,,,,,,,,,,,
ACSSF,2011m1,co,000,0049,0000078,,,,,,,,,,,,,,,,,,,,,,,,,,,,,,,,,,,,,,,,,,,,,,,,,,,,,,,,,,,,,,,,,,,,,,,,,,,,,,,,,,,,,,,,,,,,,,,,,,,,,,,,,,,,,,,,,,,,,,,,,,,,,,,,,,,,,,,,,,,,,,,,,,,,,,,,,,,,,,,,,,,,,,,,,,,,,,,,,,,,,,,,,,,,,,,,,,,,,,,,,,,,,,,,,,,,,,,,,,,,,,,,,,
ACSSF,2011m1,co,000,0049,0000079,,,,,,,,,,,,,,,,,,,,,,,,,,,,,,,,,,,,,,,,,,,,,,,,,,,,,,,,,,,,,,,,,,,,,,,,,,,,,,,,,,,,,,,,,,,,,,,,,,,,,,,,,,,,,,,,,,,,,,,,,,,,,,,,,,,,,,,,,,,,,,,,,,,,,,,,,,,,,,,,,,,,,,,,,,,,,,,,,,,,,,,,,,,,,,,,,,,,,,,,,,,,,,,,,,,,,,,,,,,,,,,,,,
ACSSF,2011m1,co,000,0049,0000080,,,,,,,,,,,,,,,,,,,,,,,,,,,,,,,,,,,,,,,,,,,,,,,,,,,,,,,,,,,,,,,,,,,,,,,,,,,,,,,,,,,,,,,,,,,,,,,,,,,,,,,,,,,,,,,,,,,,,,,,,,,,,,,,,,,,,,,,,,,,,,,,,,,,,,,,,,,,,,,,,,,,,,,,,,,,,,,,,,,,,,,,,,,,,,,,,,,,,,,,,,,,,,,,,,,,,,,,,,,,,,,,,,
ACSSF,2011m1,co,000,0049,0000081,,,,,,,,,,,,,,,,,,,,,,,,,,,,,,,,,,,,,,,,,,,,,,,,,,,,,,,,,,,,,,,,,,,,,,,,,,,,,,,,,,,,,,,,,,,,,,,,,,,,,,,,,,,,,,,,,,,,,,,,,,,,,,,,,,,,,,,,,,,,,,,,,,,,,,,,,,,,,,,,,,,,,,,,,,,,,,,,,,,,,,,,,,,,,,,,,,,,,,,,,,,,,,,,,,,,,,,,,,,,,,,,,,
ACSSF,2011m1,co,000,0049,0000082,,,,,,,,,,,,,,,,,,,,,,,,,,,,,,,,,,,,,,,,,,,,,,,,,,,,,,,,,,,,,,,,,,,,,,,,,,,,,,,,,,,,,,,,,,,,,,,,,,,,,,,,,,,,,,,,,,,,,,,,,,,,,,,,,,,,,,,,,,,,,,,,,,,,,,,,,,,,,,,,,,,,,,,,,,,,,,,,,,,,,,,,,,,,,,,,,,,,,,,,,,,,,,,,,,,,,,,,,,,,,,,,,,
ACSSF,2011m1,co,000,0049,0000083,,,,,,,,,,,,,,,,,,,,,,,,,,,,,,,,,,,,,,,,,,,,,,,,,,,,,,,,,,,,,,,,,,,,,,,,,,,,,,,,,,,,,,,,,,,,,,,,,,,,,,,,,,,,,,,,,,,,,,,,,,,,,,,,,,,,,,,,,,,,,,,,,,,,,,,,,,,,,,,,,,,,,,,,,,,,,,,,,,,,,,,,,,,,,,,,,,,,,,,,,,,,,,,,,,,,,,,,,,,,,,,,,,
ACSSF,2011m1,co,000,0049,0000084,,,,,,,,,,,,,,,,,,,,,,,,,,,,,,,,,,,,,,,,,,,,,,,,,,,,,,,,,,,,,,,,,,,,,,,,,,,,,,,,,,,,,,,,,,,,,,,,,,,,,,,,,,,,,,,,,,,,,,,,,,,,,,,,,,,,,,,,,,,,,,,,,,,,,,,,,,,,,,,,,,,,,,,,,,,,,,,,,,,,,,,,,,,,,,,,,,,,,,,,,,,,,,,,,,,,,,,,,,,,,,,,,,
ACSSF,2011m1,co,000,0049,0000085,,,,,,,,,,,,,,,,,,,,,,,,,,,,,,,,,,,,,,,,,,,,,,,,,,,,,,,,,,,,,,,,,,,,,,,,,,,,,,,,,,,,,,,,,,,,,,,,,,,,,,,,,,,,,,,,,,,,,,,,,,,,,,,,,,,,,,,,,,,,,,,,,,,,,,,,,,,,,,,,,,,,,,,,,,,,,,,,,,,,,,,,,,,,,,,,,,,,,,,,,,,,,,,,,,,,,,,,,,,,,,,,,,
ACSSF,2011m1,co,000,0049,0000086,,,,,,,,,,,,,,,,,,,,,,,,,,,,,,,,,,,,,,,,,,,,,,,,,,,,,,,,,,,,,,,,,,,,,,,,,,,,,,,,,,,,,,,,,,,,,,,,,,,,,,,,,,,,,,,,,,,,,,,,,,,,,,,,,,,,,,,,,,,,,,,,,,,,,,,,,,,,,,,,,,,,,,,,,,,,,,,,,,,,,,,,,,,,,,,,,,,,,,,,,,,,,,,,,,,,,,,,,,,,,,,,,,
ACSSF,2011m1,co,000,0049,0000087,,,,,,,,,,,,,,,,,,,,,,,,,,,,,,,,,,,,,,,,,,,,,,,,,,,,,,,,,,,,,,,,,,,,,,,,,,,,,,,,,,,,,,,,,,,,,,,,,,,,,,,,,,,,,,,,,,,,,,,,,,,,,,,,,,,,,,,,,,,,,,,,,,,,,,,,,,,,,,,,,,,,,,,,,,,,,,,,,,,,,,,,,,,,,,,,,,,,,,,,,,,,,,,,,,,,,,,,,,,,,,,,,,
ACSSF,2011m1,co,000,0049,0000088,,,,,,,,,,,,,,,,,,,,,,,,,,,,,,,,,,,,,,,,,,,,,,,,,,,,,,,,,,,,,,,,,,,,,,,,,,,,,,,,,,,,,,,,,,,,,,,,,,,,,,,,,,,,,,,,,,,,,,,,,,,,,,,,,,,,,,,,,,,,,,,,,,,,,,,,,,,,,,,,,,,,,,,,,,,,,,,,,,,,,,,,,,,,,,,,,,,,,,,,,,,,,,,,,,,,,,,,,,,,,,,,,,
ACSSF,2011m1,co,000,0049,0000089,,,,,,,,,,,,,,,,,,,,,,,,,,,,,,,,,,,,,,,,,,,,,,,,,,,,,,,,,,,,,,,,,,,,,,,,,,,,,,,,,,,,,,,,,,,,,,,,,,,,,,,,,,,,,,,,,,,,,,,,,,,,,,,,,,,,,,,,,,,,,,,,,,,,,,,,,,,,,,,,,,,,,,,,,,,,,,,,,,,,,,,,,,,,,,,,,,,,,,,,,,,,,,,,,,,,,,,,,,,,,,,,,,
ACSSF,2011m1,co,000,0049,0000090,,,,,,,,,,,,,,,,,,,,,,,,,,,,,,,,,,,,,,,,,,,,,,,,,,,,,,,,,,,,,,,,,,,,,,,,,,,,,,,,,,,,,,,,,,,,,,,,,,,,,,,,,,,,,,,,,,,,,,,,,,,,,,,,,,,,,,,,,,,,,,,,,,,,,,,,,,,,,,,,,,,,,,,,,,,,,,,,,,,,,,,,,,,,,,,,,,,,,,,,,,,,,,,,,,,,,,,,,,,,,,,,,,
ACSSF,2011m1,co,000,0049,0000091,,,,,,,,,,,,,,,,,,,,,,,,,,,,,,,,,,,,,,,,,,,,,,,,,,,,,,,,,,,,,,,,,,,,,,,,,,,,,,,,,,,,,,,,,,,,,,,,,,,,,,,,,,,,,,,,,,,,,,,,,,,,,,,,,,,,,,,,,,,,,,,,,,,,,,,,,,,,,,,,,,,,,,,,,,,,,,,,,,,,,,,,,,,,,,,,,,,,,,,,,,,,,,,,,,,,,,,,,,,,,,,,,,
ACSSF,2011m1,co,000,0049,0000092,,,,,,,,,,,,,,,,,,,,,,,,,,,,,,,,,,,,,,,,,,,,,,,,,,,,,,,,,,,,,,,,,,,,,,,,,,,,,,,,,,,,,,,,,,,,,,,,,,,,,,,,,,,,,,,,,,,,,,,,,,,,,,,,,,,,,,,,,,,,,,,,,,,,,,,,,,,,,,,,,,,,,,,,,,,,,,,,,,,,,,,,,,,,,,,,,,,,,,,,,,,,,,,,,,,,,,,,,,,,,,,,,,
ACSSF,2011m1,co,000,0049,0000093,,,,,,,,,,,,,,,,,,,,,,,,,,,,,,,,,,,,,,,,,,,,,,,,,,,,,,,,,,,,,,,,,,,,,,,,,,,,,,,,,,,,,,,,,,,,,,,,,,,,,,,,,,,,,,,,,,,,,,,,,,,,,,,,,,,,,,,,,,,,,,,,,,,,,,,,,,,,,,,,,,,,,,,,,,,,,,,,,,,,,,,,,,,,,,,,,,,,,,,,,,,,,,,,,,,,,,,,,,,,,,,,,,
ACSSF,2011m1,co,000,0049,0000094,,,,,,,,,,,,,,,,,,,,,,,,,,,,,,,,,,,,,,,,,,,,,,,,,,,,,,,,,,,,,,,,,,,,,,,,,,,,,,,,,,,,,,,,,,,,,,,,,,,,,,,,,,,,,,,,,,,,,,,,,,,,,,,,,,,,,,,,,,,,,,,,,,,,,,,,,,,,,,,,,,,,,,,,,,,,,,,,,,,,,,,,,,,,,,,,,,,,,,,,,,,,,,,,,,,,,,,,,,,,,,,,,,
ACSSF,2011m1,co,000,0049,0000095,,,,,,,,,,,,,,,,,,,,,,,,,,,,,,,,,,,,,,,,,,,,,,,,,,,,,,,,,,,,,,,,,,,,,,,,,,,,,,,,,,,,,,,,,,,,,,,,,,,,,,,,,,,,,,,,,,,,,,,,,,,,,,,,,,,,,,,,,,,,,,,,,,,,,,,,,,,,,,,,,,,,,,,,,,,,,,,,,,,,,,,,,,,,,,,,,,,,,,,,,,,,,,,,,,,,,,,,,,,,,,,,,,
ACSSF,2011m1,co,000,0049,0000096,,,,,,,,,,,,,,,,,,,,,,,,,,,,,,,,,,,,,,,,,,,,,,,,,,,,,,,,,,,,,,,,,,,,,,,,,,,,,,,,,,,,,,,,,,,,,,,,,,,,,,,,,,,,,,,,,,,,,,,,,,,,,,,,,,,,,,,,,,,,,,,,,,,,,,,,,,,,,,,,,,,,,,,,,,,,,,,,,,,,,,,,,,,,,,,,,,,,,,,,,,,,,,,,,,,,,,,,,,,,,,,,,,
ACSSF,2011m1,co,000,0049,0000097,,,,,,,,,,,,,,,,,,,,,,,,,,,,,,,,,,,,,,,,,,,,,,,,,,,,,,,,,,,,,,,,,,,,,,,,,,,,,,,,,,,,,,,,,,,,,,,,,,,,,,,,,,,,,,,,,,,,,,,,,,,,,,,,,,,,,,,,,,,,,,,,,,,,,,,,,,,,,,,,,,,,,,,,,,,,,,,,,,,,,,,,,,,,,,,,,,,,,,,,,,,,,,,,,,,,,,,,,,,,,,,,,,
ACSSF,2011m1,co,000,0049,0000098,,,,,,,,,,,,,,,,,,,,,,,,,,,,,,,,,,,,,,,,,,,,,,,,,,,,,,,,,,,,,,,,,,,,,,,,,,,,,,,,,,,,,,,,,,,,,,,,,,,,,,,,,,,,,,,,,,,,,,,,,,,,,,,,,,,,,,,,,,,,,,,,,,,,,,,,,,,,,,,,,,,,,,,,,,,,,,,,,,,,,,,,,,,,,,,,,,,,,,,,,,,,,,,,,,,,,,,,,,,,,,,,,,
ACSSF,2011m1,co,000,0049,0000099,,,,,,,,,,,,,,,,,,,,,,,,,,,,,,,,,,,,,,,,,,,,,,,,,,,,,,,,,,,,,,,,,,,,,,,,,,,,,,,,,,,,,,,,,,,,,,,,,,,,,,,,,,,,,,,,,,,,,,,,,,,,,,,,,,,,,,,,,,,,,,,,,,,,,,,,,,,,,,,,,,,,,,,,,,,,,,,,,,,,,,,,,,,,,,,,,,,,,,,,,,,,,,,,,,,,,,,,,,,,,,,,,,
ACSSF,2011m1,co,000,0049,0000100,,,,,,,,,,,,,,,,,,,,,,,,,,,,,,,,,,,,,,,,,,,,,,,,,,,,,,,,,,,,,,,,,,,,,,,,,,,,,,,,,,,,,,,,,,,,,,,,,,,,,,,,,,,,,,,,,,,,,,,,,,,,,,,,,,,,,,,,,,,,,,,,,,,,,,,,,,,,,,,,,,,,,,,,,,,,,,,,,,,,,,,,,,,,,,,,,,,,,,,,,,,,,,,,,,,,,,,,,,,,,,,,,,
ACSSF,2011m1,co,000,0049,0000101,,,,,,,,,,,,,,,,,,,,,,,,,,,,,,,,,,,,,,,,,,,,,,,,,,,,,,,,,,,,,,,,,,,,,,,,,,,,,,,,,,,,,,,,,,,,,,,,,,,,,,,,,,,,,,,,,,,,,,,,,,,,,,,,,,,,,,,,,,,,,,,,,,,,,,,,,,,,,,,,,,,,,,,,,,,,,,,,,,,,,,,,,,,,,,,,,,,,,,,,,,,,,,,,,,,,,,,,,,,,,,,,,,
ACSSF,2011m1,co,000,0049,0000102,,,,,,,,,,,,,,,,,,,,,,,,,,,,,,,,,,,,,,,,,,,,,,,,,,,,,,,,,,,,,,,,,,,,,,,,,,,,,,,,,,,,,,,,,,,,,,,,,,,,,,,,,,,,,,,,,,,,,,,,,,,,,,,,,,,,,,,,,,,,,,,,,,,,,,,,,,,,,,,,,,,,,,,,,,,,,,,,,,,,,,,,,,,,,,,,,,,,,,,,,,,,,,,,,,,,,,,,,,,,,,,,,,
ACSSF,2011m1,co,000,0049,0000103,,,,,,,,,,,,,,,,,,,,,,,,,,,,,,,,,,,,,,,,,,,,,,,,,,,,,,,,,,,,,,,,,,,,,,,,,,,,,,,,,,,,,,,,,,,,,,,,,,,,,,,,,,,,,,,,,,,,,,,,,,,,,,,,,,,,,,,,,,,,,,,,,,,,,,,,,,,,,,,,,,,,,,,,,,,,,,,,,,,,,,,,,,,,,,,,,,,,,,,,,,,,,,,,,,,,,,,,,,,,,,,,,,
ACSSF,2011m1,co,000,0049,0000104,,,,,,,,,,,,,,,,,,,,,,,,,,,,,,,,,,,,,,,,,,,,,,,,,,,,,,,,,,,,,,,,,,,,,,,,,,,,,,,,,,,,,,,,,,,,,,,,,,,,,,,,,,,,,,,,,,,,,,,,,,,,,,,,,,,,,,,,,,,,,,,,,,,,,,,,,,,,,,,,,,,,,,,,,,,,,,,,,,,,,,,,,,,,,,,,,,,,,,,,,,,,,,,,,,,,,,,,,,,,,,,,,,
ACSSF,2011m1,co,000,0049,0000105,,,,,,,,,,,,,,,,,,,,,,,,,,,,,,,,,,,,,,,,,,,,,,,,,,,,,,,,,,,,,,,,,,,,,,,,,,,,,,,,,,,,,,,,,,,,,,,,,,,,,,,,,,,,,,,,,,,,,,,,,,,,,,,,,,,,,,,,,,,,,,,,,,,,,,,,,,,,,,,,,,,,,,,,,,,,,,,,,,,,,,,,,,,,,,,,,,,,,,,,,,,,,,,,,,,,,,,,,,,,,,,,,,
ACSSF,2011m1,co,000,0049,0000106,,,,,,,,,,,,,,,,,,,,,,,,,,,,,,,,,,,,,,,,,,,,,,,,,,,,,,,,,,,,,,,,,,,,,,,,,,,,,,,,,,,,,,,,,,,,,,,,,,,,,,,,,,,,,,,,,,,,,,,,,,,,,,,,,,,,,,,,,,,,,,,,,,,,,,,,,,,,,,,,,,,,,,,,,,,,,,,,,,,,,,,,,,,,,,,,,,,,,,,,,,,,,,,,,,,,,,,,,,,,,,,,,,
ACSSF,2011m1,co,000,0049,0000107,,,,,,,,,,,,,,,,,,,,,,,,,,,,,,,,,,,,,,,,,,,,,,,,,,,,,,,,,,,,,,,,,,,,,,,,,,,,,,,,,,,,,,,,,,,,,,,,,,,,,,,,,,,,,,,,,,,,,,,,,,,,,,,,,,,,,,,,,,,,,,,,,,,,,,,,,,,,,,,,,,,,,,,,,,,,,,,,,,,,,,,,,,,,,,,,,,,,,,,,,,,,,,,,,,,,,,,,,,,,,,,,,,
ACSSF,2011m1,co,000,0049,0000108,,,,,,,,,,,,,,,,,,,,,,,,,,,,,,,,,,,,,,,,,,,,,,,,,,,,,,,,,,,,,,,,,,,,,,,,,,,,,,,,,,,,,,,,,,,,,,,,,,,,,,,,,,,,,,,,,,,,,,,,,,,,,,,,,,,,,,,,,,,,,,,,,,,,,,,,,,,,,,,,,,,,,,,,,,,,,,,,,,,,,,,,,,,,,,,,,,,,,,,,,,,,,,,,,,,,,,,,,,,,,,,,,,
ACSSF,2011m1,co,000,0049,0000109,,,,,,,,,,,,,,,,,,,,,,,,,,,,,,,,,,,,,,,,,,,,,,,,,,,,,,,,,,,,,,,,,,,,,,,,,,,,,,,,,,,,,,,,,,,,,,,,,,,,,,,,,,,,,,,,,,,,,,,,,,,,,,,,,,,,,,,,,,,,,,,,,,,,,,,,,,,,,,,,,,,,,,,,,,,,,,,,,,,,,,,,,,,,,,,,,,,,,,,,,,,,,,,,,,,,,,,,,,,,,,,,,,
ACSSF,2011m1,co,000,0049,0000110,,,,,,,,,,,,,,,,,,,,,,,,,,,,,,,,,,,,,,,,,,,,,,,,,,,,,,,,,,,,,,,,,,,,,,,,,,,,,,,,,,,,,,,,,,,,,,,,,,,,,,,,,,,,,,,,,,,,,,,,,,,,,,,,,,,,,,,,,,,,,,,,,,,,,,,,,,,,,,,,,,,,,,,,,,,,,,,,,,,,,,,,,,,,,,,,,,,,,,,,,,,,,,,,,,,,,,,,,,,,,,,,,,
ACSSF,2011m1,co,000,0049,0000111,,,,,,,,,,,,,,,,,,,,,,,,,,,,,,,,,,,,,,,,,,,,,,,,,,,,,,,,,,,,,,,,,,,,,,,,,,,,,,,,,,,,,,,,,,,,,,,,,,,,,,,,,,,,,,,,,,,,,,,,,,,,,,,,,,,,,,,,,,,,,,,,,,,,,,,,,,,,,,,,,,,,,,,,,,,,,,,,,,,,,,,,,,,,,,,,,,,,,,,,,,,,,,,,,,,,,,,,,,,,,,,,,,
