ACSSF,2011m1,co,000,0058,0000001,4291,14151,9778,8806,9208,5101,7443,8052,8574,8754,3807,5606,24020,13331,11344,11364,3533,6252,14076,11377,11210,3575,9240,5399,4242,3440,2960,1078,1840,3382,2838,2730,1269,1803,6157,3050,1812,1718,860,2602,5285,3146,3118,909,4193,13106,7986,7288,6488,2259,3215,9555,8178,7680,2168,4428,0.4,0.4,,,,,,,,,,,,,,,,,,,2841,3671,10297,10008,4017,9705,2836,8345,8385,3237,8378,2841,3671,10297,10008,1184,9985,2836,8345,8385,1464,8670,2841,3671,10297,10008,2420,10250,2836,8345,8385,2664,8734,0.3,0.3,0.3,1.3,1.7,0.3,0.3,2.1,1.3,2841,3671,10297,10008,10433,8437,3798,2836,8345,8385,10217,8107,4520
ACSSF,2011m1,co,000,0058,0000002,15801,12968,9322,8139,8275,4673,7276,8359,7812,7897,3617,5041,22644,11846,10619,10283,3170,5158,12850,10136,9410,3102,7233,4737,3595,3262,2773,1075,1331,3186,2769,2648,1056,1675,5424,2896,1530,1426,739,2396,4947,2497,2448,769,3946,10887,6869,5963,5370,2201,3262,8538,7517,6923,2045,3845,,,,,,,,,,,,,,,,,,,,,,,,,,,,,,,,,,,,,,,,,,,,,,,,,,,,,,,,,,,,,,,,,,,,,,,,,,,
ACSSF,2011m1,co,000,0058,0000003,15105,9061,6902,5547,5103,1761,3651,6207,5091,4886,1462,3222,12000,7057,6534,6502,1558,3263,6098,6254,6355,1984,5032,1898,1722,1149,1089,314,1221,1104,1012,892,581,577,2888,1598,839,734,429,1290,2310,1823,1754,471,1709,5621,3966,3639,3409,666,1335,3725,3124,3142,799,1904,,,,,,,,,,,,,,,,,,,,,,,,,,,,,,,,,,,,,,,,,,,,,,,,,,,,,,,,,,,,,,,,,,,,,,,,,,,
ACSSF,2011m1,co,000,0058,0000004,4993,14028,9481,8407,8839,4711,7216,8229,8763,8920,3689,5652,22187,11935,10780,10819,3414,5773,13314,10360,10359,3497,9111,5481,4180,3469,2942,1070,1772,3582,2858,2700,1202,1739,5808,2774,1612,1498,821,2553,5165,2850,2759,886,4069,12621,7772,6811,5975,2248,3030,9260,8033,7644,1969,4301,,,,,,,,,,,,,,,,,,,,,,,,,,,,,,,,,,,,,,,,,,,,,,,,,,,,,,,,,,,,,,,,,,,,,,,,,,,
ACSSF,2011m1,co,000,0058,0000005,4212,13579,8813,7781,8009,4508,6794,8125,9193,9193,3416,5347,21365,11349,10253,10203,3436,5548,12643,10234,9956,3253,8863,5163,3895,3258,2887,860,1717,3520,2883,2716,1184,1657,5480,2843,1622,1500,817,2544,4813,2749,2665,883,3784,12521,7526,6522,5798,2276,3038,9023,7926,7643,1954,4030,,,,,,,,,,,,,,,,,,,,,,,,,,,,,,,,,,,,,,,,,,,,,,,,,,,,,,,,,,,,,,,,,,,,,,,,,,,
ACSSF,2011m1,co,000,0058,0000006,7172,11598,7643,7053,6718,3589,4931,7350,7382,7205,2602,3928,13100,7650,6714,6556,2466,3972,7120,6559,6086,2339,6141,3872,3144,2538,2240,707,1572,2412,2052,1844,992,1287,3656,1807,1058,1055,381,1572,3103,1617,1555,702,2500,7981,5259,4284,4084,1470,2186,5781,5287,4851,1233,2732,,,,,,,,,,,,,,,,,,,,,,,,,,,,,,,,,,,,,,,,,,,,,,,,,,,,,,,,,,,,,,,,,,,,,,,,,,,
ACSSF,2011m1,co,000,0058,0000007,8095,10428,7567,6566,6468,2946,4956,6264,6510,6294,2541,4229,16659,8624,7791,7495,2764,3923,9753,8047,7844,2456,6498,3254,2113,1962,1870,482,843,2429,1962,1988,632,1235,4150,1800,1097,930,733,1615,3755,2266,2244,582,2924,9753,5878,5300,4588,1719,1896,6453,5440,5353,1569,2497,,,,,,,,,,,,,,,,,,,,,,,,,,,,,,,,,,,,,,,,,,,,,,,,,,,,,,,,,,,,,,,,,,,,,,,,,,,
ACSSF,2011m1,co,000,0058,0000008,2326,4354,3102,3187,3090,839,2829,2643,2155,1953,863,1776,5590,2658,2760,2955,880,1763,3632,2771,2842,943,2847,1148,786,647,358,470,379,685,498,488,117,445,1381,486,274,267,59,467,1167,552,558,77,1014,2433,1703,1556,1476,538,711,1877,1589,1499,406,1246,,,,,,,,,,,,,,,,,,,,,,,,,,,,,,,,,,,,,,,,,,,,,,,,,,,,,,,,,,,,,,,,,,,,,,,,,,,
ACSSF,2011m1,co,000,0058,0000009,5776,2720,2236,2216,2214,477,1155,1452,1322,1222,440,789,5183,2625,2066,2085,523,1183,2789,2293,2163,615,1712,755,624,624,336,478,8,439,411,407,37,128,1076,388,75,75,201,383,870,323,323,201,819,1572,938,685,651,274,624,1335,1088,1079,120,716,,,,,,,,,,,,,,,,,,,,,,,,,,,,,,,,,,,,,,,,,,,,,,,,,,,,,,,,,,,,,,,,,,,,,,,,,,,
ACSSF,2011m1,co,000,0058,0000010,5884,3711,2886,2325,2134,644,2586,2240,1714,1565,768,1652,5752,3012,2824,2823,623,1503,3210,2798,2850,761,1919,837,471,282,215,176,379,581,372,357,121,429,1046,374,281,274,59,315,956,428,427,77,847,2237,1482,1390,1338,468,601,1595,1192,1144,391,1061,,,,,,,,,,,,,,,,,,,,,,,,,,,,,,,,,,,,,,,,,,,,,,,,,,,,,,,,,,,,,,,,,,,,,,,,,,,
ACSSF,2011m1,co,000,0058,0000011,3850,4845,3413,2923,2584,1250,2480,2503,1926,1812,829,1578,7070,4155,3508,3561,800,2129,3606,3209,2916,994,2359,1009,708,527,409,322,356,794,536,413,386,616,1821,913,580,576,210,618,1617,1189,1194,169,1217,2872,1795,1541,1327,554,1181,1863,1871,1722,789,924,,,,,,,,,,,,,,,,,,,,,,,,,,,,,,,,,,,,,,,,,,,,,,,,,,,,,,,,,,,,,,,,,,,,,,,,,,,
ACSSF,2011m1,co,000,0058,0000012,3627,6426,4545,4124,4038,1466,3289,3707,2847,2654,1209,2327,8948,5180,4430,4584,1177,2705,5105,4025,3806,1303,3576,1361,950,786,456,557,533,942,671,565,409,708,2316,1025,598,588,219,805,2001,1287,1307,183,1671,3718,2556,2321,2147,761,1514,2661,2468,2215,906,1442,,,,,,,,,,,,,,,,,,,,,,,,,,,,,,,,,,,,,,,,,,,,,,,,,,,,,,,,,,,,,,,,,,,,,,,,,,,
ACSSF,2011m1,co,000,0058,0000013,916,4612,3001,3232,2996,1527,1968,2690,3015,3018,1509,1743,6479,3427,3328,3412,1420,1855,3957,3385,3237,1369,2692,1533,922,871,829,264,306,1180,895,868,336,621,1878,1060,712,458,541,800,1585,1111,1026,379,1340,3868,2711,2659,2412,861,902,2433,1942,1864,559,1150,,,,,,,,,,,,,,,,,,,,,,,,,,,,,,,,,,,,,,,,,,,,,,,,,,,,,,,,,,,,,,,,,,,,,,,,,,,
ACSSF,2011m1,co,000,0058,0000014,1382,5874,3523,3508,3191,1699,1668,3315,3148,3459,1380,1752,8192,4296,3943,3811,1394,2370,4972,3717,3607,1217,3675,1963,1451,1431,1355,433,285,1280,1180,1049,657,543,2109,825,636,636,201,564,1773,1232,1192,215,1352,4794,2535,2416,2372,487,806,3341,2765,2659,619,1423,,,,,,,,,,,,,,,,,,,,,,,,,,,,,,,,,,,,,,,,,,,,,,,,,,,,,,,,,,,,,,,,,,,,,,,,,,,
ACSSF,2011m1,co,000,0058,0000015,804,3704,2510,2663,2832,1161,1926,2208,2230,2216,689,1601,4792,2646,2568,2524,661,1116,2789,2277,2301,767,2024,863,585,295,300,59,499,718,705,690,137,126,1169,614,504,445,232,433,925,603,543,237,734,2253,1310,1220,1197,471,647,1718,1536,1518,509,856,,,,,,,,,,,,,,,,,,,,,,,,,,,,,,,,,,,,,,,,,,,,,,,,,,,,,,,,,,,,,,,,,,,,,,,,,,,
ACSSF,2011m1,co,000,0058,0000016,1090,6200,3345,3584,3300,1744,2475,3918,3796,3713,1317,2323,7476,4046,3675,3810,1485,1778,4460,3511,3172,1081,3032,2374,1808,1722,1306,628,729,1512,1248,1215,529,991,2017,1078,665,630,271,895,1629,885,700,577,1468,4351,2533,2371,2298,853,1260,3068,2907,2674,913,1369,,,,,,,,,,,,,,,,,,,,,,,,,,,,,,,,,,,,,,,,,,,,,,,,,,,,,,,,,,,,,,,,,,,,,,,,,,,
ACSSF,2011m1,co,000,0058,0000017,1083,3322,2424,2430,2301,1093,1180,1924,1926,2062,677,1319,4795,2607,2505,2473,535,1194,3029,2947,2771,1086,2348,601,350,350,350,201,201,465,444,398,166,127,1304,479,344,316,127,353,1209,1029,1017,68,689,3342,2004,1880,1585,727,514,2191,1842,1828,439,867,,,,,,,,,,,,,,,,,,,,,,,,,,,,,,,,,,,,,,,,,,,,,,,,,,,,,,,,,,,,,,,,,,,,,,,,,,,
ACSSF,2011m1,co,000,0058,0000018,1254,4824,3360,3268,3222,1575,2521,2932,2459,2256,1420,1837,7128,4273,4423,4708,1912,1909,4064,3795,4009,1656,3485,2381,1752,1167,1070,341,1251,1512,1314,1191,461,574,1744,1250,571,474,333,1174,1408,895,854,329,1449,4320,2262,2273,2209,761,899,3219,2939,2734,817,1664,,,,,,,,,,,,,,,,,,,,,,,,,,,,,,,,,,,,,,,,,,,,,,,,,,,,,,,,,,,,,,,,,,,,,,,,,,,
ACSSF,2011m1,co,000,0058,0000019,741,4468,3229,2984,3131,1390,1756,2480,2420,2373,1167,1370,6179,3523,3417,3279,965,1783,3617,2965,2937,952,2451,1163,817,702,703,81,386,861,721,698,183,497,1813,1173,643,644,65,946,1338,733,743,149,1146,3862,2516,2210,2055,768,1108,2834,2546,2482,709,1423,,,,,,,,,,,,,,,,,,,,,,,,,,,,,,,,,,,,,,,,,,,,,,,,,,,,,,,,,,,,,,,,,,,,,,,,,,,
ACSSF,2011m1,co,000,0058,0000020,694,4343,2467,2681,2640,1417,2150,2608,2769,2790,945,1531,5875,3140,3241,3144,959,1782,3494,3302,2995,996,2133,796,457,452,448,63,67,655,494,483,64,348,1420,712,361,361,4,657,1179,621,445,428,1001,3017,1928,1682,1428,689,952,1864,1798,1693,797,1018,,,,,,,,,,,,,,,,,,,,,,,,,,,,,,,,,,,,,,,,,,,,,,,,,,,,,,,,,,,,,,,,,,,,,,,,,,,
ACSSF,2011m1,co,000,0058,0000021,894,2649,1903,1722,1684,647,1315,1387,1192,1213,647,916,3862,2372,2309,2250,582,1207,2041,1750,1698,420,1686,771,309,186,186,201,272,706,320,291,130,547,1080,511,296,232,196,458,830,380,380,201,735,2165,1379,1084,1009,306,712,1467,1314,1243,487,766,,,,,,,,,,,,,,,,,,,,,,,,,,,,,,,,,,,,,,,,,,,,,,,,,,,,,,,,,,,,,,,,,,,,,,,,,,,
ACSSF,2011m1,co,000,0058,0000022,811,2646,1824,1716,1414,1127,1500,1432,1198,1292,609,1271,3918,2046,1824,1761,457,1213,2298,2040,1914,579,1364,843,564,339,331,140,450,691,622,559,181,341,1069,402,224,217,58,350,943,455,456,60,793,2427,1444,1186,1034,508,719,1496,1214,1206,154,782,,,,,,,,,,,,,,,,,,,,,,,,,,,,,,,,,,,,,,,,,,,,,,,,,,,,,,,,,,,,,,,,,,,,,,,,,,,
ACSSF,2011m1,co,000,0058,0000023,1437,4093,2569,2339,2389,791,1895,2351,2142,2274,855,2099,5199,3082,3002,2910,782,1764,2723,2783,2810,668,2307,1302,1031,1015,1015,38,336,886,833,807,125,320,1372,719,382,253,300,652,1034,253,235,94,982,2662,1864,1593,1495,663,1006,1773,1614,1571,342,1061,,,,,,,,,,,,,,,,,,,,,,,,,,,,,,,,,,,,,,,,,,,,,,,,,,,,,,,,,,,,,,,,,,,,,,,,,,,
ACSSF,2011m1,co,000,0058,0000024,2203,2310,1661,1541,1523,500,705,1482,1356,1288,373,698,2829,1457,1367,1225,530,950,1536,1222,1198,494,1278,580,330,293,293,201,148,434,390,351,183,179,865,454,161,159,33,446,798,399,399,201,611,1699,966,854,799,198,516,1271,1176,1183,180,663,,,,,,,,,,,,,,,,,,,,,,,,,,,,,,,,,,,,,,,,,,,,,,,,,,,,,,,,,,,,,,,,,,,,,,,,,,,
ACSSF,2011m1,co,000,0058,0000025,3615,4757,3400,3148,2691,1625,1534,2905,2991,3096,1449,1402,6023,3042,3022,3089,1052,1785,3525,2698,2563,1024,2532,1742,1131,1124,1125,136,176,1250,1099,949,622,532,1713,545,456,456,201,374,1699,986,934,378,1369,3347,1853,1681,1671,410,538,2463,2120,2176,506,1066,,,,,,,,,,,,,,,,,,,,,,,,,,,,,,,,,,,,,,,,,,,,,,,,,,,,,,,,,,,,,,,,,,,,,,,,,,,
ACSSF,2011m1,co,000,0058,0000026,1564,2721,2052,2015,1935,841,1826,2103,1926,1827,605,1403,2717,1471,1313,1293,191,618,1364,1219,1244,341,886,344,128,83,83,201,94,323,323,323,201,201,702,432,375,374,31,223,499,214,214,201,498,1118,701,589,589,201,324,924,748,735,222,542,,,,,,,,,,,,,,,,,,,,,,,,,,,,,,,,,,,,,,,,,,,,,,,,,,,,,,,,,,,,,,,,,,,,,,,,,,,
ACSSF,2011m1,co,000,0058,0000027,2203,2306,1687,1578,1329,747,885,1460,1244,1243,441,842,2518,1435,1483,1419,337,870,1445,1355,1444,381,1108,322,176,158,133,87,68,261,261,241,103,201,923,492,380,380,201,318,663,369,364,105,632,1817,1093,1086,1021,282,205,1157,953,950,163,550,,,,,,,,,,,,,,,,,,,,,,,,,,,,,,,,,,,,,,,,,,,,,,,,,,,,,,,,,,,,,,,,,,,,,,,,,,,
ACSSF,2011m1,co,000,0058,0000028,3435,4415,3176,3093,3017,1463,1985,2953,2477,2166,1256,1665,5634,3295,3383,3563,1505,1487,3161,2706,2642,1410,2788,1957,1633,1008,977,276,1204,1014,875,836,282,399,1620,1095,366,308,191,1047,1294,664,665,104,1300,3637,2049,2055,1926,596,853,2870,2453,2332,653,1630,,,,,,,,,,,,,,,,,,,,,,,,,,,,,,,,,,,,,,,,,,,,,,,,,,,,,,,,,,,,,,,,,,,,,,,,,,,
ACSSF,2011m1,co,000,0058,0000029,1090,6200,3345,3584,3300,1744,2475,3918,3796,3713,1317,2323,7476,4046,3675,3810,1485,1778,4460,3511,3172,1081,3032,2374,1808,1722,1306,628,729,1512,1248,1215,529,991,2017,1078,665,630,271,895,1629,885,700,577,1468,4351,2533,2371,2298,853,1260,3068,2907,2674,913,1369,,,,,,,,,,,,,,,,,,,,,,,,,,,,,,,,,,,,,,,,,,,,,,,,,,,,,,,,,,,,,,,,,,,,,,,,,,,
ACSSF,2011m1,co,000,0058,0000030,2272,3769,2465,2350,2182,1140,1835,2543,2376,2348,646,1440,3903,2045,1720,1695,649,1026,2069,2096,2051,318,1369,357,202,202,192,63,201,311,148,135,64,276,839,414,174,174,4,364,650,191,191,4,616,1821,1216,984,840,361,780,1302,1090,1076,359,839,,,,,,,,,,,,,,,,,,,,,,,,,,,,,,,,,,,,,,,,,,,,,,,,,,,,,,,,,,,,,,,,,,,,,,,,,,,
ACSSF,2011m1,co,000,0058,0000031,2396,2928,2160,2123,1956,535,1284,1390,1242,1165,477,1285,3495,1977,1894,1882,421,1123,1730,1745,1789,411,1359,1041,892,881,881,38,336,682,600,599,89,301,1084,472,249,249,201,453,848,236,218,93,819,1845,1285,964,940,313,811,1225,984,956,155,830,,,,,,,,,,,,,,,,,,,,,,,,,,,,,,,,,,,,,,,,,,,,,,,,,,,,,,,,,,,,,,,,,,,,,,,,,,,
ACSSF,2011m1,co,000,0058,0000032,3464,2648,1713,1705,1586,471,753,1700,1511,1569,571,850,3275,1772,1764,1784,372,1002,1705,1629,1544,530,1429,222,131,131,131,201,201,173,133,133,201,112,739,327,308,308,201,116,634,386,386,201,497,1995,1106,1054,970,360,259,1399,1238,1189,291,482,,,,,,,,,,,,,,,,,,,,,,,,,,,,,,,,,,,,,,,,,,,,,,,,,,,,,,,,,,,,,,,,,,,,,,,,,,,
ACSSF,2011m1,co,000,0058,0000033,2257,2454,2021,1873,1901,700,1167,1696,1507,1308,656,990,3242,1733,1597,1606,614,1002,1750,1476,1505,627,1259,778,621,594,592,81,186,470,408,408,201,222,1376,902,379,374,57,777,1022,288,277,67,968,1805,1505,1387,1176,602,653,1450,1137,1150,187,1054,,,,,,,,,,,,,,,,,,,,,,,,,,,,,,,,,,,,,,,,,,,,,,,,,,,,,,,,,,,,,,,,,,,,,,,,,,,
ACSSF,2011m1,co,000,0058,0000034,1985,2368,1801,1650,1680,586,1005,1397,1187,1161,216,957,2760,1463,1465,1450,361,682,1601,1369,1375,367,1168,699,566,249,242,59,510,495,489,475,131,67,878,347,245,81,230,273,747,473,428,237,623,1644,833,782,695,462,420,1374,1274,1263,301,399,,,,,,,,,,,,,,,,,,,,,,,,,,,,,,,,,,,,,,,,,,,,,,,,,,,,,,,,,,,,,,,,,,,,,,,,,,,
ACSSF,2011m1,co,000,0058,0000035,1552,2526,1780,1764,1788,481,747,1613,1385,1290,423,753,2894,1467,1316,1279,516,859,1604,1434,1354,511,1438,322,80,80,80,201,201,312,312,312,201,201,817,327,192,192,201,267,702,372,372,18,602,1503,970,891,846,256,348,1044,962,954,298,582,,,,,,,,,,,,,,,,,,,,,,,,,,,,,,,,,,,,,,,,,,,,,,,,,,,,,,,,,,,,,,,,,,,,,,,,,,,
ACSSF,2011m1,co,000,0058,0000036,1630,2317,1652,1575,1244,966,1214,1427,1205,1266,616,1258,2884,1572,1402,1323,378,1012,1603,1357,1320,543,1066,756,490,324,315,140,359,606,495,460,181,351,946,351,176,166,58,321,830,356,359,60,720,1763,1121,925,768,468,649,1136,781,773,141,722,,,,,,,,,,,,,,,,,,,,,,,,,,,,,,,,,,,,,,,,,,,,,,,,,,,,,,,,,,,,,,,,,,,,,,,,,,,
ACSSF,2011m1,co,000,0058,0000037,2727,2700,2053,1913,1771,632,830,1704,1711,1599,778,703,2967,1651,1609,1710,499,792,1575,1506,1526,643,1315,570,314,292,292,201,138,471,441,397,170,119,756,368,201,201,201,368,622,337,292,107,499,1890,1223,1187,965,552,371,1302,1206,1084,439,436,,,,,,,,,,,,,,,,,,,,,,,,,,,,,,,,,,,,,,,,,,,,,,,,,,,,,,,,,,,,,,,,,,,,,,,,,,,
ACSSF,2011m1,co,000,0058,0000038,2215,2372,2029,1943,1792,660,991,1604,1481,1278,772,693,2677,1380,1352,1393,492,1233,1525,1521,1453,700,964,864,96,55,55,201,106,829,592,589,137,594,1003,297,162,162,201,254,950,234,234,201,1004,1414,872,912,874,268,476,1308,1163,1080,333,479,,,,,,,,,,,,,,,,,,,,,,,,,,,,,,,,,,,,,,,,,,,,,,,,,,,,,,,,,,,,,,,,,,,,,,,,,,,
ACSSF,2011m1,co,000,0058,0000039,1564,2721,2052,2015,1935,841,1826,2103,1926,1827,605,1403,2717,1471,1313,1293,191,618,1364,1219,1244,341,886,344,128,83,83,201,94,323,323,323,201,201,702,432,375,374,31,223,499,214,214,201,498,1118,701,589,589,201,324,924,748,735,222,542,,,,,,,,,,,,,,,,,,,,,,,,,,,,,,,,,,,,,,,,,,,,,,,,,,,,,,,,,,,,,,,,,,,,,,,,,,,
ACSSF,2011m1,co,000,0058,0000040,3435,4415,3176,3093,3017,1463,1985,2953,2477,2166,1256,1665,5634,3295,3383,3563,1505,1487,3161,2706,2642,1410,2788,1957,1633,1008,977,276,1204,1014,875,836,282,399,1620,1095,366,308,191,1047,1294,664,665,104,1300,3637,2049,2055,1926,596,853,2870,2453,2332,653,1630,,,,,,,,,,,,,,,,,,,,,,,,,,,,,,,,,,,,,,,,,,,,,,,,,,,,,,,,,,,,,,,,,,,,,,,,,,,
ACSSF,2011m1,co,000,0058,0000041,3615,4757,3400,3148,2691,1625,1534,2905,2991,3096,1449,1402,6023,3042,3022,3089,1052,1785,3525,2698,2563,1024,2532,1742,1131,1124,1125,136,176,1250,1099,949,622,532,1713,545,456,456,201,374,1699,986,934,378,1369,3347,1853,1681,1671,410,538,2463,2120,2176,506,1066,,,,,,,,,,,,,,,,,,,,,,,,,,,,,,,,,,,,,,,,,,,,,,,,,,,,,,,,,,,,,,,,,,,,,,,,,,,
ACSSF,2011m1,co,000,0058,0000042,1090,6200,3345,3584,3300,1744,2475,3918,3796,3713,1317,2323,7476,4046,3675,3810,1485,1778,4460,3511,3172,1081,3032,2374,1808,1722,1306,628,729,1512,1248,1215,529,991,2017,1078,665,630,271,895,1629,885,700,577,1468,4351,2533,2371,2298,853,1260,3068,2907,2674,913,1369,,,,,,,,,,,,,,,,,,,,,,,,,,,,,,,,,,,,,,,,,,,,,,,,,,,,,,,,,,,,,,,,,,,,,,,,,,,
ACSSF,2011m1,co,000,0058,0000043,2272,3769,2465,2350,2182,1140,1835,2543,2376,2348,646,1440,3903,2045,1720,1695,649,1026,2069,2096,2051,318,1369,357,202,202,192,63,201,311,148,135,64,276,839,414,174,174,4,364,650,191,191,4,616,1821,1216,984,840,361,780,1302,1090,1076,359,839,,,,,,,,,,,,,,,,,,,,,,,,,,,,,,,,,,,,,,,,,,,,,,,,,,,,,,,,,,,,,,,,,,,,,,,,,,,
ACSSF,2011m1,co,000,0058,0000044,1552,2526,1780,1764,1788,481,747,1613,1385,1290,423,753,2894,1467,1316,1279,516,859,1604,1434,1354,511,1438,322,80,80,80,201,201,312,312,312,201,201,817,327,192,192,201,267,702,372,372,18,602,1503,970,891,846,256,348,1044,962,954,298,582,,,,,,,,,,,,,,,,,,,,,,,,,,,,,,,,,,,,,,,,,,,,,,,,,,,,,,,,,,,,,,,,,,,,,,,,,,,
ACSSF,2011m1,co,000,0058,0000045,2396,2928,2160,2123,1956,535,1284,1390,1242,1165,477,1285,3495,1977,1894,1882,421,1123,1730,1745,1789,411,1359,1041,892,881,881,38,336,682,600,599,89,301,1084,472,249,249,201,453,848,236,218,93,819,1845,1285,964,940,313,811,1225,984,956,155,830,,,,,,,,,,,,,,,,,,,,,,,,,,,,,,,,,,,,,,,,,,,,,,,,,,,,,,,,,,,,,,,,,,,,,,,,,,,
ACSSF,2011m1,co,000,0058,0000046,1630,2317,1652,1575,1244,966,1214,1427,1205,1266,616,1258,2884,1572,1402,1323,378,1012,1603,1357,1320,543,1066,756,490,324,315,140,359,606,495,460,181,351,946,351,176,166,58,321,830,356,359,60,720,1763,1121,925,768,468,649,1136,781,773,141,722,,,,,,,,,,,,,,,,,,,,,,,,,,,,,,,,,,,,,,,,,,,,,,,,,,,,,,,,,,,,,,,,,,,,,,,,,,,
ACSSF,2011m1,co,000,0058,0000047,3198,6684,3711,4033,3736,1739,2650,4289,4179,4126,1357,2405,8241,4403,3878,3879,1515,1898,4809,3744,3403,1129,3212,2567,2016,1940,1478,748,729,1540,1284,1248,535,991,2199,1186,684,649,271,982,1766,909,757,577,1595,4547,2583,2514,2398,879,1240,3308,3101,2842,1052,1526,,,,,,,,,,,,,,,,,,,,,,,,,,,,,,,,,,,,,,,,,,,,,,,,,,,,,,,,,,,,,,,,,,,,,,,,,,,
ACSSF,2011m1,co,000,0058,0000048,6078,7233,4979,4506,4261,1920,3142,4034,3596,3237,1786,2322,8913,5214,4982,4938,1165,2387,4841,4230,4005,1653,3696,1611,748,720,687,190,270,1412,1014,1038,229,809,1962,1223,947,746,614,907,1755,1051,998,241,1552,4655,2620,2528,2542,914,914,3382,2755,2621,841,1442,,,,,,,,,,,,,,,,,,,,,,,,,,,,,,,,,,,,,,,,,,,,,,,,,,,,,,,,,,,,,,,,,,,,,,,,,,,
ACSSF,2011m1,co,000,0058,0000049,2405,6266,4306,4013,3654,1818,2774,3539,2693,2760,1212,2371,7922,4741,4292,4251,1132,2351,4676,4146,3839,1242,3291,1294,876,688,572,352,506,1029,733,616,441,813,2463,1085,711,641,280,939,2118,1307,1332,191,1658,4136,2696,2231,2073,840,1518,2890,2701,2633,1021,1575,,,,,,,,,,,,,,,,,,,,,,,,,,,,,,,,,,,,,,,,,,,,,,,,,,,,,,,,,,,,,,,,,,,,,,,,,,,
ACSSF,2011m1,co,000,0058,0000050,4759,7374,4592,4196,4252,1894,3184,4163,3669,3587,1439,2522,9022,5281,5183,5088,1326,2749,4751,4632,4457,1319,3151,1857,1383,1185,1059,486,683,1163,1129,1099,222,464,2060,1141,518,483,233,979,1755,934,761,536,1628,4587,2822,2342,2076,956,1404,3166,2952,2677,991,1684,,,,,,,,,,,,,,,,,,,,,,,,,,,,,,,,,,,,,,,,,,,,,,,,,,,,,,,,,,,,,,,,,,,,,,,,,,,
ACSSF,2011m1,co,000,0058,0000051,3001,5146,3905,3627,3506,1768,3022,3299,2575,2385,1426,2132,7959,4977,4744,4876,1932,2320,4287,4140,4152,1817,3597,2421,1810,1202,1090,396,1289,1528,1313,1185,538,600,2073,1342,599,502,338,1221,1679,999,980,329,1646,4686,2271,2235,2164,776,1079,3373,3006,2836,824,1866,,,,,,,,,,,,,,,,,,,,,,,,,,,,,,,,,,,,,,,,,,,,,,,,,,,,,,,,,,,,,,,,,,,,,,,,,,,
ACSSF,2011m1,co,000,0058,0000052,7341,6555,3683,3882,3617,1946,2013,4559,4257,4099,1299,2125,9603,5201,4695,4768,1262,2671,5395,5279,5065,1602,3847,1319,908,862,858,87,315,958,952,922,234,191,1985,1002,719,713,127,704,1731,1279,1280,234,1516,5753,3298,2889,2597,866,1280,3683,3025,3114,719,1515,,,,,,,,,,,,,,,,,,,,,,,,,,,,,,,,,,,,,,,,,,,,,,,,,,,,,,,,,,,,,,,,,,,,,,,,,,,
ACSSF,2011m1,co,000,0058,0000053,8299,7042,4989,4698,4421,1934,2793,3836,3681,3616,1716,2156,8743,4807,4815,4626,1914,2207,4582,3904,3660,1367,3099,1731,1169,1132,1150,161,401,1471,1197,976,669,660,2384,1441,791,791,65,1198,2077,1292,1220,385,1715,5066,3308,2857,2704,999,1491,3685,3161,3216,695,1688,,,,,,,,,,,,,,,,,,,,,,,,,,,,,,,,,,,,,,,,,,,,,,,,,,,,,,,,,,,,,,,,,,,,,,,,,,,
ACSSF,2011m1,co,000,0058,0000054,3544,3621,2184,2111,1864,660,1091,1970,1294,1279,485,1060,4518,2387,1969,2006,315,1290,2425,2088,1917,711,1709,604,461,460,389,246,13,397,360,360,201,189,1407,702,338,330,70,683,1080,838,838,165,664,1831,1171,952,927,207,694,1279,1304,1302,311,372,,,,,,,,,,,,,,,,,,,,,,,,,,,,,,,,,,,,,,,,,,,,,,,,,,,,,,,,,,,,,,,,,,,,,,,,,,,
ACSSF,2011m1,co,000,0058,0000055,3854,4492,2721,2611,2417,905,1136,2810,2331,2192,720,1295,4581,2413,2405,2324,764,1508,2544,2416,2176,892,1902,741,400,396,396,201,67,631,459,459,201,385,1111,426,316,316,201,302,986,600,422,429,808,2328,1472,1428,1242,602,590,1432,1426,1399,539,696,,,,,,,,,,,,,,,,,,,,,,,,,,,,,,,,,,,,,,,,,,,,,,,,,,,,,,,,,,,,,,,,,,,,,,,,,,,
ACSSF,2011m1,co,000,0058,0000056,1124,2562,1882,1720,1682,649,1261,1351,1203,1220,647,900,3787,2307,2244,2192,581,1192,2011,1754,1718,406,1665,769,309,186,186,201,272,705,320,291,130,547,1059,473,296,232,196,429,835,382,382,201,742,2161,1381,1090,1009,304,706,1482,1317,1233,487,768,,,,,,,,,,,,,,,,,,,,,,,,,,,,,,,,,,,,,,,,,,,,,,,,,,,,,,,,,,,,,,,,,,,,,,,,,,,
ACSSF,2011m1,co,000,0058,0000057,3447,3947,2613,2435,2147,1072,1852,2579,2233,2162,624,1446,3617,1863,1611,1559,619,984,1952,1953,1903,318,1275,357,202,202,192,63,201,311,148,135,64,276,796,364,165,165,4,318,649,191,191,4,614,1842,1216,984,840,361,780,1292,1057,1041,359,726,,,,,,,,,,,,,,,,,,,,,,,,,,,,,,,,,,,,,,,,,,,,,,,,,,,,,,,,,,,,,,,,,,,,,,,,,,,
ACSSF,2011m1,co,000,0058,0000058,1437,4093,2569,2339,2389,791,1895,2351,2142,2274,855,2099,5199,3082,3002,2910,782,1764,2723,2783,2810,668,2307,1302,1031,1015,1015,38,336,886,833,807,125,320,1372,719,382,253,300,652,1034,253,235,94,982,2662,1864,1593,1495,663,1006,1773,1614,1571,342,1061,,,,,,,,,,,,,,,,,,,,,,,,,,,,,,,,,,,,,,,,,,,,,,,,,,,,,,,,,,,,,,,,,,,,,,,,,,,
ACSSF,2011m1,co,000,0058,0000059,2200,2128,1826,1279,1345,532,1570,1029,1014,917,411,778,2862,1783,1536,1427,542,858,1606,1438,1359,484,1274,743,615,499,137,481,345,447,341,362,88,285,947,416,111,99,49,391,834,481,482,28,611,1430,896,634,608,128,704,874,722,686,220,565,,,,,,,,,,,,,,,,,,,,,,,,,,,,,,,,,,,,,,,,,,,,,,,,,,,,,,,,,,,,,,,,,,,,,,,,,,,
ACSSF,2011m1,co,000,0058,0000060,2081,1939,1474,989,924,616,1101,1095,841,846,523,750,2451,1541,1565,1542,403,866,1228,1082,1027,422,1065,442,245,203,126,108,157,334,162,161,21,306,661,270,139,139,201,245,621,299,300,14,573,1382,956,652,596,227,716,825,671,645,296,511,,,,,,,,,,,,,,,,,,,,,,,,,,,,,,,,,,,,,,,,,,,,,,,,,,,,,,,,,,,,,,,,,,,,,,,,,,,
ACSSF,2011m1,co,000,0058,0000061,1314,2670,1843,1726,1407,1127,1499,1445,1197,1286,609,1285,3887,2031,1809,1747,457,1211,2240,1999,1901,578,1291,843,564,339,331,140,450,691,622,559,181,341,1048,402,224,217,58,350,927,444,446,60,790,2383,1443,1177,1022,508,716,1464,1196,1186,154,782,,,,,,,,,,,,,,,,,,,,,,,,,,,,,,,,,,,,,,,,,,,,,,,,,,,,,,,,,,,,,,,,,,,,,,,,,,,
ACSSF,2011m1,co,000,0058,0000062,2543,2502,1715,1447,1482,673,1012,1639,1345,1324,533,1093,3852,2230,2144,2034,604,1216,2132,1726,1758,526,1702,685,404,398,340,182,122,561,425,238,349,320,1289,665,392,384,197,564,1023,513,512,86,908,1999,1198,1063,897,571,692,1483,1234,1127,560,863,,,,,,,,,,,,,,,,,,,,,,,,,,,,,,,,,,,,,,,,,,,,,,,,,,,,,,,,,,,,,,,,,,,,,,,,,,,
ACSSF,2011m1,co,000,0058,0000063,2612,3208,2449,2045,1983,964,1868,1631,1636,1622,771,1024,4788,2658,2417,2491,551,1233,2795,2290,2395,673,2097,589,101,55,26,51,88,590,403,403,201,469,630,210,129,129,201,178,576,297,297,201,578,2190,1403,1338,1272,464,689,1595,1582,1450,583,688,,,,,,,,,,,,,,,,,,,,,,,,,,,,,,,,,,,,,,,,,,,,,,,,,,,,,,,,,,,,,,,,,,,,,,,,,,,
ACSSF,2011m1,co,000,0058,0000064,4646,2729,2187,1892,1839,301,1260,1516,1275,1165,717,837,3858,2040,1549,1567,374,1075,1955,1643,1513,471,1310,678,439,177,177,201,296,496,502,502,201,86,613,328,169,169,201,305,490,267,263,44,448,1705,900,881,852,248,443,1262,1140,1103,214,722,,,,,,,,,,,,,,,,,,,,,,,,,,,,,,,,,,,,,,,,,,,,,,,,,,,,,,,,,,,,,,,,,,,,,,,,,,,
ACSSF,2011m1,co,000,0058,0000065,2567,2675,2181,1901,1999,907,1013,1649,1392,1303,402,1085,3291,1860,1836,1808,425,904,1855,1577,1682,448,1451,768,574,292,288,59,492,612,616,580,137,80,1046,463,377,274,230,273,887,513,477,237,714,2032,1118,1041,1000,438,496,1598,1485,1402,478,457,,,,,,,,,,,,,,,,,,,,,,,,,,,,,,,,,,,,,,,,,,,,,,,,,,,,,,,,,,,,,,,,,,,,,,,,,,,
ACSSF,2011m1,co,000,0058,0000066,2196,2842,2115,2044,1945,854,1848,2121,2025,1923,632,1402,2826,1574,1425,1422,210,629,1402,1236,1263,392,889,374,128,83,83,201,94,353,342,342,201,100,704,447,375,374,31,253,520,214,214,201,524,1237,748,637,631,62,368,1002,839,805,222,575,,,,,,,,,,,,,,,,,,,,,,,,,,,,,,,,,,,,,,,,,,,,,,,,,,,,,,,,,,,,,,,,,,,,,,,,,,,
ACSSF,2011m1,co,000,0058,0000067,3650,3003,2142,1892,1835,737,943,1991,1730,1626,555,1077,3919,2084,2134,2259,588,986,2238,2043,2056,660,1336,590,359,359,359,201,201,429,428,395,147,37,1123,732,629,625,127,393,836,515,442,211,653,1639,855,833,809,318,290,1295,1247,1159,339,507,,,,,,,,,,,,,,,,,,,,,,,,,,,,,,,,,,,,,,,,,,,,,,,,,,,,,,,,,,,,,,,,,,,,,,,,,,,
ACSSF,2011m1,co,000,0058,0000068,3973,3092,2190,2002,1844,754,1224,1874,1767,1621,953,931,3294,1723,1657,1698,682,1230,1854,1674,1540,808,1199,785,393,362,297,205,171,611,486,468,137,402,1142,686,562,139,541,497,990,523,523,201,926,1851,1039,1056,1034,210,438,1465,1246,1204,246,698,,,,,,,,,,,,,,,,,,,,,,,,,,,,,,,,,,,,,,,,,,,,,,,,,,,,,,,,,,,,,,,,,,,,,,,,,,,
ACSSF,2011m1,co,000,0058,0000069,4679,2893,2233,1904,1746,701,1076,1921,1903,1516,914,705,3773,2086,1792,1857,630,1087,1972,1806,1763,668,1446,534,316,295,292,56,138,469,333,268,170,317,844,318,86,86,201,311,790,567,545,107,531,2228,1473,1443,1307,543,440,1551,1368,1240,431,599,,,,,,,,,,,,,,,,,,,,,,,,,,,,,,,,,,,,,,,,,,,,,,,,,,,,,,,,,,,,,,,,,,,,,,,,,,,
ACSSF,2011m1,co,000,0058,0000070,4810,3822,2459,2306,2229,1033,1387,2384,2174,2124,677,1264,4494,2444,2385,2397,953,782,2363,2183,2164,667,1670,976,676,630,630,201,210,685,617,608,91,254,1617,784,428,428,201,630,1319,877,877,201,873,2590,2038,1810,1701,530,734,1327,1112,1123,317,673,,,,,,,,,,,,,,,,,,,,,,,,,,,,,,,,,,,,,,,,,,,,,,,,,,,,,,,,,,,,,,,,,,,,,,,,,,,
ACSSF,2011m1,co,000,0058,0000071,7336,4304,2698,2724,2227,1132,1102,2823,2614,2534,698,1248,5669,2956,2682,2692,884,1679,3018,2378,2396,790,2770,1128,935,935,932,87,201,667,642,614,259,150,1186,275,75,75,201,268,1180,920,921,34,766,3628,1592,1274,1192,213,678,2573,2184,2167,236,864,,,,,,,,,,,,,,,,,,,,,,,,,,,,,,,,,,,,,,,,,,,,,,,,,,,,,,,,,,,,,,,,,,,,,,,,,,,
ACSSF,2011m1,co,000,0058,0000072,5416,3223,1925,1754,1518,1001,995,1867,1688,1650,825,758,3743,1922,1739,1713,424,1019,2010,1794,1799,491,1315,974,307,286,277,76,126,890,771,561,527,427,861,347,146,146,201,324,815,274,249,111,772,1499,916,815,785,224,395,1084,918,825,412,499,,,,,,,,,,,,,,,,,,,,,,,,,,,,,,,,,,,,,,,,,,,,,,,,,,,,,,,,,,,,,,,,,,,,,,,,,,,
ACSSF,2011m1,co,000,0058,0000073,4884,3254,2438,1971,1826,973,1168,1742,1534,1267,1085,1174,3139,1678,1623,1703,705,1083,1791,1567,1492,515,1080,854,502,472,461,113,124,728,592,526,248,360,969,480,465,465,201,132,830,470,323,357,749,1807,1140,1028,990,272,425,1314,1134,1101,243,750,,,,,,,,,,,,,,,,,,,,,,,,,,,,,,,,,,,,,,,,,,,,,,,,,,,,,,,,,,,,,,,,,,,,,,,,,,,
ACSSF,2011m1,co,000,0058,0000074,4439,2986,2125,1906,1679,804,788,1766,1602,1587,371,774,3463,1861,1947,1880,445,880,1893,1660,1695,313,1254,692,603,610,610,201,217,278,268,250,103,69,992,533,380,380,201,356,706,380,361,121,708,1818,1146,1119,1043,282,318,1187,1080,1071,198,564,,,,,,,,,,,,,,,,,,,,,,,,,,,,,,,,,,,,,,,,,,,,,,,,,,,,,,,,,,,,,,,,,,,,,,,,,,,
ACSSF,2011m1,co,000,0058,0000075,5965,4045,2995,2639,2552,758,1386,2570,2503,2351,772,1381,5080,2724,2544,2524,1029,1151,2643,2102,2038,612,1709,1165,992,867,867,5,573,786,478,475,57,522,1143,435,315,315,201,233,1041,555,387,382,770,2153,1084,942,868,343,521,1610,1363,1400,411,882,,,,,,,,,,,,,,,,,,,,,,,,,,,,,,,,,,,,,,,,,,,,,,,,,,,,,,,,,,,,,,,,,,,,,,,,,,,
ACSSF,2011m1,co,000,0058,0000076,4551,3681,2468,2333,2050,814,1185,2402,2088,1873,813,883,2951,1657,1443,1350,501,660,1485,1183,1100,326,918,1064,637,634,492,410,71,681,502,484,86,402,924,572,353,236,259,433,713,267,257,66,674,1534,1120,907,894,260,709,1018,818,823,91,599,,,,,,,,,,,,,,,,,,,,,,,,,,,,,,,,,,,,,,,,,,,,,,,,,,,,,,,,,,,,,,,,,,,,,,,,,,,
ACSSF,2011m1,co,000,0058,0000077,5324,4112,3265,2954,2827,688,1281,2662,2439,2412,457,1107,3145,1553,1462,1450,435,852,1712,1484,1386,371,1020,441,426,410,410,201,72,104,104,104,201,201,854,527,400,393,74,372,554,198,198,201,512,1751,1292,1243,963,726,459,999,706,667,339,614,,,,,,,,,,,,,,,,,,,,,,,,,,,,,,,,,,,,,,,,,,,,,,,,,,,,,,,,,,,,,,,,,,,,,,,,,,,
ACSSF,2011m1,co,000,0058,0000078,5554,4579,3220,2776,2680,793,1289,2807,2287,2280,440,1178,4575,2452,2362,2094,812,1115,2368,1958,1929,352,1484,1121,805,805,636,400,201,775,477,377,364,585,1187,560,339,339,201,399,1102,651,525,431,878,2253,1307,1242,1216,219,494,1897,1747,1678,625,771,,,,,,,,,,,,,,,,,,,,,,,,,,,,,,,,,,,,,,,,,,,,,,,,,,,,,,,,,,,,,,,,,,,,,,,,,,,
ACSSF,2011m1,co,000,0058,0000079,6672,4582,2828,2185,2139,584,1325,2625,2135,2098,412,1142,4235,2179,1802,1797,612,795,2298,1195,1128,559,2020,935,700,592,379,469,400,736,744,690,340,341,928,373,98,98,201,365,849,408,408,201,849,2069,1217,1051,998,302,691,1548,1431,1259,545,538,,,,,,,,,,,,,,,,,,,,,,,,,,,,,,,,,,,,,,,,,,,,,,,,,,,,,,,,,,,,,,,,,,,,,,,,,,,
ACSSF,2011m1,co,000,0058,0000080,3055,2668,1865,1684,1655,493,974,1659,1393,1268,455,829,3204,1685,1522,1405,500,924,1686,1266,1286,469,1379,707,330,296,296,201,157,592,395,368,112,442,875,440,161,159,33,432,834,423,423,201,672,1774,1031,851,803,198,601,1250,1177,1165,180,654,,,,,,,,,,,,,,,,,,,,,,,,,,,,,,,,,,,,,,,,,,,,,,,,,,,,,,,,,,,,,,,,,,,,,,,,,,,
ACSSF,2011m1,co,000,0058,0000081,3321,2542,1953,1781,1800,934,792,1420,1239,1148,386,797,2411,1269,1431,1452,414,985,1347,1222,1128,420,1067,691,592,587,587,201,81,372,300,300,201,216,929,705,318,318,201,639,615,297,297,201,553,1891,1310,1114,1063,390,748,1316,1020,953,412,870,,,,,,,,,,,,,,,,,,,,,,,,,,,,,,,,,,,,,,,,,,,,,,,,,,,,,,,,,,,,,,,,,,,,,,,,,,,
ACSSF,2011m1,co,000,0058,0000082,4617,2868,2283,2045,2073,468,1277,1486,1449,1313,586,803,4279,2215,2186,2055,559,930,2247,1956,1910,511,1119,453,242,177,160,81,168,386,347,347,201,53,1170,630,266,261,57,558,956,293,276,126,922,2202,1633,1435,1217,619,694,1213,963,880,335,753,,,,,,,,,,,,,,,,,,,,,,,,,,,,,,,,,,,,,,,,,,,,,,,,,,,,,,,,,,,,,,,,,,,,,,,,,,,
ACSSF,2011m1,co,000,0058,0000083,2833,2414,1779,1566,1507,410,848,1500,1327,1246,343,847,2722,1302,1188,1200,302,721,1587,1373,1312,635,1026,538,301,283,283,201,86,439,431,415,117,96,875,460,229,229,201,410,705,417,365,153,648,1968,1158,1000,986,199,545,1589,1393,1215,482,718,,,,,,,,,,,,,,,,,,,,,,,,,,,,,,,,,,,,,,,,,,,,,,,,,,,,,,,,,,,,,,,,,,,,,,,,,,,
ACSSF,2011m1,co,000,0058,0000084,4500,2962,2003,1920,1823,753,799,1856,1654,1735,634,710,4350,2294,2370,2387,389,996,2263,2127,2005,625,1675,301,148,148,148,201,201,239,208,208,201,112,1012,530,519,503,127,167,780,421,421,201,625,1867,970,944,898,409,305,1474,1360,1337,391,471,,,,,,,,,,,,,,,,,,,,,,,,,,,,,,,,,,,,,,,,,,,,,,,,,,,,,,,,,,,,,,,,,,,,,,,,,,,
ACSSF,2011m1,co,000,0058,0000085,3709,3349,2225,2031,2026,984,1038,1776,1744,1668,392,1146,4065,2264,2084,2062,459,994,2311,2289,2130,842,1778,557,306,306,306,201,201,435,433,384,166,61,1112,350,64,64,201,331,1078,945,938,68,464,2952,1794,1711,1495,637,432,1927,1700,1693,300,692,,,,,,,,,,,,,,,,,,,,,,,,,,,,,,,,,,,,,,,,,,,,,,,,,,,,,,,,,,,,,,,,,,,,,,,,,,,
ACSSF,2011m1,co,000,0058,0000086,4501,2420,1991,1426,1313,469,1646,1621,1178,1094,490,1078,4744,2675,2484,2442,780,1245,2337,2055,2114,694,1999,866,511,511,502,113,201,730,670,503,442,339,720,353,320,171,237,295,669,335,335,201,585,2163,1029,1048,980,338,223,1343,1263,1263,201,519,,,,,,,,,,,,,,,,,,,,,,,,,,,,,,,,,,,,,,,,,,,,,,,,,,,,,,,,,,,,,,,,,,,,,,,,,,,
ACSSF,2011m1,co,000,0058,0000087,4212,2349,1963,1481,1444,591,1086,1479,1185,1038,588,868,3807,2051,1873,1871,645,877,1962,1673,1561,378,1376,749,522,506,495,64,117,557,467,456,86,266,976,418,197,142,137,395,915,436,315,306,821,2178,1236,1159,1128,497,351,1465,1111,979,500,796,,,,,,,,,,,,,,,,,,,,,,,,,,,,,,,,,,,,,,,,,,,,,,,,,,,,,,,,,,,,,,,,,,,,,,,,,,,
ACSSF,2011m1,co,000,0058,0000088,5002,3450,2173,1816,1501,857,998,2092,1611,1476,596,1271,3403,1759,1614,1564,654,1132,1808,1296,1241,609,1463,779,625,616,605,107,100,506,488,482,96,85,1130,876,221,208,75,852,822,485,478,58,814,1973,1010,901,798,432,561,1547,1199,1168,202,825,,,,,,,,,,,,,,,,,,,,,,,,,,,,,,,,,,,,,,,,,,,,,,,,,,,,,,,,,,,,,,,,,,,,,,,,,,,
ACSSF,2011m1,co,000,0058,0000089,5466,4022,3474,2586,2589,897,1566,1800,1535,1420,452,886,4764,2652,2542,2684,1088,1131,2355,2329,2321,1222,1810,1346,1281,543,513,202,1177,546,538,504,207,69,774,456,310,310,201,340,584,234,234,201,556,2213,952,967,950,186,262,2039,1818,1744,424,1142,,,,,,,,,,,,,,,,,,,,,,,,,,,,,,,,,,,,,,,,,,,,,,,,,,,,,,,,,,,,,,,,,,,,,,,,,,,
ACSSF,2011m1,co,000,0058,0000090,4738,3027,1871,1461,1427,671,1256,1934,1536,1342,804,1012,3784,2065,1964,1802,587,695,1993,1363,1225,648,1477,1100,591,555,544,136,248,718,601,575,172,380,896,463,177,182,113,401,790,542,542,201,741,1724,1084,962,937,228,438,1102,947,891,462,608,,,,,,,,,,,,,,,,,,,,,,,,,,,,,,,,,,,,,,,,,,,,,,,,,,,,,,,,,,,,,,,,,,,,,,,,,,,
ACSSF,2011m1,co,000,0058,0000091,2969,2668,2534,1917,1751,585,2151,1348,793,756,317,1089,3732,2238,1764,1677,458,1551,2067,1683,1576,512,1333,437,389,235,166,175,341,262,226,157,173,168,1092,390,169,154,59,336,951,470,470,201,814,1837,880,678,659,269,607,1442,974,972,192,1020,,,,,,,,,,,,,,,,,,,,,,,,,,,,,,,,,,,,,,,,,,,,,,,,,,,,,,,,,,,,,,,,,,,,,,,,,,,
ACSSF,2011m1,co,000,0058,0000092,4477,2290,1850,1680,1633,439,911,1149,991,883,391,758,3624,1949,2107,2023,889,834,1855,1778,1770,373,1447,311,100,100,100,201,201,292,292,250,155,201,768,526,100,100,201,513,594,285,285,201,529,1835,925,866,864,55,287,1314,1254,1216,252,451,,,,,,,,,,,,,,,,,,,,,,,,,,,,,,,,,,,,,,,,,,,,,,,,,,,,,,,,,,,,,,,,,,,,,,,,,,,
ACSSF,2011m1,co,000,0058,0000093,5532,4085,2665,2473,2176,1465,1261,2844,2834,2836,1190,1193,5363,2897,2879,2888,886,1409,2847,2273,2130,834,2110,1525,1062,1055,1048,136,81,1084,957,762,618,505,1634,428,146,146,201,404,1493,960,869,375,1107,2965,1451,1242,1197,327,529,2417,2117,2137,470,776,,,,,,,,,,,,,,,,,,,,,,,,,,,,,,,,,,,,,,,,,,,,,,,,,,,,,,,,,,,,,,,,,,,,,,,,,,,
ACSSF,2011m1,co,000,0058,0000094,3737,3824,2737,2720,2692,1125,1870,2618,2279,2170,674,1691,4750,2712,2364,2356,619,1016,2421,1945,1966,716,1575,638,318,329,329,201,94,546,534,534,201,108,1061,811,739,738,134,321,768,430,430,201,688,1910,1178,1061,1033,305,594,1292,1111,1092,450,796,,,,,,,,,,,,,,,,,,,,,,,,,,,,,,,,,,,,,,,,,,,,,,,,,,,,,,,,,,,,,,,,,,,,,,,,,,,
ACSSF,2011m1,co,000,0058,0000095,4499,3255,1684,1618,1538,470,910,2148,2005,2007,193,767,3716,1908,1854,1923,533,686,1938,1984,1913,508,1174,694,473,459,459,201,124,481,470,458,91,78,1223,631,426,426,201,488,1014,773,773,201,546,1955,1518,1443,1433,336,443,1019,951,951,116,374,,,,,,,,,,,,,,,,,,,,,,,,,,,,,,,,,,,,,,,,,,,,,,,,,,,,,,,,,,,,,,,,,,,,,,,,,,,
ACSSF,2011m1,co,000,0058,0000096,5509,4360,2929,2760,2448,1239,1237,2995,2691,2544,820,1342,5720,3142,3016,3146,1056,1802,3150,2766,2676,688,2409,1350,1037,1011,908,414,264,794,682,664,136,290,1228,579,437,437,201,345,995,665,680,34,815,3444,1900,1615,1596,229,799,2357,1834,1841,401,1053,,,,,,,,,,,,,,,,,,,,,,,,,,,,,,,,,,,,,,,,,,,,,,,,,,,,,,,,,,,,,,,,,,,,,,,,,,,
ACSSF,2011m1,co,000,0058,0000097,6941,4736,3446,3099,2533,1438,1230,2756,2177,1973,747,1526,5055,2667,2630,2578,795,1368,2737,1841,1700,822,2259,1275,948,926,898,276,183,788,715,714,109,209,1305,958,426,381,154,894,1083,556,556,104,1155,2462,1562,1540,1329,609,690,2027,1678,1669,402,1350,,,,,,,,,,,,,,,,,,,,,,,,,,,,,,,,,,,,,,,,,,,,,,,,,,,,,,,,,,,,,,,,,,,,,,,,,,,
ACSSF,2011m1,co,000,0058,0000098,1090,6200,3345,3584,3300,1744,2475,3918,3796,3713,1317,2323,7476,4046,3675,3810,1485,1778,4460,3511,3172,1081,3032,2374,1808,1722,1306,628,729,1512,1248,1215,529,991,2017,1078,665,630,271,895,1629,885,700,577,1468,4351,2533,2371,2298,853,1260,3068,2907,2674,913,1369,,,,,,,,,,,,,,,,,,,,,,,,,,,,,,,,,,,,,,,,,,,,,,,,,,,,,,,,,,,,,,,,,,,,,,,,,,,
ACSSF,2011m1,co,000,0058,0000099,1349,3329,2424,2430,2301,1093,1180,1947,1926,2062,677,1331,5038,2686,2570,2546,535,1205,3173,3057,2812,1161,2355,601,350,350,350,201,201,465,444,398,166,127,1298,503,344,316,127,376,1214,1048,1036,68,689,3374,2019,1893,1602,727,514,2203,1854,1838,439,867,,,,,,,,,,,,,,,,,,,,,,,,,,,,,,,,,,,,,,,,,,,,,,,,,,,,,,,,,,,,,,,,,,,,,,,,,,,
ACSSF,2011m1,co,000,0058,0000100,6674,4143,3813,2536,2525,448,1936,1416,1292,1205,415,476,3874,2083,2114,2222,996,666,1941,1890,1738,1176,1349,1481,1248,454,445,113,1180,526,526,375,405,201,477,239,201,201,201,239,414,197,197,201,375,2060,825,825,834,159,74,1752,1568,1496,297,687,,,,,,,,,,,,,,,,,,,,,,,,,,,,,,,,,,,,,,,,,,,,,,,,,,,,,,,,,,,,,,,,,,,,,,,,,,,
ACSSF,2011m1,co,000,0058,0000101,4131,3880,2230,2208,2166,1155,1874,2757,2706,2694,675,1354,4817,2451,2442,2288,660,1341,2667,2559,2383,548,1668,605,431,424,419,63,67,404,152,139,64,348,1039,437,179,180,4,391,871,474,247,410,683,2313,1451,1258,1006,594,830,1660,1587,1528,661,780,,,,,,,,,,,,,,,,,,,,,,,,,,,,,,,,,,,,,,,,,,,,,,,,,,,,,,,,,,,,,,,,,,,,,,,,,,,
ACSSF,2011m1,co,000,0058,0000102,1124,2562,1882,1720,1682,649,1261,1351,1203,1220,647,900,3787,2307,2244,2192,581,1192,2011,1754,1718,406,1665,769,309,186,186,201,272,705,320,291,130,547,1059,473,296,232,196,429,835,382,382,201,742,2161,1381,1090,1009,304,706,1482,1317,1233,487,768,,,,,,,,,,,,,,,,,,,,,,,,,,,,,,,,,,,,,,,,,,,,,,,,,,,,,,,,,,,,,,,,,,,,,,,,,,,
ACSSF,2011m1,co,000,0058,0000103,4553,3058,2151,2100,2016,550,1491,1647,1416,1307,756,1490,4692,2426,2266,2243,434,1672,2446,2188,2235,456,1657,1110,855,895,895,38,197,783,691,670,89,301,1117,477,249,249,201,458,861,236,218,93,838,1879,1270,1120,1009,490,595,1215,1018,995,155,836,,,,,,,,,,,,,,,,,,,,,,,,,,,,,,,,,,,,,,,,,,,,,,,,,,,,,,,,,,,,,,,,,,,,,,,,,,,
ACSSF,2011m1,co,000,0058,0000104,4628,2805,1831,1381,1182,715,1130,1650,1372,1094,773,929,2973,1565,1630,1519,536,556,1640,1264,1254,552,1047,952,569,538,538,201,122,557,335,339,140,429,601,245,172,132,113,174,595,344,268,216,500,1812,1039,929,900,263,360,1169,1096,975,548,481,,,,,,,,,,,,,,,,,,,,,,,,,,,,,,,,,,,,,,,,,,,,,,,,,,,,,,,,,,,,,,,,,,,,,,,,,,,
ACSSF,2011m1,co,000,0058,0000105,1245,4668,3300,3004,3128,1453,1803,2616,2551,2507,1161,1370,6148,3482,3418,3267,965,1783,3619,2968,2928,952,2451,1185,843,701,702,81,386,876,721,698,183,515,1785,1173,643,644,65,946,1319,733,743,149,1136,3868,2530,2217,2064,768,1119,2841,2565,2499,709,1423,,,,,,,,,,,,,,,,,,,,,,,,,,,,,,,,,,,,,,,,,,,,,,,,,,,,,,,,,,,,,,,,,,,,,,,,,,,
ACSSF,2011m1,co,000,0058,0000106,3208,2487,1406,1339,1171,685,699,1795,1514,1499,376,803,2670,1464,1318,1278,362,898,1421,1269,1384,591,1187,424,109,110,110,201,68,396,391,383,80,95,1045,487,355,355,201,342,840,386,353,183,756,1509,889,844,850,287,444,1199,991,982,146,625,,,,,,,,,,,,,,,,,,,,,,,,,,,,,,,,,,,,,,,,,,,,,,,,,,,,,,,,,,,,,,,,,,,,,,,,,,,
ACSSF,2011m1,co,000,0058,0000107,4106,3121,2489,2251,2356,676,1033,1778,1617,1592,234,1037,3779,2134,2206,2160,649,1043,2057,1794,1953,675,1484,753,645,317,312,59,492,490,487,475,137,97,1342,688,501,297,388,495,994,491,432,237,894,2015,1283,1212,1066,655,437,1565,1444,1453,344,499,,,,,,,,,,,,,,,,,,,,,,,,,,,,,,,,,,,,,,,,,,,,,,,,,,,,,,,,,,,,,,,,,,,,,,,,,,,
ACSSF,2011m1,co,000,0058,0000108,4143,3252,2025,1931,1944,563,973,2067,1593,1434,693,1030,4257,2264,2021,2023,693,1284,2221,1958,1858,726,1741,474,142,142,142,201,201,459,459,459,201,201,1129,599,309,309,201,514,856,377,377,18,742,1859,1153,1093,988,352,350,1190,1020,1010,298,734,,,,,,,,,,,,,,,,,,,,,,,,,,,,,,,,,,,,,,,,,,,,,,,,,,,,,,,,,,,,,,,,,,,,,,,,,,,
ACSSF,2011m1,co,000,0058,0000109,1878,2315,1645,1575,1244,966,1209,1422,1205,1266,616,1254,2902,1591,1362,1271,378,1035,1594,1353,1291,543,1072,756,490,324,315,140,359,606,495,460,181,351,949,354,176,166,58,322,829,363,366,60,710,1882,1209,1013,839,508,664,1143,798,790,141,720,,,,,,,,,,,,,,,,,,,,,,,,,,,,,,,,,,,,,,,,,,,,,,,,,,,,,,,,,,,,,,,,,,,,,,,,,,,
ACSSF,2011m1,co,000,0058,0000110,6184,4682,3009,2430,1788,1321,1560,2802,2550,2006,1307,1334,4614,2498,2521,2534,778,1400,2653,2444,2375,728,1769,808,570,532,477,212,195,584,433,416,170,317,1499,877,552,106,541,640,1112,820,779,211,736,2170,1408,1334,1315,507,477,1619,1411,1356,342,819,,,,,,,,,,,,,,,,,,,,,,,,,,,,,,,,,,,,,,,,,,,,,,,,,,,,,,,,,,,,,,,,,,,,,,,,,,,
ACSSF,2011m1,co,000,0058,0000111,4498,2761,1957,1830,1733,488,673,1522,1401,1241,603,729,2508,1357,1358,1296,581,703,1318,1182,940,758,886,776,189,81,81,201,184,698,553,512,137,447,890,349,116,116,201,328,738,236,236,201,718,1682,1032,973,847,443,605,1127,900,846,274,529,,,,,,,,,,,,,,,,,,,,,,,,,,,,,,,,,,,,,,,,,,,,,,,,,,,,,,,,,,,,,,,,,,,,,,,,,,,
