ACSSF,2011m1,co,000,0018,0000001,4921,11055,9006,5415,5277,3993,9464,8854,4312,11345,10219,9347,5500,3996,6830,6279,3369,14782,14714,13115,4868,5461,8309,8348,1779,14421,12922,7597,4964,3132,3151,2044,2015,1748,2584,0,14421,14421,4921,14488,13893,10220,14782,13740,6727,14421,12922,7597,5949,3754,3304
ACSSF,2011m1,co,000,0018,0000002,10680,10717,7800,4788,5166,2331,8934,8498,4254,8689,8117,7234,5240,4067,6207,5737,3354,13096,12827,11067,4985,4630,6462,6570,1688,13350,12290,6707,3930,2891,2859,1823,1879,1356,2483,20954,23193,13350,10680,13425,11983,9647,13096,11665,6575,13350,12290,6707,5050,3548,2921
ACSSF,2011m1,co,000,0018,0000003,11498,4777,3711,2172,1007,3121,2799,2466,1148,8014,7204,6226,3422,1275,3733,3489,1400,11098,10797,10516,1953,3425,4210,4128,638,6786,4579,5206,3266,2139,1249,1049,900,961,963,20954,19965,6786,11498,9140,7556,5155,11098,10897,4389,6786,4579,5206,4135,1743,1349
ACSSF,2011m1,co,000,0018,0000004,5534,10909,8901,5180,5170,4023,9295,8673,4317,10653,9777,9099,5283,3972,6779,6092,3440,14533,13993,12401,4686,5432,8058,8065,1785,14112,12891,7283,4957,2981,3165,2019,2001,1602,2608,4436,15875,14112,5534,14428,13544,10242,14533,13420,6692,14112,12891,7283,5831,3665,3224
ACSSF,2011m1,co,000,0018,0000005,5507,11257,8949,5189,4760,3867,9760,8779,4247,10454,9574,8960,5287,3729,6641,5878,3289,14726,14241,12520,4531,5247,8105,8092,1781,13567,11783,7135,4678,3049,3071,1989,1884,1587,2501,3689,14801,13567,5507,14618,12947,9729,14726,13509,6808,13567,11783,7135,5739,3448,3098
ACSSF,2011m1,co,000,0018,0000006,7149,7339,5673,3408,3883,1497,6838,6183,3477,6842,6117,5397,4852,2578,4882,4346,2474,9686,9064,7888,3573,3160,4722,4556,1328,10545,9497,5135,3281,2730,2239,1458,1585,1145,1810,578,10586,10545,7149,9177,8896,7830,9686,8816,4759,10545,9497,5135,4096,3097,2159
ACSSF,2011m1,co,000,0018,0000007,6899,8032,5824,4140,2479,3529,6277,5596,2557,8740,7227,7486,2805,2799,4576,4399,1920,11195,11138,11071,3182,3836,6450,6596,1365,8292,7791,6101,3596,1908,1972,1477,1412,1306,1779,3736,9565,8292,6899,11837,11489,6391,11195,11472,4757,8292,7791,6101,4303,2927,2209
ACSSF,2011m1,co,000,0018,0000008,2186,2547,1677,1105,1264,627,2292,2265,1527,3199,2778,2323,1076,886,1600,1531,514,3650,3497,2933,1735,1085,1409,1387,150,3883,3515,1643,928,554,539,340,458,264,626,2378,4722,3883,2186,3972,3583,2183,3650,3003,2086,3883,3515,1643,1062,833,653
ACSSF,2011m1,co,000,0018,0000009,3258,2339,1321,791,1061,190,2011,2015,349,2085,1970,1983,259,258,480,463,155,2658,2503,2114,1207,835,643,643,201,3672,3172,1252,382,541,438,118,384,262,574,7613,6564,3672,3258,3003,3023,1124,2658,2170,1522,3672,3172,1252,676,592,602
ACSSF,2011m1,co,000,0018,0000010,3619,1779,1038,787,581,607,1654,1228,1372,2589,2037,1395,1039,970,1457,1384,480,3228,3024,2623,1134,689,1149,1123,150,3310,3157,1127,860,264,284,331,329,19,188,8144,7600,3310,3619,3190,2560,1947,3228,2830,1353,3310,3157,1127,896,576,189
ACSSF,2011m1,co,000,0018,0000011,2600,2443,1799,1448,969,440,1652,1653,487,3420,2873,2506,1431,842,2001,1553,1322,3739,3529,3472,869,1057,1730,1650,297,2542,2352,1363,799,493,726,142,201,494,432,4436,4808,2542,2600,3632,3189,2030,3739,3595,1547,2542,2352,1363,991,828,667
ACSSF,2011m1,co,000,0018,0000012,2812,3897,2593,1849,1633,782,2793,2862,1608,4593,3873,3340,1645,1197,2694,2151,1391,4689,4551,4296,1930,1576,2167,2081,341,4563,4180,2244,1258,704,868,335,496,574,775,3689,5496,4563,2812,4992,4736,2811,4689,4336,2727,4563,4180,2244,1415,1099,920
ACSSF,2011m1,co,000,0018,0000013,2391,4987,3902,2969,2085,2685,3033,2679,2210,3912,3204,1715,2121,1962,2536,2141,1306,5380,4633,4035,2014,1469,3331,3224,799,5895,4727,3259,2389,1256,1076,956,536,397,725,0,5895,5895,2391,5435,4766,4197,5380,5167,2490,5895,4727,3259,2803,1536,774
ACSSF,2011m1,co,000,0018,0000014,1336,3869,2950,1982,1745,706,2905,2263,1955,4229,3591,3146,2196,1661,2766,2210,1730,4649,4901,4645,2456,2620,3604,3621,438,5030,4983,2981,2042,1314,1326,1070,759,786,849,0,5030,5030,1336,4981,4207,4069,4649,4205,2841,5030,4983,2981,2579,1522,1206
ACSSF,2011m1,co,000,0018,0000015,926,2060,1312,248,1277,64,1852,1728,949,2043,1642,1185,731,942,1015,845,628,2573,2400,2197,1134,1535,1317,1325,74,3142,2929,1702,1292,697,817,550,272,378,676,0,3142,3142,926,2425,2065,1803,2573,2175,1714,3142,2929,1702,1399,1053,772
ACSSF,2011m1,co,000,0018,0000016,1615,4114,2414,1631,1847,1034,3978,3227,2325,4527,4200,1640,4121,1559,2362,1748,1750,4323,4089,3495,2030,1411,2407,2026,1105,6504,5569,3345,1668,2268,1344,713,1093,522,1148,0,6504,6504,1615,4292,4160,4901,4323,3802,2691,6504,5569,3345,2781,2126,1211
ACSSF,2011m1,co,000,0018,0000017,1001,2098,817,773,12,275,1747,1454,939,2325,2427,2177,426,1774,987,987,201,3397,4138,4436,1257,1859,2608,2618,110,2627,2111,2182,1479,435,696,740,653,704,451,0,2627,2627,1001,3146,2826,1704,3397,3944,2110,2627,2111,2182,1587,1416,792
ACSSF,2011m1,co,000,0018,0000018,2393,4543,3518,2032,2541,970,2998,3062,485,4441,3936,3479,1602,1394,3120,3058,719,5092,4643,4646,1492,2542,2764,2863,769,4159,2752,3101,1499,1470,1103,415,678,577,1537,0,4159,4159,2393,5148,4795,3132,5092,5389,2979,4159,2752,3101,2281,1203,1649
ACSSF,2011m1,co,000,0018,0000019,1242,3267,1964,1624,749,415,2509,2364,607,3417,2364,2296,677,263,2113,2103,334,4113,4382,4322,1009,1473,2642,2628,502,3418,2880,1665,755,929,686,563,460,637,753,0,3418,3418,1242,3883,3709,1270,4113,4154,1884,3418,2880,1665,1190,1075,1012
ACSSF,2011m1,co,000,0018,0000020,766,2671,1372,1116,743,201,2311,2208,870,2773,2645,2427,1112,471,1385,1384,180,2988,3265,3264,1040,1222,1523,1368,554,2371,2117,1350,807,415,376,269,815,207,659,0,2371,2371,766,2953,2991,1526,2988,3075,1490,2371,2117,1350,1019,869,682
ACSSF,2011m1,co,000,0018,0000021,,,,,,,,,,,,,,,,,,,,,,,,,,1481,1111,1012,821,208,229,154,359,108,406,0,1481,1481,716,2291,2299,911,2311,2425,929,1481,1111,1012,852,426,442
ACSSF,2011m1,co,000,0018,0000022,1160,1740,1237,1221,132,244,1645,1656,219,2202,1869,1823,366,163,1567,1567,201,2264,2135,2013,433,413,1163,1168,154,1195,1040,729,323,193,360,203,282,251,269,0,1195,1195,1160,2237,2240,513,2264,2170,558,1195,1040,729,356,517,376
ACSSF,2011m1,co,000,0018,0000023,1534,2963,2609,1208,1838,1754,2604,2705,707,5481,5316,5355,1321,1080,2025,1985,521,4729,4782,4538,1398,720,1731,1704,164,3280,3034,1798,984,379,699,412,396,308,337,0,3280,3280,1534,4993,5717,2972,4729,4450,1583,3280,3034,1798,1064,909,470
ACSSF,2011m1,co,000,0018,0000024,,,,,,,,,,,,,,,,,,,,,,,,,,,,,,,,,,,,1046,1554,1229,1956,2023,2040,338,2020,2063,615,1229,868,815,456,241,522
ACSSF,2011m1,co,000,0018,0000025,3397,2973,2360,1635,1556,609,3022,2429,1718,3501,3266,3099,2223,1526,2450,2100,1490,3634,3336,3115,2083,1945,2988,3086,506,4855,4687,2748,1740,1172,1172,907,558,774,653,533,4959,4855,3397,3968,3797,3486,3634,3281,2688,4855,4687,2748,2225,1492,1079
ACSSF,2011m1,co,000,0018,0000026,,,,,,,,,,,,,,,,,,,,,,,,,,1613,1498,836,371,258,379,347,154,241,491,56,1616,1613,1683,1181,817,921,1480,1490,593,1613,1498,836,473,516,579
ACSSF,2011m1,co,000,0018,0000027,,,,,,,,,,,,,,,,,,,,,,,,,,2018,1687,1050,738,372,563,377,391,226,245,69,2024,2018,2098,1668,1551,688,2180,1971,1553,2018,1687,1050,824,778,335
ACSSF,2011m1,co,000,0018,0000028,3350,4239,3278,1935,2528,832,2960,3000,375,3722,2764,2587,1589,1154,2585,2536,639,4506,3978,3748,1465,2124,2332,2260,353,4035,2699,2897,1218,1534,1008,384,499,415,1328,75,4030,4035,3350,4584,4651,2987,4506,4534,2510,4035,2699,2897,2134,1057,1394
ACSSF,2011m1,co,000,0018,0000029,1615,4114,2414,1631,1847,1034,3978,3227,2325,4527,4200,1640,4121,1559,2362,1748,1750,4323,4089,3495,2030,1411,2407,2026,1105,6504,5569,3345,1668,2268,1344,713,1093,522,1148,0,6504,6504,1615,4292,4160,4901,4323,3802,2691,6504,5569,3345,2781,2126,1211
ACSSF,2011m1,co,000,0018,0000030,,,,,,,,,,,,,,,,,,,,,,,,,,1854,1499,1115,688,333,209,234,380,134,316,59,1848,1854,2051,2468,2420,392,2637,2709,981,1854,1499,1115,842,451,338
ACSSF,2011m1,co,000,0018,0000031,2738,2108,2063,912,1824,622,1720,1757,707,2181,1659,1573,801,495,1551,1501,459,2153,2133,1741,1342,272,850,810,164,,,,,,,,,,,33,2823,2824,2738,3091,2949,2235,2153,1971,1359,2824,2704,1641,859,866,320
ACSSF,2011m1,co,000,0018,0000032,,,,,,,,,,,,,,,,,,,,,,,,,,2040,1598,1216,513,82,656,582,282,307,303,5248,5445,2040,3087,1786,1743,426,3211,3671,1678,2040,1598,1216,522,941,435
ACSSF,2011m1,co,000,0018,0000033,,,,,,,,,,,,,,,,,,,,,,,,,,2345,2018,956,396,434,320,355,324,245,503,47,2344,2345,2363,2287,2136,1039,2208,2142,983,2345,2018,956,579,688,573
ACSSF,2011m1,co,000,0018,0000034,2076,1699,1185,201,1186,64,1223,914,464,1387,948,486,489,719,838,565,624,1942,1997,1773,1008,637,1092,1092,201,2341,2173,1284,948,503,690,118,201,201,303,36,2339,2341,2076,1911,1103,1469,1942,1927,1021,2341,2173,1284,1089,682,303
ACSSF,2011m1,co,000,0018,0000035,,,,,,,,,,,,,,,,,,,,,,,,,,,,,,,,,,,,30,1623,1619,1558,1802,1817,1195,1673,1687,580,1619,1518,666,259,606,422
ACSSF,2011m1,co,000,0018,0000036,,,,,,,,,,,,,,,,,,,,,,,,,,1170,1005,692,314,180,360,203,260,245,176,30,1170,1170,1758,1840,1877,512,1744,1729,450,1170,1005,692,340,521,309
ACSSF,2011m1,co,000,0018,0000037,2685,2023,1398,923,748,768,1564,955,1282,2270,2005,691,502,1648,1013,840,435,2922,2734,2680,877,746,1999,1939,433,2450,2293,952,500,348,394,263,85,271,431,65,2457,2450,2685,2855,1582,2334,2922,3052,1245,2450,2293,952,636,448,528
ACSSF,2011m1,co,000,0018,0000038,2491,1259,1044,976,944,201,705,626,365,1538,991,617,781,201,1171,1171,201,2118,1949,1920,548,777,1035,1025,106,2686,2169,1239,473,413,766,661,398,267,384,70,2690,2686,2491,1772,1721,1303,2118,2093,915,2686,2169,1239,652,1119,485
ACSSF,2011m1,co,000,0018,0000039,,,,,,,,,,,,,,,,,,,,,,,,,,1613,1498,836,371,258,379,347,154,241,491,56,1616,1613,1683,1181,817,921,1480,1490,593,1613,1498,836,473,516,579
ACSSF,2011m1,co,000,0018,0000040,3350,4239,3278,1935,2528,832,2960,3000,375,3722,2764,2587,1589,1154,2585,2536,639,4506,3978,3748,1465,2124,2332,2260,353,4035,2699,2897,1218,1534,1008,384,499,415,1328,75,4030,4035,3350,4584,4651,2987,4506,4534,2510,4035,2699,2897,2134,1057,1394
ACSSF,2011m1,co,000,0018,0000041,3397,2973,2360,1635,1556,609,3022,2429,1718,3501,3266,3099,2223,1526,2450,2100,1490,3634,3336,3115,2083,1945,2988,3086,506,4855,4687,2748,1740,1172,1172,907,558,774,653,533,4959,4855,3397,3968,3797,3486,3634,3281,2688,4855,4687,2748,2225,1492,1079
ACSSF,2011m1,co,000,0018,0000042,1615,4114,2414,1631,1847,1034,3978,3227,2325,4527,4200,1640,4121,1559,2362,1748,1750,4323,4089,3495,2030,1411,2407,2026,1105,6504,5569,3345,1668,2268,1344,713,1093,522,1148,0,6504,6504,1615,4292,4160,4901,4323,3802,2691,6504,5569,3345,2781,2126,1211
ACSSF,2011m1,co,000,0018,0000043,,,,,,,,,,,,,,,,,,,,,,,,,,1854,1499,1115,688,333,209,234,380,134,316,59,1848,1854,2051,2468,2420,392,2637,2709,981,1854,1499,1115,842,451,338
ACSSF,2011m1,co,000,0018,0000044,,,,,,,,,,,,,,,,,,,,,,,,,,,,,,,,,,,,30,1623,1619,1558,1802,1817,1195,1673,1687,580,1619,1518,666,259,606,422
ACSSF,2011m1,co,000,0018,0000045,2738,2108,2063,912,1824,622,1720,1757,707,2181,1659,1573,801,495,1551,1501,459,2153,2133,1741,1342,272,850,810,164,,,,,,,,,,,33,2823,2824,2738,3091,2949,2235,2153,1971,1359,2824,2704,1641,859,866,320
ACSSF,2011m1,co,000,0018,0000046,,,,,,,,,,,,,,,,,,,,,,,,,,1170,1005,692,314,180,360,203,260,245,176,30,1170,1170,1758,1840,1877,512,1744,1729,450,1170,1005,692,340,521,309
ACSSF,2011m1,co,000,0018,0000047,2904,4598,2616,1638,2129,1034,4246,3452,2398,4616,4186,1707,4117,1559,2757,1863,2138,4773,4482,3808,2077,1410,2569,2187,1105,7060,5843,3410,1935,2361,1324,713,1050,524,1169,3963,6854,7060,2904,4926,4462,5234,4773,4026,2817,7060,5843,3410,3076,2082,1223
ACSSF,2011m1,co,000,0018,0000048,5655,5061,3158,2900,1589,963,3877,3946,2134,4509,3939,2966,1577,1772,2681,2233,931,6769,6147,5401,2247,1972,3174,3134,682,5526,4902,3171,1720,1439,1308,1324,701,577,1185,7652,8688,5526,5655,6321,5495,3555,6769,6266,2808,5526,4902,3171,2303,1819,1312
ACSSF,2011m1,co,000,0018,0000049,2744,3215,2159,1892,1070,475,2893,2811,899,4321,3885,3555,1421,1164,2794,2526,1414,4449,4383,4107,1067,1261,2459,2325,344,3159,2721,1982,1264,579,915,290,483,567,562,2388,3932,3159,2744,4475,4237,2187,4449,4299,1624,3159,2721,1982,1378,1072,912
ACSSF,2011m1,co,000,0018,0000050,4446,4789,3725,1775,2844,1779,3621,3624,1221,6598,6401,5820,2118,1537,2508,2436,846,6336,6079,5703,2049,1756,2505,2530,575,5062,4928,2415,1518,841,1068,483,951,420,857,5983,8486,5062,4446,6505,6467,4291,6336,6152,2518,5062,4928,2415,1810,1478,926
ACSSF,2011m1,co,000,0018,0000051,2920,4722,3574,2119,2541,1146,3040,3086,485,4879,4319,3908,1616,1394,3210,3150,730,5312,4554,4599,1499,2465,2915,3010,769,4202,2895,3086,1458,1470,1108,421,780,577,1599,3171,5094,4202,2920,5614,5164,3142,5312,5579,2814,4202,2895,3086,2283,1332,1704
ACSSF,2011m1,co,000,0018,0000052,5486,4306,2557,2374,623,476,3283,2915,1411,4171,4031,3912,1409,1952,1986,2004,455,5898,6902,6976,2234,3004,4106,4004,385,5083,3765,4038,2298,1355,1555,1303,860,1117,772,9643,10181,5083,5486,5825,5683,2267,5898,5924,3863,5083,3765,4038,2823,2272,1407
ACSSF,2011m1,co,000,0018,0000053,6428,4647,3875,1934,1817,2691,3482,2673,2375,5192,3948,2815,2647,1748,3418,2977,1874,5830,5432,4397,2475,1896,3778,3821,818,6779,6031,3297,2707,1182,1037,590,714,730,861,10452,10572,6779,6428,6516,4962,5121,5830,4996,3076,6779,6031,3297,2744,1403,1211
ACSSF,2011m1,co,000,0018,0000054,1461,1044,818,562,739,201,750,724,171,1950,1603,1167,1043,201,1529,950,1314,2035,2025,1874,866,695,941,898,272,1747,1588,1216,714,348,588,201,175,409,377,3847,4382,1747,1461,1936,1372,1427,2035,1892,1219,1747,1588,1216,837,627,559
ACSSF,2011m1,co,000,0018,0000055,2447,2539,1057,798,707,201,2255,2140,877,2208,2111,1758,1191,460,808,808,201,2740,2740,2681,1006,1063,1222,1076,545,1957,1776,1026,440,260,327,129,752,164,553,4350,4037,1957,2447,2678,2529,1584,2740,2654,1373,1957,1776,1026,625,816,586
ACSSF,2011m1,co,000,0018,0000056,,,,,,,,,,,,,,,,,,,,,,,,,,1438,1069,1012,821,208,229,154,359,108,406,881,1701,1438,730,2279,2291,911,2286,2403,929,1438,1069,1012,852,426,442
ACSSF,2011m1,co,000,0018,0000057,2290,1187,947,875,201,201,705,699,96,2106,1858,1838,161,135,1110,1107,180,2484,2456,2422,265,405,1238,1216,87,1654,1387,963,639,237,209,234,380,134,265,3791,4174,1654,2290,2226,2190,392,2484,2467,475,1654,1387,963,687,451,295
ACSSF,2011m1,co,000,0018,0000058,1534,2963,2609,1208,1838,1754,2604,2705,707,5481,5316,5355,1321,1080,2025,1985,521,4729,4782,4538,1398,720,1731,1704,164,3280,3034,1798,984,379,699,412,396,308,337,0,3280,3280,1534,4993,5717,2972,4729,4450,1583,3280,3034,1798,1064,909,470
ACSSF,2011m1,co,000,0018,0000059,1491,2046,1700,1257,1084,329,1158,1020,557,1747,1541,1218,746,719,804,792,177,2030,1911,1796,667,993,603,603,201,2332,2175,718,374,389,188,55,124,259,254,2497,2792,2332,1491,2136,1725,1462,2030,1889,1085,2332,2175,718,514,233,340
ACSSF,2011m1,co,000,0018,0000060,1732,1206,1073,840,614,193,1058,1035,147,1583,1415,1308,631,670,602,607,137,1472,1437,1406,90,301,451,458,57,875,826,551,202,340,92,37,77,101,224,2823,2884,875,1732,1785,1928,1060,1472,1428,328,875,826,551,475,129,245
ACSSF,2011m1,co,000,0018,0000061,1415,1659,1015,999,132,244,1645,1656,219,2147,1790,1745,366,163,1567,1567,201,2264,2109,1969,433,413,1163,1168,154,1204,1040,725,323,193,360,203,282,251,217,1446,1819,1204,1415,2188,2198,513,2264,2158,558,1204,1040,725,356,517,332
ACSSF,2011m1,co,000,0018,0000062,1483,1686,1027,929,492,201,1396,1316,385,2273,2032,1636,581,969,1124,1123,368,2042,2023,1998,405,430,1040,1040,201,1491,1502,635,373,211,351,163,196,52,156,2576,2763,1491,1483,2349,1924,1324,2042,2006,652,1491,1502,635,456,413,149
ACSSF,2011m1,co,000,0018,0000063,1583,2409,1425,1001,866,714,1941,1853,1374,2402,2413,2050,851,201,847,789,348,2255,2253,2126,1545,833,977,946,174,2511,1991,1482,847,482,497,143,119,87,576,2913,3820,2511,1583,2576,2710,1557,2255,2032,1843,2511,1991,1482,984,566,572
ACSSF,2011m1,co,000,0018,0000064,,,,,,,,,,,,,,,,,,,,,,,,,,1495,1045,1235,273,541,458,136,192,446,441,5449,4994,1495,2573,1621,1527,321,2366,2230,905,1495,1045,1235,622,562,635
ACSSF,2011m1,co,000,0018,0000065,2166,1975,1196,175,1186,64,1711,1611,464,1653,1220,718,576,890,962,791,624,2423,2462,2076,1009,1107,1173,1173,201,2298,2104,1355,1000,578,738,121,72,154,389,2743,3512,2298,2166,2200,1816,1603,2423,2074,1311,2298,2104,1355,1129,755,424
ACSSF,2011m1,co,000,0018,0000066,,,,,,,,,,,,,,,,,,,,,,,,,,1770,1659,943,378,293,398,505,183,241,512,1996,2420,1770,1713,1265,894,961,1490,1448,652,1770,1659,943,491,658,591
ACSSF,2011m1,co,000,0018,0000067,,,,,,,,,,,,,,,,,,,,,,,,,,2112,1806,1083,750,402,271,646,251,230,519,4641,5027,2112,2599,1646,1387,1021,2867,2912,1192,2112,1806,1083,858,670,542
ACSSF,2011m1,co,000,0018,0000068,2596,2245,1606,1567,1034,422,1906,1873,310,1331,921,502,786,201,1167,1096,346,2504,2265,2175,521,642,1100,1100,106,2755,1918,1702,558,935,731,852,451,267,349,4462,5128,2755,2596,2527,2580,1267,2504,2468,759,2755,1918,1702,1072,1271,431
ACSSF,2011m1,co,000,0018,0000069,3139,2284,1782,1427,796,768,1491,1070,1282,2568,2129,862,715,1648,1282,843,817,3236,2989,2879,1145,895,2012,1974,433,3074,2827,1177,745,365,463,369,129,271,438,5472,5344,3074,3139,3427,2079,2471,3236,3294,1474,3074,2827,1177,848,590,546
ACSSF,2011m1,co,000,0018,0000070,4039,3464,2940,971,1243,2601,1979,1569,1454,2661,2302,944,1954,977,1650,1277,1072,3387,3284,2983,1639,1124,1902,1798,701,4984,4147,2579,2276,658,667,386,366,208,426,6181,6592,4984,4039,3938,2251,3369,3387,3224,2101,4984,4147,2579,2368,875,478
ACSSF,2011m1,co,000,0018,0000071,4970,2679,1906,1578,946,214,1848,1831,223,3492,2582,2418,1427,383,2010,2002,185,4190,4076,4073,1637,1556,3041,3047,298,2841,2369,2333,1033,1016,1157,998,350,497,317,10402,9924,2841,4970,4617,3985,1732,4190,4065,2083,2841,2369,2333,1516,1518,607
ACSSF,2011m1,co,000,0018,0000072,3797,1897,1271,911,860,275,1505,704,1437,2688,2505,2130,1573,937,1411,1333,717,2329,2088,1403,1158,1129,937,921,169,3999,3469,1888,1211,697,510,380,431,160,440,7805,6699,3999,3797,3444,2464,2819,2329,1783,1627,3999,3469,1888,1513,789,437
ACSSF,2011m1,co,000,0018,0000073,3351,2030,1795,870,1387,554,2125,1455,1363,2423,1670,301,1078,1242,1740,1115,1273,2430,2194,1210,1567,935,757,687,421,3399,3353,1457,860,392,450,306,210,734,444,6890,5726,3399,3351,2671,1837,2189,2430,1346,1814,3399,3353,1457,936,669,874
ACSSF,2011m1,co,000,0018,0000074,,,,,,,,,,,,,,,,,,,,,,,,,,2254,1882,1181,925,405,429,265,478,132,339,5589,5572,2254,2816,1949,1638,962,2337,2222,1075,2254,1882,1181,1016,699,357
ACSSF,2011m1,co,000,0018,0000075,4866,2562,1868,1546,1116,541,2558,1627,2016,3483,3400,718,3328,309,1733,1075,1151,3461,3324,2724,1803,748,1520,1391,660,5129,3986,2468,749,1806,639,268,739,166,410,9416,6865,5129,4866,4003,2430,4151,3461,2926,2188,5129,3986,2468,2007,1075,428
ACSSF,2011m1,co,000,0018,0000076,,,,,,,,,,,,,,,,,,,,,,,,,,2661,2418,1048,523,607,488,60,175,163,149,5970,5098,2661,2749,2069,1895,835,1911,1536,909,2661,2418,1048,805,534,232
ACSSF,2011m1,co,000,0018,0000077,,,,,,,,,,,,,,,,,,,,,,,,,,1715,1150,1088,326,279,420,214,276,314,548,6522,6131,1715,1893,909,776,474,1759,1618,729,1715,1150,1088,401,577,617
ACSSF,2011m1,co,000,0018,0000078,3986,2469,1935,556,1732,576,1519,417,1535,2264,1781,936,1453,314,1322,874,1121,2397,2368,2068,793,925,1054,978,398,3749,3546,1844,1305,967,660,280,389,261,753,7951,7065,3749,3986,3105,1473,2954,2397,2123,1220,3749,3546,1844,1675,821,804
ACSSF,2011m1,co,000,0018,0000079,4228,2358,1305,542,955,880,1914,1515,1030,3236,3238,1223,2843,1529,1666,1340,1029,2676,2345,1992,1068,468,1364,1266,448,4560,3253,2739,1041,1006,867,560,508,306,384,8854,6853,4560,4228,3726,2128,3306,2676,2266,1299,4560,3253,2739,1581,1590,438
ACSSF,2011m1,co,000,0018,0000080,,,,,,,,,,,,,,,,,,,,,,,,,,1240,912,1035,428,819,240,181,92,40,381,3935,3755,1240,2453,2119,2098,603,2186,2210,786,1240,912,1035,929,310,384
ACSSF,2011m1,co,000,0018,0000081,2508,1846,1423,1175,767,201,1027,871,541,1676,769,700,346,201,1396,1396,201,1829,1546,1394,672,258,1202,1138,340,2242,2116,693,405,240,319,136,298,107,233,4453,4568,2242,2508,2578,2250,970,1829,1653,880,2242,2116,693,470,432,273
ACSSF,2011m1,co,000,0018,0000082,3164,1663,684,510,201,363,1430,1386,124,1993,1828,1797,227,137,709,608,249,2850,2720,2668,285,474,978,928,186,1487,1099,936,353,417,211,329,193,257,515,6251,5972,1487,3164,2318,2198,472,2850,2781,579,1487,1099,936,506,553,582
ACSSF,2011m1,co,000,0018,0000083,2557,1764,471,292,237,173,1843,1375,1203,1354,817,586,231,491,1072,912,698,1993,1904,1731,687,822,996,996,201,2472,2187,1174,707,574,316,57,363,133,283,3714,3967,2472,2557,2124,1502,1377,1993,1825,1074,2472,2187,1174,1052,487,305
ACSSF,2011m1,co,000,0018,0000084,,,,,,,,,,,,,,,,,,,,,,,,,,2201,1619,1913,1224,154,737,663,404,456,342,6156,6412,2201,3691,1836,1717,512,4006,4048,1616,2201,1619,1913,1257,1185,594
ACSSF,2011m1,co,000,0018,0000085,,,,,,,,,,,,,,,,,,,,,,,,,,2102,1794,1347,801,404,312,522,457,680,299,5318,5421,2102,3387,2654,2285,1741,3778,3870,1679,2102,1794,1347,988,917,731
ACSSF,2011m1,co,000,0018,0000086,,,,,,,,,,,,,,,,,,,,,,,,,,1761,819,1600,794,602,325,168,343,349,717,5790,5842,1761,3538,2875,2715,962,3519,3359,1486,1761,819,1600,1096,467,855
ACSSF,2011m1,co,000,0018,0000087,2690,2494,1654,346,1619,201,1925,1925,201,1398,866,862,169,97,1224,1224,201,1919,1856,1771,494,402,725,725,201,1769,1353,1097,591,160,473,172,169,331,429,5595,5093,1769,2690,2616,2181,1642,1919,1875,642,1769,1353,1097,672,571,549
ACSSF,2011m1,co,000,0018,0000088,,,,,,,,,,,,,,,,,,,,,,,,,,2349,1308,1835,728,960,498,186,228,159,339,6544,6199,2349,3467,3202,2413,1858,1783,1635,711,2349,1308,1835,1601,595,365
ACSSF,2011m1,co,000,0018,0000089,4704,1894,1637,1467,180,830,846,756,393,2406,1902,1447,643,1204,1640,1627,80,4491,4408,3614,942,2079,1459,1443,379,2540,1570,1722,948,1026,610,213,394,254,971,8095,7256,2540,4704,2841,2564,1683,4491,3801,2493,2540,1570,1722,1200,687,1047
ACSSF,2011m1,co,000,0018,0000090,3870,3018,1177,945,722,201,2624,2634,253,2888,2281,1825,1469,179,1505,1305,707,1837,1423,1190,777,361,1215,1191,132,2441,2069,1207,552,735,345,193,189,341,574,7029,6445,2441,3870,3881,3249,1676,1837,1607,890,2441,2069,1207,944,428,570
ACSSF,2011m1,co,000,0018,0000091,,,,,,,,,,,,,,,,,,,,,,,,,,1760,1662,641,200,201,200,294,445,201,294,2998,3541,1760,1431,1594,1543,284,1750,1759,552,1760,1662,641,200,579,294
ACSSF,2011m1,co,000,0018,0000092,,,,,,,,,,,,,,,,,,,,,,,,,,1929,999,1507,811,556,212,225,291,298,506,6912,6580,1929,3226,1428,1259,659,2959,2886,1305,1929,999,1507,1165,445,558
ACSSF,2011m1,co,000,0018,0000093,4280,2558,2025,1342,1549,609,2493,1905,1718,3319,3209,2844,1880,1510,2112,1697,1436,3708,2492,1779,1574,1346,2767,2824,383,4468,3963,2144,1331,898,826,385,467,201,519,7116,6873,4468,4280,3780,3294,3195,3708,3218,2017,4468,3963,2144,1714,1087,531
ACSSF,2011m1,co,000,0018,0000094,2689,1875,369,248,266,201,1869,1715,908,1537,1525,961,1026,604,587,603,72,2683,2373,2380,632,1246,1026,1021,74,2753,2373,1278,887,442,497,583,259,333,589,4382,4166,2753,2689,2281,1934,1329,2683,2614,1482,2753,2373,1278,985,789,673
ACSSF,2011m1,co,000,0018,0000095,,,,,,,,,,,,,,,,,,,,,,,,,,,,,,,,,,,,5779,6556,3273,3501,2869,1147,2824,3265,3146,1277,3273,1859,2291,2179,474,178
ACSSF,2011m1,co,000,0018,0000096,4503,2404,1910,1469,1197,511,1958,1843,666,2628,1880,1545,1528,298,1710,1132,1012,4714,4510,4368,2176,1798,2237,2192,302,4322,3630,2575,1395,990,1169,1084,471,820,609,8398,8372,4322,4503,3296,2694,2461,4714,4569,2269,4322,3630,2575,1778,1637,1025
ACSSF,2011m1,co,000,0018,0000097,5198,3549,3010,1452,2496,76,1864,1885,286,2866,2129,1808,787,1205,1660,1655,131,3228,2705,2564,801,822,1710,1698,218,3241,2361,2113,931,1069,666,230,260,256,954,10026,9429,3241,5198,4393,3267,2855,3228,3122,1107,3241,2361,2113,1731,756,970
ACSSF,2011m1,co,000,0018,0000098,1615,4114,2414,1631,1847,1034,3978,3227,2325,4527,4200,1640,4121,1559,2362,1748,1750,4323,4089,3495,2030,1411,2407,2026,1105,6504,5569,3345,1668,2268,1344,713,1093,522,1148,0,6504,6504,1615,4292,4160,4901,4323,3802,2691,6504,5569,3345,2781,2126,1211
ACSSF,2011m1,co,000,0018,0000099,986,2098,817,773,12,275,1747,1454,939,2325,2427,2177,426,1774,987,987,201,3403,4146,4449,1257,1859,2608,2618,110,2662,2116,2182,1479,435,696,740,653,704,451,875,2742,2662,986,3146,2826,1704,3403,3956,2110,2662,2116,2182,1587,1416,792
ACSSF,2011m1,co,000,0018,0000100,,,,,,,,,,,,,,,,,,,,,,,,,,,,,,,,,,,,9678,9299,1463,4539,2500,2335,954,4307,3595,2593,1463,658,1209,1050,376,503
ACSSF,2011m1,co,000,0018,0000101,3174,2166,1221,875,743,201,1896,1698,870,1389,767,789,161,301,1194,1179,180,3121,3197,3105,269,970,1444,1289,554,2049,1776,1163,733,335,219,239,380,134,380,5378,5944,2049,3174,2365,2123,1128,3121,3020,1152,2049,1776,1163,878,457,395
ACSSF,2011m1,co,000,0018,0000102,,,,,,,,,,,,,,,,,,,,,,,,,,1438,1069,1012,821,208,229,154,359,108,406,881,1701,1438,730,2279,2291,911,2286,2403,929,1438,1069,1012,852,426,442
ACSSF,2011m1,co,000,0018,0000103,3400,2830,2593,1003,1824,1745,2214,2219,707,3465,3526,3543,1172,537,1717,1678,459,2319,2406,1952,1378,316,850,810,164,,,,,,,,,,,5963,6372,3150,3400,3838,4027,2698,2319,2062,1402,3150,2965,1631,860,865,320
ACSSF,2011m1,co,000,0018,0000104,,,,,,,,,,,,,,,,,,,,,,,,,,2294,2041,954,442,307,330,154,134,247,531,6465,6246,2294,3872,3933,3485,1430,1693,1500,725,2294,2041,954,551,355,540
ACSSF,2011m1,co,000,0018,0000105,1263,3267,1964,1624,749,415,2509,2364,607,3417,2364,2296,677,263,2113,2103,334,4112,4368,4307,1009,1473,2687,2628,580,3394,2880,1656,783,928,683,563,460,637,753,1052,3533,3394,1263,3883,3709,1270,4112,4144,1893,3394,2880,1656,1195,1071,1012
ACSSF,2011m1,co,000,0018,0000106,2164,1217,350,330,122,201,1192,601,1030,1901,1753,1445,775,491,762,761,83,1929,1894,1766,702,1022,917,917,201,2008,1784,1236,878,460,216,81,340,201,307,3707,4111,2008,2164,2034,1682,1365,1929,1877,1229,2008,1784,1236,1126,429,307
ACSSF,2011m1,co,000,0018,0000107,3848,1769,1183,201,1186,97,1336,1041,464,2589,1942,1733,497,719,1386,1215,624,3383,3374,3229,1169,736,1255,1255,201,2353,2206,1497,1039,552,713,156,345,169,357,5907,5921,2353,3848,2794,2335,1474,3383,3240,1174,2353,2206,1497,1235,797,397
ACSSF,2011m1,co,000,0018,0000108,3386,1582,798,798,201,201,1270,1270,201,2761,2705,2464,1191,275,752,752,201,2601,2496,2388,987,617,981,981,201,,,,,,,,,,,5592,5606,1758,3386,2828,2750,1214,2601,2544,947,1758,1611,894,328,812,573
ACSSF,2011m1,co,000,0018,0000109,,,,,,,,,,,,,,,,,,,,,,,,,,1166,993,694,314,180,360,203,260,245,177,1374,1760,1166,1739,1840,1877,512,1692,1677,450,1166,993,694,340,521,309
ACSSF,2011m1,co,000,0018,0000110,3624,2827,1955,1640,775,874,2250,2135,1336,2134,1897,871,917,1579,1254,847,810,3632,3571,3442,1589,1240,1589,1518,433,3536,3103,1815,875,1022,735,1081,410,379,582,7026,6581,3536,3624,3373,2749,2478,3632,3608,1896,3536,3103,1815,1409,1255,717
ACSSF,2011m1,co,000,0018,0000111,2771,1966,1215,976,1109,201,1220,1212,283,1847,1366,507,1126,667,1343,1235,555,1627,1277,780,969,69,798,661,407,3138,2769,964,272,568,557,201,228,118,415,5566,4299,3138,2771,2537,2080,1740,1627,1068,1060,3138,2769,964,592,587,443
