ACSSF,2011m1,co,000,0007,0000001,0,1315,313,253,12154,4736,790,1307,1885,1168,2884,448,871,2001,1522,960,152,693,1948,757,1083,682,2375,1672,718,1606,201,257,1436,201,3192,1491,3438,4691,2353,11499,436,7222,1524,6367,2616,17094,259,2609,150,1776,565,1197,10970,935,11112,1758,1394,264,198,94,332,2020,5048,566,5584,1060,1403,4374,2332,4772,8539,784,1117,1484,1553,201,4872,101,2401,897,201,255,462,201,114,1634,955,1096,201,201,3355,1389,4721,2095,747,1932,3915,2222,201,65,201,201,103,178,543,2181,222,201,516,201,1823,18295,15103,0,12154,4736,2375,3192,3438,4691,11499,7222,6367,2616,17094,2609,1776,10970,11112,1394,5048,5584,1060,4374,4772,8539,1484,4872,4721,2095,1932,3915,2222,19507,15103
ACSSF,2011m1,co,000,0007,0000002,20954,965,313,201,9239,3140,790,1307,496,1118,677,438,653,1489,1522,842,152,721,1407,691,905,682,1773,493,718,1526,201,197,1046,201,3032,1190,3312,4784,2307,10327,432,6554,1468,5101,2013,16156,241,2619,150,1502,548,1165,10851,905,10171,653,1183,264,198,91,58,1654,4452,316,4609,932,1396,3590,2020,4471,5586,695,1079,1334,786,201,4522,101,2402,897,201,255,462,201,114,1634,955,1096,201,201,2824,1387,4059,1608,758,1584,2386,2212,201,65,201,201,103,85,543,2182,175,201,509,201,1637,20249,15055,20954,9239,3140,1773,3032,3312,4784,10327,6554,5101,2013,16156,2619,1502,10851,10171,1183,4452,4609,932,3590,4471,5586,1334,4522,4059,1608,1584,2386,2212,21727,15055
ACSSF,2011m1,co,000,0007,0000003,,,,,,,,,,,,,,,,,,,,,,,,,,,,,,,,,,,,,,,,,,,,,,,,,,,,,,,,,,,,,,,,,,,,,,,,,,,,,,,,,,,,,,,,,,,,,,,,,,,,,,,,,,,,,,20954,7398,3743,1455,1221,1243,2545,6408,2686,3336,2046,11212,806,884,5432,5690,683,2671,3506,585,2140,1999,5978,524,2282,3278,1326,1322,3031,228,16850,8726
ACSSF,2011m1,co,000,0007,0000004,4436,1315,313,253,11408,4765,790,1307,1885,1141,2884,448,865,2000,1571,956,152,691,1507,695,1109,682,2308,1672,718,1607,201,257,1401,201,3230,1443,3442,4512,2350,10727,432,6904,1508,6229,2548,17501,259,2533,150,1780,565,1197,10803,935,11035,1758,1322,264,198,94,58,1890,4479,564,5275,1060,1416,4050,2252,4513,8032,734,1121,1456,1548,201,4880,101,2402,897,201,255,462,201,114,1634,956,1096,201,201,3357,1389,4553,1929,747,1917,3862,2221,201,65,201,201,103,178,543,2182,222,201,509,201,1822,18717,15447,4436,11408,4765,2308,3230,3442,4512,10727,6904,6229,2548,17501,2533,1780,10803,11035,1322,4479,5275,1060,4050,4513,8032,1456,4880,4553,1929,1917,3862,2221,19868,15447
ACSSF,2011m1,co,000,0007,0000005,3689,1315,313,253,11378,4764,790,1307,1885,1126,2884,438,865,2000,1571,956,152,562,1500,680,964,682,2219,852,377,1597,201,222,1382,201,3208,1404,3424,4394,2354,10115,432,6839,1484,6117,2458,16446,245,2524,150,1779,565,1197,10519,935,10592,1740,1331,264,198,94,58,1882,4331,553,5148,951,1417,3917,2249,4318,8126,734,1121,1454,1418,201,4837,101,2402,897,201,255,462,201,114,1468,956,1096,201,201,3289,1389,4708,1903,742,1902,3793,2221,201,65,201,201,103,178,543,2182,222,201,509,201,1536,17807,15051,3689,11378,4764,2219,3208,3424,4394,10115,6839,6117,2458,16446,2524,1779,10519,10592,1331,4331,5148,951,3917,4318,8126,1454,4837,4708,1903,1902,3793,2221,18910,15051
ACSSF,2011m1,co,000,0007,0000006,578,982,77,201,6883,3717,642,910,443,700,2843,384,587,1268,936,812,98,494,674,311,568,517,1419,738,377,859,201,142,1164,201,1805,827,1994,2989,1755,7652,341,5116,1128,3610,1380,10258,116,2006,150,1182,382,647,7229,892,6848,1480,1087,264,143,56,58,1311,3405,132,3451,698,1268,2543,1142,3159,3711,463,441,587,473,201,3670,101,2363,799,201,255,335,201,114,1464,269,540,201,201,2243,1369,3600,1160,308,1098,3081,1571,201,65,201,201,103,201,438,1373,75,201,479,201,1012,14317,11973,578,6883,3717,1419,1805,1994,2989,7652,5116,3610,1380,10258,2006,1182,7229,6848,1087,3405,3451,698,2543,3159,3711,587,3670,3600,1160,1098,3081,1571,15183,11973
ACSSF,2011m1,co,000,0007,0000007,3736,925,304,253,9338,3132,395,920,1815,875,505,226,650,1414,1328,495,111,406,1212,591,798,482,1779,460,201,1348,201,140,822,201,2553,1133,2455,3923,1622,8804,213,4404,1035,5828,2135,13805,213,1943,201,1405,407,1063,8306,337,7769,742,846,201,138,78,201,1244,3251,540,4896,625,804,2716,1878,3097,6796,594,1024,1317,1390,201,2933,201,684,406,201,201,319,201,201,95,867,966,201,201,2639,171,3632,1512,666,1587,1950,1467,201,201,201,201,201,178,309,1420,210,201,158,201,1154,13813,11271,3736,9338,3132,1779,2553,2455,3923,8804,4404,5828,2135,13805,1943,1405,8306,7769,846,3251,4896,625,2716,3097,6796,1317,2933,3632,1512,1587,1950,1467,14059,11271
ACSSF,2011m1,co,000,0007,0000008,,,,,,,,,,,,,,,,,,,,,,,,,,,,,,,,,,,,,,,,,,,,,,,,,,,,,,,,,,,,,,,,,,,,,,,,,,,,,,,,,,,,,,,,,,,,,,,,,,,,,,,,,,,,,,2378,2082,197,430,223,363,1114,3082,799,1205,929,4719,259,213,3103,3450,166,1301,977,405,935,845,1162,109,849,1301,593,542,469,201,4738,4378
ACSSF,2011m1,co,000,0007,0000009,,,,,,,,,,,,,,,,,,,,,,,,,,,,,,,,,,,,,,,,,,,,,,,,,,,,,,,,,,,,,,,,,,,,,,,,,,,,,,,,,,,,,,,,,,,,,,,,,,,,,,,,,,,,,,7613,1345,171,134,131,114,666,2098,571,1039,278,2924,223,185,1841,2888,99,537,515,201,273,284,774,201,679,676,157,201,286,201,4975,2073
ACSSF,2011m1,co,000,0007,0000010,,,,,,,,,,,,,,,,,,,,,,,,,,,,,,,,,,,,,,,,,,,,,,,,,,,,,,,,,,,,,,,,,,,,,,,,,,,,,,,,,,,,,,,,,,,,,,,,,,,,,,,,,,,,,,8144,1612,108,429,182,366,869,2270,612,798,877,3879,157,88,2726,2120,134,1233,805,405,875,723,943,109,518,1185,574,542,380,201,5888,3718
ACSSF,2011m1,co,000,0007,0000011,,,,,,,,,,,,,,,,,,,,,,,,,,,,,,,,,,,,,,,,,,,,,,,,,,,,,,,,,,,,,,,,,,,,,,,,,,,,,,,,,,,,,,,,,,,,,,,,,,,,,,,,,,,,,,4436,3321,392,405,711,735,1313,3111,1550,1698,636,4180,665,324,3115,2602,207,2181,1633,144,1296,1187,2158,202,143,1425,764,309,987,82,4788,3811
ACSSF,2011m1,co,000,0007,0000012,,,,,,,,,,,,,,,,,,,,,,,,,,,,,,,,,,,,,,,,,,,,,,,,,,,,,,,,,,,,,,,,,,,,,,,,,,,,,,,,,,,,,,,,,,,,,,,,,,,,,,,,,,,,,,3689,3718,446,614,748,791,1678,4501,1876,2024,1171,5353,735,414,4647,3823,258,2297,1973,408,1581,1603,2388,234,824,1833,972,621,1067,82,6820,5612
ACSSF,2011m1,co,000,0007,0000013,,,,,,,,,,,,,,,,,,,,,,,,,,,,,,,,,,,,,,,,,,,,,,,,,,,,,,,,,,,,,,,,,,,,,,,,,,,,,,,,,,,,,,,,,,,,,,,,,,,,,,,,,,,,,,0,5552,466,548,801,814,1896,3151,2149,1591,387,4719,657,572,3677,3105,245,1187,2259,210,1248,654,1030,100,2008,1486,748,1105,767,164,6337,5960
ACSSF,2011m1,co,000,0007,0000014,,,,,,,,,,,,,,,,,,,,,,,,,,,,,,,,,,,,,,,,,,,,,,,,,,,,,,,,,,,,,,,,,,,,,,,,,,,,,,,,,,,,,,,,,,,,,,,,,,,,,,,,,,,,,,0,3706,2212,1087,782,1018,1618,5321,1670,1792,908,7626,1003,632,4259,2899,824,2114,1737,318,1767,1121,1616,440,3257,1391,444,854,618,2170,8766,6292
ACSSF,2011m1,co,000,0007,0000015,,,,,,,,,,,,,,,,,,,,,,,,,,,,,,,,,,,,,,,,,,,,,,,,,,,,,,,,,,,,,,,,,,,,,,,,,,,,,,,,,,,,,,,,,,,,,,,,,,,,,,,,,,,,,,0,2188,471,626,512,630,1717,2718,2536,1631,1087,4317,682,848,3162,2590,780,1095,2153,112,1100,955,987,252,477,1112,398,452,868,129,4051,3526
ACSSF,2011m1,co,000,0007,0000016,0,201,77,201,2889,1478,313,201,195,384,330,38,166,983,660,102,201,140,380,201,471,318,726,180,220,466,201,201,508,201,639,261,500,1483,356,3306,101,3320,327,1538,779,4261,201,1003,150,651,47,475,4540,732,2978,201,202,201,84,201,58,760,1705,201,2514,439,540,1360,864,1568,1133,322,215,214,308,201,2308,201,1331,443,201,201,233,201,114,1464,269,201,201,201,1369,373,1492,774,204,536,838,141,201,201,201,201,103,201,81,54,201,201,201,201,434,5151,4551,0,2889,1478,726,639,500,1483,3306,3320,1538,779,4261,1003,651,4540,2978,202,1705,2514,439,1360,1568,1133,214,2308,1492,774,536,838,141,5391,4551
ACSSF,2011m1,co,000,0007,0000017,,,,,,,,,,,,,,,,,,,,,,,,,,,,,,,,,,,,,,,,,,,,,,,,,,,,,,,,,,,,,,,,,,,,,,,,,,,,,,,,,,,,,,,,,,,,,,,,,,,,,,,,,,,,,,0,2870,2429,512,684,742,1460,3904,1791,2609,914,4672,955,584,4551,3693,348,1850,2211,261,954,1101,1909,863,794,2087,547,84,702,201,5802,5519
ACSSF,2011m1,co,000,0007,0000018,,,,,,,,,,,,,,,,,,,,,,,,,,,,,,,,,,,,,,,,,,,,,,,,,,,,,,,,,,,,,,,,,,,,,,,,,,,,,,,,,,,,,,,,,,,,,,,,,,,,,,,,,,,,,,0,4296,3273,749,1307,1404,1713,4103,1948,2303,686,7127,1399,715,4627,4117,381,1745,2260,308,1093,1661,3546,562,725,1720,788,347,2735,481,7945,6646
ACSSF,2011m1,co,000,0007,0000019,,,,,,,,,,,,,,,,,,,,,,,,,,,,,,,,,,,,,,,,,,,,,,,,,,,,,,,,,,,,,,,,,,,,,,,,,,,,,,,,,,,,,,,,,,,,,,,,,,,,,,,,,,,,,,0,3041,652,891,1832,1233,1039,3587,2083,1944,678,5768,963,813,3641,3046,381,1674,1906,271,1071,1320,2262,442,666,1994,477,637,688,609,5825,5554
ACSSF,2011m1,co,000,0007,0000020,,,,,,,,,,,,,,,,,,,,,,,,,,,,,,,,,,,,,,,,,,,,,,,,,,,,,,,,,,,,,,,,,,,,,,,,,,,,,,,,,,,,,,,,,,,,,,,,,,,,,,,,,,,,,,0,2615,867,548,1097,910,1294,4144,1956,2156,650,5436,645,394,3263,3147,237,1568,1375,331,1004,1059,1749,213,438,2200,861,538,1036,103,5045,5791
ACSSF,2011m1,co,000,0007,0000021,,,,,,,,,,,,,,,,,,,,,,,,,,,,,,,,,,,,,,,,,,,,,,,,,,,,,,,,,,,,,,,,,,,,,,,,,,,,,,,,,,,,,,,,,,,,,,,,,,,,,,,,,,,,,,0,2594,188,356,326,629,1243,2941,782,1201,342,3629,201,89,2342,1451,201,753,510,425,479,1986,1186,134,268,866,329,201,666,90,3084,3416
ACSSF,2011m1,co,000,0007,0000022,,,,,,,,,,,,,,,,,,,,,,,,,,,,,,,,,,,,,,,,,,,,,,,,,,,,,,,,,,,,,,,,,,,,,,,,,,,,,,,,,,,,,,,,,,,,,,,,,,,,,,,,,,,,,,0,2064,176,539,89,809,534,1252,1323,653,375,2381,245,217,1933,1771,118,461,570,140,340,494,862,158,227,834,128,201,339,203,2913,3075
ACSSF,2011m1,co,000,0007,0000023,,,,,,,,,,,,,,,,,,,,,,,,,,,,,,,,,,,,,,,,,,,,,,,,,,,,,,,,,,,,,,,,,,,,,,,,,,,,,,,,,,,,,,,,,,,,,,,,,,,,,,,,,,,,,,0,4648,142,106,349,1628,946,2736,1159,710,1149,4481,234,540,2085,2418,80,1135,1610,142,735,581,5547,113,143,2095,262,430,367,201,5784,5782
ACSSF,2011m1,co,000,0007,0000024,,,,,,,,,,,,,,,,,,,,,,,,,,,,,,,,,,,,,,,,,,,,,,,,,,,,,,,,,,,,,,,,,,,,,,,,,,,,,,,,,,,,,,,,,,,,,,,,,,,,,,,,,,,,,,1046,1498,88,305,732,274,531,1537,925,541,241,2821,178,159,1701,1474,277,403,885,105,439,286,522,123,505,574,194,275,351,91,3833,2749
ACSSF,2011m1,co,000,0007,0000025,,,,,,,,,,,,,,,,,,,,,,,,,,,,,,,,,,,,,,,,,,,,,,,,,,,,,,,,,,,,,,,,,,,,,,,,,,,,,,,,,,,,,,,,,,,,,,,,,,,,,,,,,,,,,,533,2641,1331,549,280,560,649,3786,965,1202,620,4660,613,473,2585,1713,810,1684,868,25,1440,770,1126,319,2621,1267,318,505,465,1473,7613,4811
ACSSF,2011m1,co,000,0007,0000026,,,,,,,,,,,,,,,,,,,,,,,,,,,,,,,,,,,,,,,,,,,,,,,,,,,,,,,,,,,,,,,,,,,,,,,,,,,,,,,,,,,,,,,,,,,,,,,,,,,,,,,,,,,,,,56,772,457,471,244,297,801,1357,1348,1189,332,1925,454,663,1487,1263,594,659,1098,94,675,675,479,142,400,664,251,186,429,201,2563,1888
ACSSF,2011m1,co,000,0007,0000027,,,,,,,,,,,,,,,,,,,,,,,,,,,,,,,,,,,,,,,,,,,,,,,,,,,,,,,,,,,,,,,,,,,,,,,,,,,,,,,,,,,,,,,,,,,,,,,,,,,,,,,,,,,,,,69,1522,572,252,199,435,826,2281,732,1112,198,3096,201,192,1617,1283,127,693,609,64,563,672,633,237,1383,578,216,346,125,79,3157,2445
ACSSF,2011m1,co,000,0007,0000028,,,,,,,,,,,,,,,,,,,,,,,,,,,,,,,,,,,,,,,,,,,,,,,,,,,,,,,,,,,,,,,,,,,,,,,,,,,,,,,,,,,,,,,,,,,,,,,,,,,,,,,,,,,,,,75,3732,3257,606,1046,569,1463,3664,1775,1137,667,6520,1396,432,3539,3262,351,1236,1906,204,919,1637,2496,408,525,1402,677,323,2663,423,7255,5870
ACSSF,2011m1,co,000,0007,0000029,0,201,77,201,2889,1478,313,201,195,384,330,38,166,983,660,102,201,140,380,201,471,318,726,180,220,466,201,201,508,201,639,261,500,1483,356,3306,101,3320,327,1538,779,4261,201,1003,150,651,47,475,4540,732,2978,201,202,201,84,201,58,760,1705,201,2514,439,540,1360,864,1568,1133,322,215,214,308,201,2308,201,1331,443,201,201,233,201,114,1464,269,201,201,201,1369,373,1492,774,204,536,838,141,201,201,201,201,103,201,81,54,201,201,201,201,434,5151,4551,0,2889,1478,726,639,500,1483,3306,3320,1538,779,4261,1003,651,4540,2978,202,1705,2514,439,1360,1568,1133,214,2308,1492,774,536,838,141,5391,4551
ACSSF,2011m1,co,000,0007,0000030,,,,,,,,,,,,,,,,,,,,,,,,,,,,,,,,,,,,,,,,,,,,,,,,,,,,,,,,,,,,,,,,,,,,,,,,,,,,,,,,,,,,,,,,,,,,,,,,,,,,,,,,,,,,,,59,1390,867,410,975,560,899,2242,1364,1410,471,3162,634,267,2180,2337,171,1080,815,245,584,840,1175,179,438,1829,216,188,267,103,3289,4313
ACSSF,2011m1,co,000,0007,0000031,,,,,,,,,,,,,,,,,,,,,,,,,,,,,,,,,,,,,,,,,,,,,,,,,,,,,,,,,,,,,,,,,,,,,,,,,,,,,,,,,,,,,,,,,,,,,,,,,,,,,,,,,,,,,,33,2249,201,201,193,1546,514,1808,536,551,275,2362,60,280,1701,894,201,792,349,201,255,381,765,201,201,523,198,201,273,201,3957,3058
ACSSF,2011m1,co,000,0007,0000032,,,,,,,,,,,,,,,,,,,,,,,,,,,,,,,,,,,,,,,,,,,,,,,,,,,,,,,,,,,,,,,,,,,,,,,,,,,,,,,,,,,,,,,,,,,,,,,,,,,,,,,,,,,,,,5248,1787,1807,203,273,427,1230,2846,938,1211,533,3078,747,278,2687,2937,340,1057,1459,242,852,843,1156,863,500,1237,518,201,735,201,4566,2744
ACSSF,2011m1,co,000,0007,0000033,,,,,,,,,,,,,,,,,,,,,,,,,,,,,,,,,,,,,,,,,,,,,,,,,,,,,,,,,,,,,,,,,,,,,,,,,,,,,,,,,,,,,,,,,,,,,,,,,,,,,,,,,,,,,,47,1229,385,254,786,698,636,2209,683,984,325,3464,275,264,1793,1653,116,760,792,201,681,664,748,148,189,1052,419,231,212,595,3773,2739
ACSSF,2011m1,co,000,0007,0000034,,,,,,,,,,,,,,,,,,,,,,,,,,,,,,,,,,,,,,,,,,,,,,,,,,,,,,,,,,,,,,,,,,,,,,,,,,,,,,,,,,,,,,,,,,,,,,,,,,,,,,,,,,,,,,36,1045,201,342,316,539,1242,1943,1550,677,1008,2323,87,201,1758,1611,82,345,568,201,118,670,508,180,201,623,91,61,589,201,3039,2244
ACSSF,2011m1,co,000,0007,0000035,,,,,,,,,,,,,,,,,,,,,,,,,,,,,,,,,,,,,,,,,,,,,,,,,,,,,,,,,,,,,,,,,,,,,,,,,,,,,,,,,,,,,,,,,,,,,,,,,,,,,,,,,,,,,,30,1002,201,189,464,346,557,1441,1428,667,242,2573,178,148,1766,1143,201,703,743,201,147,322,485,113,201,906,113,489,209,201,2979,2644
ACSSF,2011m1,co,000,0007,0000036,,,,,,,,,,,,,,,,,,,,,,,,,,,,,,,,,,,,,,,,,,,,,,,,,,,,,,,,,,,,,,,,,,,,,,,,,,,,,,,,,,,,,,,,,,,,,,,,,,,,,,,,,,,,,,30,1365,160,343,56,219,166,934,1236,613,271,1819,245,190,889,1722,118,415,542,140,211,194,525,158,112,480,54,201,200,203,2997,2523
ACSSF,2011m1,co,000,0007,0000037,,,,,,,,,,,,,,,,,,,,,,,,,,,,,,,,,,,,,,,,,,,,,,,,,,,,,,,,,,,,,,,,,,,,,,,,,,,,,,,,,,,,,,,,,,,,,,,,,,,,,,,,,,,,,,65,3328,177,157,280,184,594,2093,1499,1293,201,3275,559,192,3133,1603,201,696,1480,160,201,403,635,201,1118,593,174,201,184,140,5436,2595
ACSSF,2011m1,co,000,0007,0000038,,,,,,,,,,,,,,,,,,,,,,,,,,,,,,,,,,,,,,,,,,,,,,,,,,,,,,,,,,,,,,,,,,,,,,,,,,,,,,,,,,,,,,,,,,,,,,,,,,,,,,,,,,,,,,70,1518,488,475,1795,368,469,1733,1567,763,289,2416,80,403,1325,2476,59,612,877,108,374,391,842,68,438,684,142,440,190,201,4332,2166
ACSSF,2011m1,co,000,0007,0000039,,,,,,,,,,,,,,,,,,,,,,,,,,,,,,,,,,,,,,,,,,,,,,,,,,,,,,,,,,,,,,,,,,,,,,,,,,,,,,,,,,,,,,,,,,,,,,,,,,,,,,,,,,,,,,56,772,457,471,244,297,801,1357,1348,1189,332,1925,454,663,1487,1263,594,659,1098,94,675,675,479,142,400,664,251,186,429,201,2563,1888
ACSSF,2011m1,co,000,0007,0000040,,,,,,,,,,,,,,,,,,,,,,,,,,,,,,,,,,,,,,,,,,,,,,,,,,,,,,,,,,,,,,,,,,,,,,,,,,,,,,,,,,,,,,,,,,,,,,,,,,,,,,,,,,,,,,75,3732,3257,606,1046,569,1463,3664,1775,1137,667,6520,1396,432,3539,3262,351,1236,1906,204,919,1637,2496,408,525,1402,677,323,2663,423,7255,5870
ACSSF,2011m1,co,000,0007,0000041,,,,,,,,,,,,,,,,,,,,,,,,,,,,,,,,,,,,,,,,,,,,,,,,,,,,,,,,,,,,,,,,,,,,,,,,,,,,,,,,,,,,,,,,,,,,,,,,,,,,,,,,,,,,,,533,2641,1331,549,280,560,649,3786,965,1202,620,4660,613,473,2585,1713,810,1684,868,25,1440,770,1126,319,2621,1267,318,505,465,1473,7613,4811
ACSSF,2011m1,co,000,0007,0000042,0,201,77,201,2889,1478,313,201,195,384,330,38,166,983,660,102,201,140,380,201,471,318,726,180,220,466,201,201,508,201,639,261,500,1483,356,3306,101,3320,327,1538,779,4261,201,1003,150,651,47,475,4540,732,2978,201,202,201,84,201,58,760,1705,201,2514,439,540,1360,864,1568,1133,322,215,214,308,201,2308,201,1331,443,201,201,233,201,114,1464,269,201,201,201,1369,373,1492,774,204,536,838,141,201,201,201,201,103,201,81,54,201,201,201,201,434,5151,4551,0,2889,1478,726,639,500,1483,3306,3320,1538,779,4261,1003,651,4540,2978,202,1705,2514,439,1360,1568,1133,214,2308,1492,774,536,838,141,5391,4551
ACSSF,2011m1,co,000,0007,0000043,,,,,,,,,,,,,,,,,,,,,,,,,,,,,,,,,,,,,,,,,,,,,,,,,,,,,,,,,,,,,,,,,,,,,,,,,,,,,,,,,,,,,,,,,,,,,,,,,,,,,,,,,,,,,,59,1390,867,410,975,560,899,2242,1364,1410,471,3162,634,267,2180,2337,171,1080,815,245,584,840,1175,179,438,1829,216,188,267,103,3289,4313
ACSSF,2011m1,co,000,0007,0000044,,,,,,,,,,,,,,,,,,,,,,,,,,,,,,,,,,,,,,,,,,,,,,,,,,,,,,,,,,,,,,,,,,,,,,,,,,,,,,,,,,,,,,,,,,,,,,,,,,,,,,,,,,,,,,30,1002,201,189,464,346,557,1441,1428,667,242,2573,178,148,1766,1143,201,703,743,201,147,322,485,113,201,906,113,489,209,201,2979,2644
ACSSF,2011m1,co,000,0007,0000045,,,,,,,,,,,,,,,,,,,,,,,,,,,,,,,,,,,,,,,,,,,,,,,,,,,,,,,,,,,,,,,,,,,,,,,,,,,,,,,,,,,,,,,,,,,,,,,,,,,,,,,,,,,,,,33,2249,201,201,193,1546,514,1808,536,551,275,2362,60,280,1701,894,201,792,349,201,255,381,765,201,201,523,198,201,273,201,3957,3058
ACSSF,2011m1,co,000,0007,0000046,,,,,,,,,,,,,,,,,,,,,,,,,,,,,,,,,,,,,,,,,,,,,,,,,,,,,,,,,,,,,,,,,,,,,,,,,,,,,,,,,,,,,,,,,,,,,,,,,,,,,,,,,,,,,,30,1365,160,343,56,219,166,934,1236,613,271,1819,245,190,889,1722,118,415,542,140,211,194,525,158,112,480,54,201,200,203,2997,2523
ACSSF,2011m1,co,000,0007,0000047,3963,201,77,201,2927,1485,313,201,195,384,330,38,166,990,660,102,201,140,405,58,471,318,742,180,220,479,201,201,618,201,947,271,526,1799,356,3419,101,3373,347,1622,772,4466,201,1026,150,790,47,584,5011,732,2970,427,202,201,84,201,58,761,1739,201,2501,437,540,1564,873,1583,1236,336,215,214,308,201,2364,201,1396,443,201,201,233,201,114,1464,269,201,201,201,1413,373,1517,810,204,546,843,1349,201,201,201,201,103,85,318,1316,201,201,201,201,434,6226,4812,3963,2927,1485,742,947,526,1799,3419,3373,1622,772,4466,1026,790,5011,2970,202,1739,2501,437,1564,1583,1236,214,2364,1517,810,546,843,1349,6526,4812
ACSSF,2011m1,co,000,0007,0000048,,,,,,,,,,,,,,,,,,,,,,,,,,,,,,,,,,,,,,,,,,,,,,,,,,,,,,,,,,,,,,,,,,,,,,,,,,,,,,,,,,,,,,,,,,,,,,,,,,,,,,,,,,,,,,7652,5722,760,868,1893,864,1892,4906,3500,2800,829,5830,832,922,4645,5014,811,1961,3511,540,2208,1201,2256,226,1464,2606,803,1116,745,129,9974,6098
ACSSF,2011m1,co,000,0007,0000049,,,,,,,,,,,,,,,,,,,,,,,,,,,,,,,,,,,,,,,,,,,,,,,,,,,,,,,,,,,,,,,,,,,,,,,,,,,,,,,,,,,,,,,,,,,,,,,,,,,,,,,,,,,,,,2388,4560,515,682,731,1208,1845,5108,2226,2308,803,5632,733,464,4529,3735,232,2210,1897,456,767,2175,2163,245,342,1668,917,309,1245,237,5899,5658
ACSSF,2011m1,co,000,0007,0000050,,,,,,,,,,,,,,,,,,,,,,,,,,,,,,,,,,,,,,,,,,,,,,,,,,,,,,,,,,,,,,,,,,,,,,,,,,,,,,,,,,,,,,,,,,,,,,,,,,,,,,,,,,,,,,5983,5324,878,695,1199,1981,1994,4615,2662,2566,1755,7865,677,424,4540,4143,233,1892,2043,367,1037,1222,5844,277,811,2410,910,555,1291,103,8423,8637
ACSSF,2011m1,co,000,0007,0000051,,,,,,,,,,,,,,,,,,,,,,,,,,,,,,,,,,,,,,,,,,,,,,,,,,,,,,,,,,,,,,,,,,,,,,,,,,,,,,,,,,,,,,,,,,,,,,,,,,,,,,,,,,,,,,3171,4522,3273,769,1296,1442,1794,4413,1990,2524,1084,7705,1377,745,5148,4346,404,1817,2391,348,1107,1832,3484,585,885,1994,887,348,2734,480,8863,7210
ACSSF,2011m1,co,000,0007,0000052,,,,,,,,,,,,,,,,,,,,,,,,,,,,,,,,,,,,,,,,,,,,,,,,,,,,,,,,,,,,,,,,,,,,,,,,,,,,,,,,,,,,,,,,,,,,,,,,,,,,,,,,,,,,,,9643,4765,2460,1464,808,1217,2154,6475,2761,3253,1093,8535,1410,771,6309,5329,892,2522,3067,434,1870,1660,2751,966,1854,2506,786,720,1073,447,9515,7204
ACSSF,2011m1,co,000,0007,0000053,,,,,,,,,,,,,,,,,,,,,,,,,,,,,,,,,,,,,,,,,,,,,,,,,,,,,,,,,,,,,,,,,,,,,,,,,,,,,,,,,,,,,,,,,,,,,,,,,,,,,,,,,,,,,,10452,3962,2380,724,1168,1286,2031,3815,1631,1830,919,7295,1010,813,3847,2880,439,1591,1716,183,1522,1321,1430,461,3447,2017,812,1158,794,1379,10094,6366
ACSSF,2011m1,co,000,0007,0000054,,,,,,,,,,,,,,,,,,,,,,,,,,,,,,,,,,,,,,,,,,,,,,,,,,,,,,,,,,,,,,,,,,,,,,,,,,,,,,,,,,,,,,,,,,,,,,,,,,,,,,,,,,,,,,3847,2128,87,277,535,540,455,2716,855,879,466,2544,644,173,1960,1181,64,1610,1473,107,969,656,1355,49,201,529,307,301,363,201,2352,2589
ACSSF,2011m1,co,000,0007,0000055,,,,,,,,,,,,,,,,,,,,,,,,,,,,,,,,,,,,,,,,,,,,,,,,,,,,,,,,,,,,,,,,,,,,,,,,,,,,,,,,,,,,,,,,,,,,,,,,,,,,,,,,,,,,,,4350,2038,429,335,538,667,788,2652,1617,1656,299,4543,322,285,2516,2891,169,832,1022,230,227,670,1119,113,201,982,800,499,878,201,4657,4265
ACSSF,2011m1,co,000,0007,0000056,,,,,,,,,,,,,,,,,,,,,,,,,,,,,,,,,,,,,,,,,,,,,,,,,,,,,,,,,,,,,,,,,,,,,,,,,,,,,,,,,,,,,,,,,,,,,,,,,,,,,,,,,,,,,,881,2620,188,355,326,629,1237,2933,758,1172,342,3581,201,89,2260,1459,201,742,510,425,479,1983,1185,134,268,866,329,201,669,90,3089,3407
ACSSF,2011m1,co,000,0007,0000057,,,,,,,,,,,,,,,,,,,,,,,,,,,,,,,,,,,,,,,,,,,,,,,,,,,,,,,,,,,,,,,,,,,,,,,,,,,,,,,,,,,,,,,,,,,,,,,,,,,,,,,,,,,,,,3791,1333,735,410,975,560,899,1793,1401,1382,471,3004,634,267,2135,1797,171,1080,815,245,584,843,881,179,438,1829,216,188,267,103,3176,4268
ACSSF,2011m1,co,000,0007,0000058,,,,,,,,,,,,,,,,,,,,,,,,,,,,,,,,,,,,,,,,,,,,,,,,,,,,,,,,,,,,,,,,,,,,,,,,,,,,,,,,,,,,,,,,,,,,,,,,,,,,,,,,,,,,,,0,4648,142,106,349,1628,946,2736,1159,710,1149,4481,234,540,2085,2418,80,1135,1610,142,735,581,5547,113,143,2095,262,430,367,201,5784,5782
ACSSF,2011m1,co,000,0007,0000059,,,,,,,,,,,,,,,,,,,,,,,,,,,,,,,,,,,,,,,,,,,,,,,,,,,,,,,,,,,,,,,,,,,,,,,,,,,,,,,,,,,,,,,,,,,,,,,,,,,,,,,,,,,,,,2497,1295,95,231,288,254,367,1450,595,604,619,2994,30,27,1719,786,201,485,419,30,1074,413,890,147,660,996,241,201,463,201,2923,2419
ACSSF,2011m1,co,000,0007,0000060,,,,,,,,,,,,,,,,,,,,,,,,,,,,,,,,,,,,,,,,,,,,,,,,,,,,,,,,,,,,,,,,,,,,,,,,,,,,,,,,,,,,,,,,,,,,,,,,,,,,,,,,,,,,,,2823,618,133,235,145,489,249,1038,421,566,196,2112,201,177,1208,1117,201,555,268,48,236,313,477,30,118,524,635,22,944,80,2416,1688
ACSSF,2011m1,co,000,0007,0000061,,,,,,,,,,,,,,,,,,,,,,,,,,,,,,,,,,,,,,,,,,,,,,,,,,,,,,,,,,,,,,,,,,,,,,,,,,,,,,,,,,,,,,,,,,,,,,,,,,,,,,,,,,,,,,1446,2014,176,505,89,809,534,1230,1317,650,360,2061,245,190,1938,1801,118,441,556,140,340,478,862,158,227,836,120,201,336,203,2867,2991
ACSSF,2011m1,co,000,0007,0000062,,,,,,,,,,,,,,,,,,,,,,,,,,,,,,,,,,,,,,,,,,,,,,,,,,,,,,,,,,,,,,,,,,,,,,,,,,,,,,,,,,,,,,,,,,,,,,,,,,,,,,,,,,,,,,2576,2528,189,145,561,459,1019,2042,948,1392,394,2623,229,275,2672,1911,186,926,815,85,282,840,755,99,201,1105,499,58,407,201,3369,2749
ACSSF,2011m1,co,000,0007,0000063,,,,,,,,,,,,,,,,,,,,,,,,,,,,,,,,,,,,,,,,,,,,,,,,,,,,,,,,,,,,,,,,,,,,,,,,,,,,,,,,,,,,,,,,,,,,,,,,,,,,,,,,,,,,,,2913,1657,361,430,187,165,902,2446,873,811,524,3659,241,103,2305,3224,127,1217,805,441,1375,879,1910,79,37,1214,406,543,201,201,3138,3056
ACSSF,2011m1,co,000,0007,0000064,,,,,,,,,,,,,,,,,,,,,,,,,,,,,,,,,,,,,,,,,,,,,,,,,,,,,,,,,,,,,,,,,,,,,,,,,,,,,,,,,,,,,,,,,,,,,,,,,,,,,,,,,,,,,,5449,1397,204,632,314,412,562,1818,1359,1049,195,2694,111,520,1789,1361,201,581,1084,201,591,562,776,376,380,1096,134,553,295,11,2921,2288
ACSSF,2011m1,co,000,0007,0000065,,,,,,,,,,,,,,,,,,,,,,,,,,,,,,,,,,,,,,,,,,,,,,,,,,,,,,,,,,,,,,,,,,,,,,,,,,,,,,,,,,,,,,,,,,,,,,,,,,,,,,,,,,,,,,2743,1329,85,351,346,563,1415,1967,1758,796,1035,2918,161,304,2407,1746,82,468,1112,201,419,666,733,207,128,853,307,73,668,201,3601,2387
ACSSF,2011m1,co,000,0007,0000066,,,,,,,,,,,,,,,,,,,,,,,,,,,,,,,,,,,,,,,,,,,,,,,,,,,,,,,,,,,,,,,,,,,,,,,,,,,,,,,,,,,,,,,,,,,,,,,,,,,,,,,,,,,,,,1996,845,457,480,292,313,1060,1452,1390,1430,343,2226,454,685,1810,1296,594,656,1101,94,715,681,584,142,400,665,266,239,480,129,2930,1936
ACSSF,2011m1,co,000,0007,0000067,,,,,,,,,,,,,,,,,,,,,,,,,,,,,,,,,,,,,,,,,,,,,,,,,,,,,,,,,,,,,,,,,,,,,,,,,,,,,,,,,,,,,,,,,,,,,,,,,,,,,,,,,,,,,,4641,2175,219,239,474,435,668,3049,1249,1605,206,3263,536,594,2042,2327,492,794,2377,253,567,509,859,63,516,855,310,245,470,201,3619,2941
ACSSF,2011m1,co,000,0007,0000068,,,,,,,,,,,,,,,,,,,,,,,,,,,,,,,,,,,,,,,,,,,,,,,,,,,,,,,,,,,,,,,,,,,,,,,,,,,,,,,,,,,,,,,,,,,,,,,,,,,,,,,,,,,,,,4462,2517,466,471,1777,435,575,1630,1577,551,217,2915,90,161,1569,2658,226,426,1292,131,313,357,641,68,228,699,69,376,232,201,5891,2241
ACSSF,2011m1,co,000,0007,0000069,,,,,,,,,,,,,,,,,,,,,,,,,,,,,,,,,,,,,,,,,,,,,,,,,,,,,,,,,,,,,,,,,,,,,,,,,,,,,,,,,,,,,,,,,,,,,,,,,,,,,,,,,,,,,,5472,3614,177,161,237,198,590,1931,1488,1314,201,3269,559,192,3086,1659,201,885,843,160,119,467,644,201,1125,591,408,526,127,140,6560,4185
ACSSF,2011m1,co,000,0007,0000070,,,,,,,,,,,,,,,,,,,,,,,,,,,,,,,,,,,,,,,,,,,,,,,,,,,,,,,,,,,,,,,,,,,,,,,,,,,,,,,,,,,,,,,,,,,,,,,,,,,,,,,,,,,,,,6181,1933,201,428,175,770,1626,1780,912,797,355,2717,308,478,2115,1538,94,444,911,201,1239,226,547,74,2083,952,582,963,714,86,6880,3448
ACSSF,2011m1,co,000,0007,0000071,,,,,,,,,,,,,,,,,,,,,,,,,,,,,,,,,,,,,,,,,,,,,,,,,,,,,,,,,,,,,,,,,,,,,,,,,,,,,,,,,,,,,,,,,,,,,,,,,,,,,,,,,,,,,,10402,3471,694,933,300,586,345,3864,964,1036,240,6041,288,451,2493,1863,634,1305,1239,182,887,532,1131,201,1480,998,224,662,434,485,9748,4681
ACSSF,2011m1,co,000,0007,0000072,,,,,,,,,,,,,,,,,,,,,,,,,,,,,,,,,,,,,,,,,,,,,,,,,,,,,,,,,,,,,,,,,,,,,,,,,,,,,,,,,,,,,,,,,,,,,,,,,,,,,,,,,,,,,,7805,959,912,398,50,157,526,1420,616,626,404,1669,379,104,1164,900,84,762,553,201,645,417,668,185,1530,755,175,347,190,908,6934,2113
ACSSF,2011m1,co,000,0007,0000073,,,,,,,,,,,,,,,,,,,,,,,,,,,,,,,,,,,,,,,,,,,,,,,,,,,,,,,,,,,,,,,,,,,,,,,,,,,,,,,,,,,,,,,,,,,,,,,,,,,,,,,,,,,,,,6890,782,440,182,178,266,317,1280,350,677,436,1289,386,139,1238,647,189,574,502,201,1066,383,399,234,2083,397,204,257,229,1011,5898,1739
ACSSF,2011m1,co,000,0007,0000074,,,,,,,,,,,,,,,,,,,,,,,,,,,,,,,,,,,,,,,,,,,,,,,,,,,,,,,,,,,,,,,,,,,,,,,,,,,,,,,,,,,,,,,,,,,,,,,,,,,,,,,,,,,,,,5589,1736,577,343,166,544,1077,2349,917,1116,134,3185,250,232,1961,1590,278,717,827,267,1035,678,901,237,1041,636,247,104,223,79,4208,2719
ACSSF,2011m1,co,000,0007,0000075,,,,,,,,,,,,,,,,,,,,,,,,,,,,,,,,,,,,,,,,,,,,,,,,,,,,,,,,,,,,,,,,,,,,,,,,,,,,,,,,,,,,,,,,,,,,,,,,,,,,,,,,,,,,,,9416,1395,113,224,138,71,233,1412,787,320,265,2410,352,279,1922,2235,163,1094,1017,201,150,1191,554,190,655,596,237,167,246,46,8796,2064
ACSSF,2011m1,co,000,0007,0000076,,,,,,,,,,,,,,,,,,,,,,,,,,,,,,,,,,,,,,,,,,,,,,,,,,,,,,,,,,,,,,,,,,,,,,,,,,,,,,,,,,,,,,,,,,,,,,,,,,,,,,,,,,,,,,5970,1108,162,352,107,262,723,1334,904,666,414,1776,148,120,1586,1032,201,377,585,201,529,431,386,90,293,829,192,241,286,30,5361,1981
ACSSF,2011m1,co,000,0007,0000077,,,,,,,,,,,,,,,,,,,,,,,,,,,,,,,,,,,,,,,,,,,,,,,,,,,,,,,,,,,,,,,,,,,,,,,,,,,,,,,,,,,,,,,,,,,,,,,,,,,,,,,,,,,,,,6522,794,880,415,378,307,1124,1754,2148,814,467,2267,571,387,2272,1389,94,809,924,409,614,701,732,201,429,602,659,353,360,201,3759,2521
ACSSF,2011m1,co,000,0007,0000078,,,,,,,,,,,,,,,,,,,,,,,,,,,,,,,,,,,,,,,,,,,,,,,,,,,,,,,,,,,,,,,,,,,,,,,,,,,,,,,,,,,,,,,,,,,,,,,,,,,,,,,,,,,,,,7951,1200,2120,412,366,232,1048,1824,1814,834,402,2734,967,519,2905,1307,72,858,2017,121,994,690,559,201,2175,898,75,298,501,1315,6326,2557
ACSSF,2011m1,co,000,0007,0000079,,,,,,,,,,,,,,,,,,,,,,,,,,,,,,,,,,,,,,,,,,,,,,,,,,,,,,,,,,,,,,,,,,,,,,,,,,,,,,,,,,,,,,,,,,,,,,,,,,,,,,,,,,,,,,8854,1391,66,333,201,189,130,1468,276,151,341,1859,417,182,1132,959,20,377,441,106,171,366,375,201,183,485,169,54,320,103,8497,2245
ACSSF,2011m1,co,000,0007,0000080,,,,,,,,,,,,,,,,,,,,,,,,,,,,,,,,,,,,,,,,,,,,,,,,,,,,,,,,,,,,,,,,,,,,,,,,,,,,,,,,,,,,,,,,,,,,,,,,,,,,,,,,,,,,,,3935,1456,69,272,726,261,513,1509,834,542,254,3108,144,111,2030,1351,282,428,861,105,439,344,765,199,499,682,194,275,293,91,3891,3183
ACSSF,2011m1,co,000,0007,0000081,,,,,,,,,,,,,,,,,,,,,,,,,,,,,,,,,,,,,,,,,,,,,,,,,,,,,,,,,,,,,,,,,,,,,,,,,,,,,,,,,,,,,,,,,,,,,,,,,,,,,,,,,,,,,,4453,1173,403,183,794,500,323,1369,517,1021,336,3032,250,201,1475,986,94,480,809,141,394,677,536,126,90,500,257,86,170,201,4035,2512
ACSSF,2011m1,co,000,0007,0000082,,,,,,,,,,,,,,,,,,,,,,,,,,,,,,,,,,,,,,,,,,,,,,,,,,,,,,,,,,,,,,,,,,,,,,,,,,,,,,,,,,,,,,,,,,,,,,,,,,,,,,,,,,,,,,6251,1452,151,257,315,828,669,2127,834,703,354,3873,452,302,1958,1837,71,800,605,201,728,665,1203,262,331,1202,307,231,294,595,4698,2593
ACSSF,2011m1,co,000,0007,0000083,,,,,,,,,,,,,,,,,,,,,,,,,,,,,,,,,,,,,,,,,,,,,,,,,,,,,,,,,,,,,,,,,,,,,,,,,,,,,,,,,,,,,,,,,,,,,,,,,,,,,,,,,,,,,,3714,1257,667,313,676,469,917,2311,902,650,489,2875,733,234,1751,854,201,1078,748,57,305,532,684,124,148,641,176,239,251,316,3705,1808
ACSSF,2011m1,co,000,0007,0000084,,,,,,,,,,,,,,,,,,,,,,,,,,,,,,,,,,,,,,,,,,,,,,,,,,,,,,,,,,,,,,,,,,,,,,,,,,,,,,,,,,,,,,,,,,,,,,,,,,,,,,,,,,,,,,6156,1542,1814,383,310,597,526,3446,1147,837,466,3282,750,272,2840,3072,369,943,1820,172,947,414,1498,863,549,1317,534,84,772,201,4498,2662
ACSSF,2011m1,co,000,0007,0000085,,,,,,,,,,,,,,,,,,,,,,,,,,,,,,,,,,,,,,,,,,,,,,,,,,,,,,,,,,,,,,,,,,,,,,,,,,,,,,,,,,,,,,,,,,,,,,,,,,,,,,,,,,,,,,5318,2775,1641,411,577,597,1342,2599,1416,2423,808,3999,497,519,3498,3224,88,1953,1583,253,428,1046,1660,201,631,1493,192,201,309,201,4714,4884
ACSSF,2011m1,co,000,0007,0000086,,,,,,,,,,,,,,,,,,,,,,,,,,,,,,,,,,,,,,,,,,,,,,,,,,,,,,,,,,,,,,,,,,,,,,,,,,,,,,,,,,,,,,,,,,,,,,,,,,,,,,,,,,,,,,5790,2821,226,391,667,200,1338,2199,960,1393,399,4242,301,502,2849,2474,102,1075,1132,249,628,643,2754,382,221,1207,515,201,341,154,5853,2209
ACSSF,2011m1,co,000,0007,0000087,,,,,,,,,,,,,,,,,,,,,,,,,,,,,,,,,,,,,,,,,,,,,,,,,,,,,,,,,,,,,,,,,,,,,,,,,,,,,,,,,,,,,,,,,,,,,,,,,,,,,,,,,,,,,,5595,1419,350,286,261,364,523,1533,912,1157,262,2211,268,327,1994,1259,165,523,830,71,559,652,610,125,201,870,226,156,528,166,4119,2453
ACSSF,2011m1,co,000,0007,0000088,,,,,,,,,,,,,,,,,,,,,,,,,,,,,,,,,,,,,,,,,,,,,,,,,,,,,,,,,,,,,,,,,,,,,,,,,,,,,,,,,,,,,,,,,,,,,,,,,,,,,,,,,,,,,,6544,2073,629,368,318,44,587,1354,1436,683,266,2366,55,226,1762,1224,201,719,461,151,397,728,663,311,76,794,265,216,278,206,4580,2216
ACSSF,2011m1,co,000,0007,0000089,,,,,,,,,,,,,,,,,,,,,,,,,,,,,,,,,,,,,,,,,,,,,,,,,,,,,,,,,,,,,,,,,,,,,,,,,,,,,,,,,,,,,,,,,,,,,,,,,,,,,,,,,,,,,,8095,2204,3167,392,980,1306,1038,3433,1163,1289,462,5225,1374,86,2325,2353,124,743,1592,154,677,1331,1587,217,387,864,552,137,2655,201,6689,3517
ACSSF,2011m1,co,000,0007,0000090,,,,,,,,,,,,,,,,,,,,,,,,,,,,,,,,,,,,,,,,,,,,,,,,,,,,,,,,,,,,,,,,,,,,,,,,,,,,,,,,,,,,,,,,,,,,,,,,,,,,,,,,,,,,,,7029,1593,116,254,201,228,568,924,303,453,248,2470,221,286,2016,1337,279,656,515,100,411,262,566,70,523,427,166,148,96,385,5156,3771
ACSSF,2011m1,co,000,0007,0000091,,,,,,,,,,,,,,,,,,,,,,,,,,,,,,,,,,,,,,,,,,,,,,,,,,,,,,,,,,,,,,,,,,,,,,,,,,,,,,,,,,,,,,,,,,,,,,,,,,,,,,,,,,,,,,2998,1867,106,231,199,384,570,1546,407,1345,944,2753,290,120,1732,1516,185,857,602,154,265,757,754,137,518,948,346,50,253,23,2509,2396
ACSSF,2011m1,co,000,0007,0000092,,,,,,,,,,,,,,,,,,,,,,,,,,,,,,,,,,,,,,,,,,,,,,,,,,,,,,,,,,,,,,,,,,,,,,,,,,,,,,,,,,,,,,,,,,,,,,,,,,,,,,,,,,,,,,6912,1936,1066,326,895,429,1160,3177,960,1233,302,2809,292,91,1329,2468,165,731,605,109,752,1239,2127,125,222,571,190,137,469,201,3726,2235
ACSSF,2011m1,co,000,0007,0000093,,,,,,,,,,,,,,,,,,,,,,,,,,,,,,,,,,,,,,,,,,,,,,,,,,,,,,,,,,,,,,,,,,,,,,,,,,,,,,,,,,,,,,,,,,,,,,,,,,,,,,,,,,,,,,7116,1168,1104,434,173,270,409,1740,599,883,442,3774,543,397,2027,1325,84,1233,677,180,609,628,679,185,2072,1080,225,433,284,1471,7947,3815
ACSSF,2011m1,co,000,0007,0000094,,,,,,,,,,,,,,,,,,,,,,,,,,,,,,,,,,,,,,,,,,,,,,,,,,,,,,,,,,,,,,,,,,,,,,,,,,,,,,,,,,,,,,,,,,,,,,,,,,,,,,,,,,,,,,4382,2032,469,538,467,349,1331,2243,1785,1434,442,3090,671,838,2356,1960,825,968,2044,271,1169,781,852,174,649,905,339,430,602,129,5094,3250
ACSSF,2011m1,co,000,0007,0000095,,,,,,,,,,,,,,,,,,,,,,,,,,,,,,,,,,,,,,,,,,,,,,,,,,,,,,,,,,,,,,,,,,,,,,,,,,,,,,,,,,,,,,,,,,,,,,,,,,,,,,,,,,,,,,5779,1868,201,428,201,769,673,1718,858,830,343,2659,201,455,1925,871,201,285,381,201,402,201,466,201,2127,733,573,958,398,140,4490,3087
ACSSF,2011m1,co,000,0007,0000096,,,,,,,,,,,,,,,,,,,,,,,,,,,,,,,,,,,,,,,,,,,,,,,,,,,,,,,,,,,,,,,,,,,,,,,,,,,,,,,,,,,,,,,,,,,,,,,,,,,,,,,,,,,,,,8398,2960,1848,997,344,764,892,4143,1344,1162,542,5709,841,413,2767,2217,813,1484,1351,263,1667,843,1285,322,2021,915,304,670,447,1316,8487,4713
ACSSF,2011m1,co,000,0007,0000097,,,,,,,,,,,,,,,,,,,,,,,,,,,,,,,,,,,,,,,,,,,,,,,,,,,,,,,,,,,,,,,,,,,,,,,,,,,,,,,,,,,,,,,,,,,,,,,,,,,,,,,,,,,,,,10026,2681,803,433,357,1318,678,1845,1546,1053,495,5085,1311,427,2676,1640,239,915,1476,195,434,1045,1038,388,313,929,319,271,499,260,6929,4013
ACSSF,2011m1,co,000,0007,0000098,0,201,77,201,2889,1478,313,201,195,384,330,38,166,983,660,102,201,140,380,201,471,318,726,180,220,466,201,201,508,201,639,261,500,1483,356,3306,101,3320,327,1538,779,4261,201,1003,150,651,47,475,4540,732,2978,201,202,201,84,201,58,760,1705,201,2514,439,540,1360,864,1568,1133,322,215,214,308,201,2308,201,1331,443,201,201,233,201,114,1464,269,201,201,201,1369,373,1492,774,204,536,838,141,201,201,201,201,103,201,81,54,201,201,201,201,434,5151,4551,0,2889,1478,726,639,500,1483,3306,3320,1538,779,4261,1003,651,4540,2978,202,1705,2514,439,1360,1568,1133,214,2308,1492,774,536,838,141,5391,4551
ACSSF,2011m1,co,000,0007,0000099,,,,,,,,,,,,,,,,,,,,,,,,,,,,,,,,,,,,,,,,,,,,,,,,,,,,,,,,,,,,,,,,,,,,,,,,,,,,,,,,,,,,,,,,,,,,,,,,,,,,,,,,,,,,,,875,2896,2429,512,684,742,1460,3919,1791,2609,926,4675,955,584,4553,3693,348,1844,2211,261,954,1101,1909,863,794,2087,547,84,702,201,5759,5509
ACSSF,2011m1,co,000,0007,0000100,,,,,,,,,,,,,,,,,,,,,,,,,,,,,,,,,,,,,,,,,,,,,,,,,,,,,,,,,,,,,,,,,,,,,,,,,,,,,,,,,,,,,,,,,,,,,,,,,,,,,,,,,,,,,,,,,,,,,,,,,,,,,,,,,,,,,,,,,,,,,
ACSSF,2011m1,co,000,0007,0000101,,,,,,,,,,,,,,,,,,,,,,,,,,,,,,,,,,,,,,,,,,,,,,,,,,,,,,,,,,,,,,,,,,,,,,,,,,,,,,,,,,,,,,,,,,,,,,,,,,,,,,,,,,,,,,5378,1556,867,408,986,737,811,2526,1372,1660,487,4239,634,339,2359,2567,171,1104,848,245,598,967,1350,179,438,1875,848,208,891,103,4691,4688
ACSSF,2011m1,co,000,0007,0000102,,,,,,,,,,,,,,,,,,,,,,,,,,,,,,,,,,,,,,,,,,,,,,,,,,,,,,,,,,,,,,,,,,,,,,,,,,,,,,,,,,,,,,,,,,,,,,,,,,,,,,,,,,,,,,881,2620,188,355,326,629,1237,2933,758,1172,342,3581,201,89,2260,1459,201,742,510,425,479,1983,1185,134,268,866,329,201,669,90,3089,3407
ACSSF,2011m1,co,000,0007,0000103,,,,,,,,,,,,,,,,,,,,,,,,,,,,,,,,,,,,,,,,,,,,,,,,,,,,,,,,,,,,,,,,,,,,,,,,,,,,,,,,,,,,,,,,,,,,,,,,,,,,,,,,,,,,,,5963,3608,201,201,193,1555,568,2064,536,564,303,2647,60,280,1718,1852,201,799,362,201,332,401,764,201,201,579,198,105,287,201,5082,4162
ACSSF,2011m1,co,000,0007,0000104,,,,,,,,,,,,,,,,,,,,,,,,,,,,,,,,,,,,,,,,,,,,,,,,,,,,,,,,,,,,,,,,,,,,,,,,,,,,,,,,,,,,,,,,,,,,,,,,,,,,,,,,,,,,,,6465,1136,201,273,100,152,444,860,371,288,263,1810,182,201,1960,1110,141,560,410,108,359,198,305,201,261,170,192,116,263,353,5262,3709
ACSSF,2011m1,co,000,0007,0000105,,,,,,,,,,,,,,,,,,,,,,,,,,,,,,,,,,,,,,,,,,,,,,,,,,,,,,,,,,,,,,,,,,,,,,,,,,,,,,,,,,,,,,,,,,,,,,,,,,,,,,,,,,,,,,1052,2999,652,891,1832,1233,1039,3566,2083,1962,678,5762,963,813,3746,3043,381,1674,1879,271,1071,1320,2256,442,666,1994,477,637,680,609,5807,5554
ACSSF,2011m1,co,000,0007,0000106,,,,,,,,,,,,,,,,,,,,,,,,,,,,,,,,,,,,,,,,,,,,,,,,,,,,,,,,,,,,,,,,,,,,,,,,,,,,,,,,,,,,,,,,,,,,,,,,,,,,,,,,,,,,,,3707,1608,593,143,205,519,922,1812,851,836,483,3171,201,197,2026,1103,91,1069,658,64,260,728,539,200,1046,511,259,230,165,79,2888,1497
ACSSF,2011m1,co,000,0007,0000107,,,,,,,,,,,,,,,,,,,,,,,,,,,,,,,,,,,,,,,,,,,,,,,,,,,,,,,,,,,,,,,,,,,,,,,,,,,,,,,,,,,,,,,,,,,,,,,,,,,,,,,,,,,,,,5907,1593,142,352,316,645,1330,2117,1820,740,1107,3218,87,460,2404,1903,82,608,1238,201,626,729,955,180,196,1907,340,454,642,201,4396,3914
ACSSF,2011m1,co,000,0007,0000108,,,,,,,,,,,,,,,,,,,,,,,,,,,,,,,,,,,,,,,,,,,,,,,,,,,,,,,,,,,,,,,,,,,,,,,,,,,,,,,,,,,,,,,,,,,,,,,,,,,,,,,,,,,,,,5592,1805,201,332,513,379,907,2865,1468,1023,242,4306,322,204,1940,1488,169,723,966,230,205,409,727,113,201,929,266,489,241,201,4053,4824
ACSSF,2011m1,co,000,0007,0000109,,,,,,,,,,,,,,,,,,,,,,,,,,,,,,,,,,,,,,,,,,,,,,,,,,,,,,,,,,,,,,,,,,,,,,,,,,,,,,,,,,,,,,,,,,,,,,,,,,,,,,,,,,,,,,1374,1365,160,343,56,219,166,931,1236,613,271,1824,245,190,1603,1722,118,415,547,140,211,194,639,158,112,506,54,201,200,203,3047,2530
ACSSF,2011m1,co,000,0007,0000110,,,,,,,,,,,,,,,,,,,,,,,,,,,,,,,,,,,,,,,,,,,,,,,,,,,,,,,,,,,,,,,,,,,,,,,,,,,,,,,,,,,,,,,,,,,,,,,,,,,,,,,,,,,,,,7026,3652,267,229,329,450,888,2886,2095,1897,201,4246,591,317,3355,3679,185,718,2276,195,265,560,780,63,1127,1175,445,549,242,201,7472,3955
ACSSF,2011m1,co,000,0007,0000111,,,,,,,,,,,,,,,,,,,,,,,,,,,,,,,,,,,,,,,,,,,,,,,,,,,,,,,,,,,,,,,,,,,,,,,,,,,,,,,,,,,,,,,,,,,,,,,,,,,,,,,,,,,,,,,,,,,,,,,,,,,,,,,,,,,,,,,,,,,,,
