ACSSF,2011m1,co,000,0044,0000001,0.2,0.3,1.0,1.1,1.7,1.4,0.8,13003,14252,7722,4714,4248,4161,6922,4106,4399,2056,1577,1118,482,882,2361,1952,1067,613,393,306,507,3574,3199,2205,832,721,592,884,,,,,,,,7329,5998,2224,1592,1724,1162,655,4242,3644,1392,656,821,444,1048,10977,12276,6567,4225,3707,3830,6452,7196,7558,4585,2774,2557,1908,2022,12823,12680,10608,5771,8622,13933,13396,8665,5220,6708,8207,7376,4094,1791,3913,4987,4530,2279,1026,2184,4964,4150,2075,820,1823,4675,4283,1666,663,1497,7327,6774,1805,1292,1337,12823,4583,6190,9813,7049,6972,8497,13933,3581,6704,10795,7347,6445,6761,8207,2346,3591,6121,3895,1793,2354,4987,1326,1903,3002,1941,1522,1333,6854,1703,3287,4517,2089,1694,1559,7327,693,1304,4550,4030,2754,2864,13003,14252,7722,4714,5983,6922,4106,4399,2056,1577,1193,882,2361,1952,1067,613,493,507,3574,3199,2205,832,971,884,,,,,,,7329,5998,2224,1592,2303,655,4242,3644,1392,656,900,1048,10977,12276,6567,4225,5458,6452,7196,7558,4585,2774,3444,2022,12823,12680,10608,5771,8622,13933,13396,8665,5220,6708,8207,7376,4094,1791,3913,4987,4530,2279,1026,2184,6854,6078,3054,1039,2689,7327,6774,1805,1292,1337
ACSSF,2011m1,co,000,0044,0000002,,,,,,,,,,,,,,,,,,,,,,,,,,,,,,,,,,,,,,,,,,,,,,,,,,,,,,,,,,,,,,,,,,,,,,,,,,,,,,,,,,,,,,,,,,,,,,,,,,,,,,,,,,,,,,,,,,,,,,,,,,,,,,,,,,,,,,,,,,,,,,,,,,,,,,,,,,,,,,,,,,,,,,,,,,,,,,,,,,,,,,,,,,,,,,,,,,,,,,,,,,,,,,,,,,,,,,,,,,,,,,,,,,,,,,,
ACSSF,2011m1,co,000,0044,0000003,,,,,,,,,,,,,,,,,,,,,,,,,,,,,,,,,,,,,,,,,,,,,,,,,,,,,,,,,,,,,,,,,,,,,,,,,,,,,,,,,,,,,,,,,,,,,,,,,,,,,,,,,,,,,,,,,,,,,,,,,,,,,,,,,,,,,,,,,,,,,,,,,,,,,,,,,,,,,,,,,,,,,,,,,,,,,,,,,,,,,,,,,,,,,,,,,,,,,,,,,,,,,,,,,,,,,,,,,,,,,,,,,,,,,,,
ACSSF,2011m1,co,000,0044,0000004,,,,,,,,,,,,,,,,,,,,,,,,,,,,,,,,,,,,,,,,,,,,,,,,,,,,,,,,,,,,,,,,,,,,,,,,,,,,,,,,,,,,,,,,,,,,,,,,,,,,,,,,,,,,,,,,,,,,,,,,,,,,,,,,,,,,,,,,,,,,,,,,,,,,,,,,,,,,,,,,,,,,,,,,,,,,,,,,,,,,,,,,,,,,,,,,,,,,,,,,,,,,,,,,,,,,,,,,,,,,,,,,,,,,,,,
ACSSF,2011m1,co,000,0044,0000005,,,,,,,,,,,,,,,,,,,,,,,,,,,,,,,,,,,,,,,,,,,,,,,,,,,,,,,,,,,,,,,,,,,,,,,,,,,,,,,,,,,,,,,,,,,,,,,,,,,,,,,,,,,,,,,,,,,,,,,,,,,,,,,,,,,,,,,,,,,,,,,,,,,,,,,,,,,,,,,,,,,,,,,,,,,,,,,,,,,,,,,,,,,,,,,,,,,,,,,,,,,,,,,,,,,,,,,,,,,,,,,,,,,,,,,
ACSSF,2011m1,co,000,0044,0000006,,,,,,,,,,,,,,,,,,,,,,,,,,,,,,,,,,,,,,,,,,,,,,,,,,,,,,,,,,,,,,,,,,,,,,,,,,,,,,,,,,,,,,,,,,,,,,,,,,,,,,,,,,,,,,,,,,,,,,,,,,,,,,,,,,,,,,,,,,,,,,,,,,,,,,,,,,,,,,,,,,,,,,,,,,,,,,,,,,,,,,,,,,,,,,,,,,,,,,,,,,,,,,,,,,,,,,,,,,,,,,,,,,,,,,,
ACSSF,2011m1,co,000,0044,0000007,,,,,,,,,,,,,,,,,,,,,,,,,,,,,,,,,,,,,,,,,,,,,,,,,,,,,,,,,,,,,,,,,,,,,,,,,,,,,,,,,,,,,,,,,,,,,,,,,,,,,,,,,,,,,,,,,,,,,,,,,,,,,,,,,,,,,,,,,,,,,,,,,,,,,,,,,,,,,,,,,,,,,,,,,,,,,,,,,,,,,,,,,,,,,,,,,,,,,,,,,,,,,,,,,,,,,,,,,,,,,,,,,,,,,,,
ACSSF,2011m1,co,000,0044,0000008,,,,,,,,,,,,,,,,,,,,,,,,,,,,,,,,,,,,,,,,,,,,,,,,,,,,,,,,,,,,,,,,,,,,,,,,,,,,,,,,,,,,,,,,,,,,,,,,,,,,,,,,,,,,,,,,,,,,,,,,,,,,,,,,,,,,,,,,,,,,,,,,,,,,,,,,,,,,,,,,,,,,,,,,,,,,,,,,,,,,,,,,,,,,,,,,,,,,,,,,,,,,,,,,,,,,,,,,,,,,,,,,,,,,,,,
ACSSF,2011m1,co,000,0044,0000009,,,,,,,,,,,,,,,,,,,,,,,,,,,,,,,,,,,,,,,,,,,,,,,,,,,,,,,,,,,,,,,,,,,,,,,,,,,,,,,,,,,,,,,,,,,,,,,,,,,,,,,,,,,,,,,,,,,,,,,,,,,,,,,,,,,,,,,,,,,,,,,,,,,,,,,,,,,,,,,,,,,,,,,,,,,,,,,,,,,,,,,,,,,,,,,,,,,,,,,,,,,,,,,,,,,,,,,,,,,,,,,,,,,,,,,
ACSSF,2011m1,co,000,0044,0000010,,,,,,,,,,,,,,,,,,,,,,,,,,,,,,,,,,,,,,,,,,,,,,,,,,,,,,,,,,,,,,,,,,,,,,,,,,,,,,,,,,,,,,,,,,,,,,,,,,,,,,,,,,,,,,,,,,,,,,,,,,,,,,,,,,,,,,,,,,,,,,,,,,,,,,,,,,,,,,,,,,,,,,,,,,,,,,,,,,,,,,,,,,,,,,,,,,,,,,,,,,,,,,,,,,,,,,,,,,,,,,,,,,,,,,,
ACSSF,2011m1,co,000,0044,0000011,,,,,,,,,,,,,,,,,,,,,,,,,,,,,,,,,,,,,,,,,,,,,,,,,,,,,,,,,,,,,,,,,,,,,,,,,,,,,,,,,,,,,,,,,,,,,,,,,,,,,,,,,,,,,,,,,,,,,,,,,,,,,,,,,,,,,,,,,,,,,,,,,,,,,,,,,,,,,,,,,,,,,,,,,,,,,,,,,,,,,,,,,,,,,,,,,,,,,,,,,,,,,,,,,,,,,,,,,,,,,,,,,,,,,,,
ACSSF,2011m1,co,000,0044,0000012,,,,,,,,,,,,,,,,,,,,,,,,,,,,,,,,,,,,,,,,,,,,,,,,,,,,,,,,,,,,,,,,,,,,,,,,,,,,,,,,,,,,,,,,,,,,,,,,,,,,,,,,,,,,,,,,,,,,,,,,,,,,,,,,,,,,,,,,,,,,,,,,,,,,,,,,,,,,,,,,,,,,,,,,,,,,,,,,,,,,,,,,,,,,,,,,,,,,,,,,,,,,,,,,,,,,,,,,,,,,,,,,,,,,,,,
ACSSF,2011m1,co,000,0044,0000013,0.7,0.9,2.5,3.3,3.2,10.9,3.9,6833,5832,2200,731,484,722,1727,,,,,,,,,,,,,,,,,,,,,,,,,,,,,,,,,,,,,,,,,,,5723,4950,1864,494,413,588,1622,3697,3415,1779,520,354,485,533,8121,7041,3330,1827,2709,6927,6082,3025,1823,2327,2763,2293,1386,399,1370,985,673,647,75,643,532,522,201,114,159,819,724,469,225,406,1754,1700,320,181,240,8121,1251,2157,5174,2926,2253,2125,6927,999,2057,4659,2761,2189,1839,2763,634,1058,1822,1100,575,643,985,361,380,648,315,119,83,1029,224,234,641,587,165,225,1754,193,222,1276,497,816,479,6833,5832,2200,731,876,1727,1977,1805,756,514,84,193,,,,,,,1327,1114,483,101,153,44,,,,,,,1819,1598,912,277,274,157,,,,,,,5723,4950,1864,494,742,1622,3697,3415,1779,520,625,533,8121,7041,3330,1827,2709,6927,6082,3025,1823,2327,2763,2293,1386,399,1370,985,673,647,75,643,1029,953,501,258,422,1754,1700,320,181,240
ACSSF,2011m1,co,000,0044,0000014,0.6,0.7,2.4,5.9,6.0,3.8,2.2,7786,6798,2476,1210,761,857,1860,2532,2349,789,453,508,193,362,,,,,,,,,,,,,,,,,,,,,,1916,1640,668,233,425,214,308,1729,1586,412,203,173,152,510,7308,6339,2024,1047,663,809,1816,2963,2948,1802,617,645,280,622,8215,8111,3623,1827,3135,6886,6866,2668,1749,2319,3110,2413,2167,703,2011,1333,1226,625,306,585,1011,839,650,247,643,900,822,309,141,273,1921,1910,413,273,298,8215,1615,2514,5572,3798,2414,1955,6886,1462,2453,5179,3426,2360,1875,3110,469,871,2565,1252,485,573,1333,187,525,870,680,316,311,1431,304,503,1107,386,446,309,1921,87,140,1259,1070,860,808,7786,6798,2476,1210,1139,1860,2532,2349,789,453,508,362,,,,,,,1843,1237,1371,82,58,213,,,,,,,1916,1640,668,233,491,308,1729,1586,412,203,229,510,7308,6339,2024,1047,994,1816,2963,2948,1802,617,764,622,8215,8111,3623,1827,3135,6886,6866,2668,1749,2319,3110,2413,2167,703,2011,1333,1226,625,306,585,1431,1152,796,291,768,1921,1910,413,273,298
ACSSF,2011m1,co,000,0044,0000015,0.7,1.0,2.4,4.5,3.6,3.4,2.6,5381,5802,2652,1369,1227,1191,2331,,,,,,,,,,,,,,,1430,1318,524,191,256,321,254,,,,,,,,,,,,,,,922,545,420,140,461,82,406,5021,4959,2169,1359,1182,1063,2209,2052,2116,1138,192,419,454,628,5655,5254,2027,1688,1997,5902,5449,1847,1530,1466,2607,2417,943,460,799,1363,1346,367,176,305,1344,1287,455,123,447,1265,1091,547,336,450,2300,2220,568,521,225,5655,1072,2280,4023,2388,1998,1550,5902,670,2302,3955,2358,1763,1421,2607,553,494,1700,1057,503,379,1363,767,589,760,490,283,309,1736,607,913,1183,718,400,510,2300,132,423,1686,1134,738,818,5381,5802,2652,1369,1606,2331,,,,,,,,,,,,,1430,1318,524,191,437,254,,,,,,,,,,,,,922,545,420,140,457,406,5021,4959,2169,1359,1501,2209,2052,2116,1138,192,580,628,5655,5254,2027,1688,1997,5902,5449,1847,1530,1466,2607,2417,943,460,799,1363,1346,367,176,305,1736,1561,715,366,657,2300,2220,568,521,225
ACSSF,2011m1,co,000,0044,0000016,0.4,0.6,1.4,3.4,2.8,2.9,3.2,10373,8580,3590,3701,1935,2037,2308,3449,3238,934,1145,431,275,431,909,776,375,269,193,159,202,2321,1689,1279,487,486,395,459,,,,,,,,3378,2634,1230,961,880,257,350,1896,1479,600,491,488,153,214,9452,8360,2775,2965,1858,1775,2097,5595,4810,2557,2056,1123,992,707,12492,11804,5814,3551,4147,10018,9322,4409,2916,2988,4288,3159,2514,1030,2301,3787,3430,1946,654,1949,2439,2224,968,542,811,2080,1934,893,270,827,2630,2320,762,354,695,12492,1341,3792,7821,4809,3068,2989,10018,860,3051,6270,4299,2672,2769,4288,382,1163,3132,1708,895,748,3787,744,1303,2265,1493,1439,873,3305,423,1543,2040,909,837,982,2630,191,408,1780,802,785,811,10373,8580,3590,3701,2819,2308,3449,3238,934,1145,482,431,909,776,375,269,159,202,2321,1689,1279,487,612,459,,,,,,,3378,2634,1230,961,900,350,1896,1479,600,491,502,214,9452,8360,2775,2965,2653,2097,5595,4810,2557,2056,1479,707,12492,11804,5814,3551,4147,10018,9322,4409,2916,2988,4288,3159,2514,1030,2301,3787,3430,1946,654,1949,3305,3136,1365,622,1163,2630,2320,762,354,695
ACSSF,2011m1,co,000,0044,0000017,1.0,1.1,6.0,12.6,9.5,12.9,2.4,5812,5313,1269,549,884,420,1923,,,,,,,,,,,,,,,,,,,,,,,,,,,,,,,,,,,,,,,,,,,5080,4647,1072,549,880,420,1849,,,,,,,,6048,6014,1835,1072,1411,5450,5505,1465,997,1082,1340,1207,584,118,566,555,555,193,193,193,884,885,299,25,294,478,435,197,193,197,1942,1797,629,322,559,6048,1241,1673,3995,2650,1545,1275,5450,1197,1591,3715,2268,1448,1147,1340,417,283,855,775,310,380,555,193,222,309,192,193,420,1022,598,306,610,224,60,107,1942,159,172,1397,1393,868,756,5812,5313,1269,549,1013,1923,,,,,,,,,,,,,,,,,,,,,,,,,,,,,,,,,,,,,5080,4647,1072,549,971,1849,,,,,,,6048,6014,1835,1072,1411,5450,5505,1465,997,1082,1340,1207,584,118,566,555,555,193,193,193,1022,987,341,25,337,1942,1797,629,322,559
ACSSF,2011m1,co,000,0044,0000018,0.5,0.8,4.5,10.6,0.3,6.6,1.7,5521,6308,3112,572,1407,1033,2125,1833,1937,1109,603,797,268,375,,,,,,,,953,944,621,193,282,137,318,,,,,,,,,,,,,,,1595,1334,658,117,178,46,381,4678,5417,2854,572,1349,1037,1886,2707,2793,1373,41,636,232,1064,5910,6442,3234,2372,1968,6791,6785,2739,2254,1369,3445,3009,1185,613,1012,804,804,193,193,193,1478,1389,671,281,481,1067,1044,351,171,319,2157,2106,499,364,294,5910,1276,2546,4469,2849,2309,2429,6791,1273,2529,4796,2871,2330,2344,3445,672,1096,2493,1307,843,584,804,193,291,439,480,202,154,1945,744,969,993,851,399,589,2157,64,404,1522,1360,472,926,5521,6308,3112,572,1907,2125,1833,1937,1109,603,857,375,,,,,,,953,944,621,193,287,318,,,,,,,,,,,,,1595,1334,658,117,185,381,4678,5417,2854,572,1889,1886,2707,2793,1373,41,678,1064,5910,6442,3234,2372,1968,6791,6785,2739,2254,1369,3445,3009,1185,613,1012,804,804,193,193,193,1945,1842,731,312,568,2157,2106,499,364,294
ACSSF,2011m1,co,000,0044,0000019,0.6,0.8,4.5,6.7,7.6,11.4,1.7,6482,5469,2911,1206,821,944,2133,,,,,,,,,,,,,,,1015,929,422,92,143,92,322,,,,,,,,,,,,,,,1183,1095,218,113,260,224,214,5531,4830,2120,867,778,918,2037,3374,2969,1655,961,393,496,504,6958,6472,2711,1426,2209,5703,5379,1933,1174,1623,2968,2232,1524,458,1443,1322,1121,769,204,727,860,827,321,114,285,1040,990,302,166,252,2192,2094,588,461,399,6958,1269,2235,4542,3260,2090,2387,5703,1198,2056,3897,2829,1682,1935,2968,668,802,2143,1183,690,943,1322,565,703,684,514,241,65,1374,409,602,985,548,248,243,2192,190,248,1357,1066,680,808,6482,5469,2911,1206,1278,2133,,,,,,,,,,,,,1015,929,422,92,167,322,,,,,,,1383,1147,390,682,372,220,1183,1095,218,113,348,214,5531,4830,2120,867,1226,2037,3374,2969,1655,961,636,504,6958,6472,2711,1426,2209,5703,5379,1933,1174,1623,2968,2232,1524,458,1443,1322,1121,769,204,727,1374,1305,431,207,377,2192,2094,588,461,399
ACSSF,2011m1,co,000,0044,0000020,0.9,1.4,4.9,4.5,10.5,5.5,4.9,4534,4370,2301,537,1057,1518,1781,,,,,,,,,,,,,,,,,,,,,,,,,,,,,,,,,,,,,,,,,,,4033,3951,1921,524,1071,1475,1547,1669,1572,1113,159,270,539,614,4490,4608,1932,982,1741,4509,4499,1454,824,1316,2371,2213,875,59,856,600,314,493,227,443,1145,1109,224,153,175,1664,1652,216,143,178,1871,1667,766,505,558,4490,1238,2433,3007,1895,1631,1712,4509,1149,2453,3085,1904,1652,1265,2371,618,862,1556,673,761,789,600,97,212,520,172,193,135,2153,534,1194,1084,474,838,571,1871,324,461,1045,803,560,845,4534,4370,2301,537,1996,1781,,,,,,,,,,,,,,,,,,,,,,,,,1442,1330,606,193,447,62,,,,,,,4033,3951,1921,524,1971,1547,1669,1572,1113,159,633,614,4490,4608,1932,982,1741,4509,4499,1454,824,1316,2371,2213,875,59,856,600,314,493,227,443,2153,2081,344,209,260,1871,1667,766,505,558
ACSSF,2011m1,co,000,0044,0000021,2.5,1.7,1.6,28.5,15.6,14.4,7.3,2702,2567,1702,175,408,674,746,,,,,,,,,,,,,,,,,,,,,,,,,,,,,,,,,,,,,,,,,,,2453,2510,1528,175,404,659,748,,,,,,,,,,,,,,,,,,,,,,,,,,,,,,,,,,,,,,,,,,,2858,987,996,2193,1174,1226,1121,2930,462,999,2450,1122,1243,1011,1832,894,785,1013,612,304,289,192,193,82,193,67,162,193,763,269,132,554,441,179,287,741,146,208,449,411,300,280,2702,2567,1702,175,758,746,,,,,,,,,,,,,,,,,,,,,,,,,,,,,,,,,,,,,2453,2510,1528,175,751,748,1280,1233,760,193,237,193,,,,,,,,,,,,,,,,,,,,,,,,,,,,,,
ACSSF,2011m1,co,000,0044,0000022,1.7,2.0,4.5,26.6,14.5,31.0,12.3,3140,2865,1253,244,673,232,742,,,,,,,,,,,,,,,,,,,,,,,,,,,,,,,,,,,,,,,,,,,2284,2384,864,112,374,222,627,2064,2065,1146,244,555,67,425,3005,2933,1124,854,698,3098,2973,974,829,521,1460,1370,449,186,401,305,305,193,193,193,671,671,193,193,193,233,233,193,193,193,753,753,193,193,193,3005,734,1203,2036,1170,1763,1159,3098,590,1142,2079,1270,1630,965,1460,214,595,1100,425,443,314,305,77,159,224,193,193,45,732,303,94,426,295,139,127,753,131,169,425,310,118,412,3140,2865,1253,244,729,742,,,,,,,,,,,,,,,,,,,,,,,,,,,,,,,,,,,,,2284,2384,864,112,425,627,2064,2065,1146,244,564,425,3005,2933,1124,854,698,3098,2973,974,829,521,1460,1370,449,186,401,305,305,193,193,193,732,732,193,193,193,753,753,193,193,193
ACSSF,2011m1,co,000,0044,0000023,1.2,1.5,2.9,10.6,12.2,9.5,4.8,5360,5441,2116,272,595,1430,1713,,,,,,,,,,,,,,,,,,,,,,,,,,,,,,,,,,,,,,,,,,,4711,4453,1793,188,520,1362,1566,2725,2688,1060,517,559,541,537,5486,5272,2081,1543,1625,5462,5356,1759,1425,1168,2048,1888,933,280,869,628,628,193,193,193,699,568,317,193,317,1488,1395,351,193,351,1732,1673,371,222,262,5486,1116,2036,4188,1931,1799,1502,5462,828,1684,4323,1600,1546,1308,2048,527,850,1636,946,151,300,628,193,212,523,137,193,104,1667,303,628,1340,606,206,234,1732,153,111,735,778,712,792,5360,5441,2116,272,1551,1713,,,,,,,,,,,,,,,,,,,,,,,,,,,,,,,,,,,,,4711,4453,1793,188,1459,1566,2725,2688,1060,517,835,537,5486,5272,2081,1543,1625,5462,5356,1759,1425,1168,2048,1888,933,280,869,628,628,193,193,193,1667,1526,511,193,511,1732,1673,371,222,262
ACSSF,2011m1,co,000,0044,0000024,2.3,2.4,6.1,40.1,18.6,13.7,6.2,2471,2173,653,207,219,389,694,,,,,,,,,,,,,,,,,,,,,,,,,,,,,,,,,,,,,,,,,,,2328,2086,510,192,216,360,571,,,,,,,,,,,,,,,,,,,,,,,,,,,,,,,,,,,,,,,,,,,,,,,,,,,,,,,,,,,,,,,,,,,,,,,,,,,,,,,,,,,,,2471,2173,653,207,392,694,,,,,,,,,,,,,,,,,,,,,,,,,,,,,,,,,,,,,2328,2086,510,192,369,571,,,,,,,,,,,,,,,,,,,,,,,,,,,,,,,,,,,,
ACSSF,2011m1,co,000,0044,0000025,1.4,1.4,3.2,8.7,12.4,5.8,5.5,4727,4586,1332,745,560,532,995,2535,2240,311,571,461,71,279,,,,,,,,,,,,,,,,,,,,,,,,,,,,,,,,,,,,4462,4207,1167,519,255,410,943,2697,2617,835,599,625,321,649,5708,5506,3366,1737,2842,5434,5152,2669,1609,2185,1876,1132,1569,264,1549,1100,763,690,267,623,862,565,587,90,584,545,377,313,254,193,1259,1245,368,218,298,5708,1486,2378,4122,2282,1757,1388,5434,1421,2333,3894,2261,1662,1330,1876,131,500,1366,865,306,309,1100,106,522,628,355,235,316,1095,295,326,829,176,228,220,1259,193,67,1017,433,647,344,4727,4586,1332,745,819,995,2535,2240,311,571,462,279,,,,,,,,,,,,,,,,,,,,,,,,,,,,,,,4462,4207,1167,519,522,943,2697,2617,835,599,705,649,5708,5506,3366,1737,2842,5434,5152,2669,1609,2185,1876,1132,1569,264,1549,1100,763,690,267,623,1095,715,684,274,619,1259,1245,368,218,298
ACSSF,2011m1,co,000,0044,0000026,1.8,1.6,3.3,5.1,5.3,3.5,6.2,4454,4046,2052,1239,1095,1128,1261,,,,,,,,,,,,,,,909,838,228,146,194,234,224,,,,,,,,,,,,,,,,,,,,,,4028,3718,1608,1236,1083,981,1248,1895,1488,978,192,304,411,169,4732,4234,1524,1140,1443,4172,3786,1247,944,1016,2085,1825,735,400,666,1251,1225,327,176,265,1222,1166,341,110,346,1136,989,454,336,342,1348,1295,298,271,136,4732,1041,2112,3153,1917,1681,1245,4172,548,1872,2883,1574,1478,1108,2085,122,328,1489,721,383,338,1251,767,552,602,458,229,261,1621,491,885,1093,677,348,290,1348,132,400,930,601,578,404,4454,4046,2052,1239,1491,1261,,,,,,,,,,,,,909,838,228,146,341,224,,,,,,,,,,,,,,,,,,,4028,3718,1608,1236,1383,1248,1895,1488,978,192,469,169,4732,4234,1524,1140,1443,4172,3786,1247,944,1016,2085,1825,735,400,666,1251,1225,327,176,265,1621,1434,584,361,531,1348,1295,298,271,136
ACSSF,2011m1,co,000,0044,0000027,0.9,1.4,12.5,9.0,10.9,21.6,2.1,3353,2912,1137,491,202,214,1018,,,,,,,,,,,,,,,,,,,,,,,,,,,,,,,,,,,,,,,,,,,3190,2841,937,418,202,214,1018,,,,,,,,3695,3473,1489,1001,1363,3343,3249,1080,956,889,1489,1172,921,417,784,496,447,167,193,167,269,248,58,58,193,214,214,193,193,193,1038,997,227,182,135,3695,481,958,2795,1756,1086,1091,3343,364,880,2704,1633,952,931,1489,288,368,1169,421,96,225,496,193,111,457,78,119,193,312,124,65,226,204,193,58,1038,87,193,427,675,400,394,3353,2912,1137,491,296,1018,,,,,,,,,,,,,,,,,,,,,,,,,,,,,,,,,,,,,3190,2841,937,418,296,1018,,,,,,,3695,3473,1489,1001,1363,3343,3249,1080,956,889,1489,1172,921,417,784,496,447,167,193,167,312,296,58,58,193,1038,997,227,182,135
ACSSF,2011m1,co,000,0044,0000028,0.7,0.9,5.5,14.1,10.9,5.4,1.8,6345,6339,2752,538,858,892,1332,,,,,,,,,,,,,,,,,,,,,,,,,,,,,,,,,,,,,,,,,,,5779,5637,2653,538,841,897,1326,2527,2510,1068,41,580,232,342,6806,6653,2849,2022,1803,6699,6393,2437,1890,1345,3196,2799,1003,582,778,785,785,193,193,193,1234,1162,643,239,455,950,908,351,171,319,1377,1317,299,204,172,6806,1221,2424,4777,2800,2084,2317,6699,1133,2199,4695,2815,2120,2325,3196,521,955,2390,1128,480,469,785,193,291,439,480,47,154,1625,436,760,850,755,397,395,1377,64,112,971,698,389,704,6345,6339,2752,538,1380,1332,,,,,,,,,,,,,976,928,422,193,210,90,,,,,,,,,,,,,,,,,,,5779,5637,2653,538,1416,1326,2527,2510,1068,41,641,342,6806,6653,2849,2022,1803,6699,6393,2437,1890,1345,3196,2799,1003,582,778,785,785,193,193,193,1625,1539,719,296,544,1377,1317,299,204,172
ACSSF,2011m1,co,000,0044,0000029,0.4,0.6,1.4,3.4,2.8,2.9,3.2,10373,8580,3590,3701,1935,2037,2308,3449,3238,934,1145,431,275,431,909,776,375,269,193,159,202,2321,1689,1279,487,486,395,459,,,,,,,,3378,2634,1230,961,880,257,350,1896,1479,600,491,488,153,214,9452,8360,2775,2965,1858,1775,2097,5595,4810,2557,2056,1123,992,707,12492,11804,5814,3551,4147,10018,9322,4409,2916,2988,4288,3159,2514,1030,2301,3787,3430,1946,654,1949,2439,2224,968,542,811,2080,1934,893,270,827,2630,2320,762,354,695,12492,1341,3792,7821,4809,3068,2989,10018,860,3051,6270,4299,2672,2769,4288,382,1163,3132,1708,895,748,3787,744,1303,2265,1493,1439,873,3305,423,1543,2040,909,837,982,2630,191,408,1780,802,785,811,10373,8580,3590,3701,2819,2308,3449,3238,934,1145,482,431,909,776,375,269,159,202,2321,1689,1279,487,612,459,,,,,,,3378,2634,1230,961,900,350,1896,1479,600,491,502,214,9452,8360,2775,2965,2653,2097,5595,4810,2557,2056,1479,707,12492,11804,5814,3551,4147,10018,9322,4409,2916,2988,4288,3159,2514,1030,2301,3787,3430,1946,654,1949,3305,3136,1365,622,1163,2630,2320,762,354,695
ACSSF,2011m1,co,000,0044,0000030,1.4,2.1,6.2,12.1,1.7,5.0,4.0,4151,3916,1713,309,907,1230,1176,,,,,,,,,,,,,,,,,,,,,,,,,,,,,,,,,,,,,,,,,,,3747,3650,1409,304,916,1182,1042,1725,1442,590,104,149,482,250,4482,4342,1314,695,1095,4093,4116,1098,665,861,1711,1680,430,54,417,409,323,252,227,94,939,929,134,95,93,1319,1281,216,143,178,1205,1160,129,193,129,4482,1074,2091,3211,1730,1298,1284,4093,1001,2308,2907,1615,1130,865,1711,207,426,1203,426,580,781,409,97,212,274,172,193,135,1744,452,1192,866,441,282,437,1205,310,191,688,500,426,442,4151,3916,1713,309,1699,1176,,,,,,,,,,,,,,,,,,,,,,,,,,,,,,,,,,,,,3747,3650,1409,304,1666,1042,1725,1442,590,104,516,250,4482,4342,1314,695,1095,4093,4116,1098,665,861,1711,1680,430,54,417,409,323,252,227,94,1744,1713,265,172,206,1205,1160,129,193,129
ACSSF,2011m1,co,000,0044,0000031,2.1,1.9,2.0,8.4,14.5,11.0,20.0,4017,3996,1198,233,439,739,676,,,,,,,,,,,,,,,,,,,,,,,,,,,,,,,,,,,,,,,,,,,3285,2935,940,116,392,684,590,2295,2394,537,517,391,456,365,4210,4097,1537,1386,1058,4162,3975,1487,1388,801,1168,958,567,193,567,513,513,193,193,193,547,480,157,193,157,896,765,326,193,326,709,606,323,174,263,4210,813,1365,3100,1737,1207,861,4162,643,1342,2826,1420,1188,805,1168,361,229,1071,359,146,91,513,193,193,523,193,193,87,1022,303,419,712,516,200,83,709,153,23,397,335,214,264,4017,3996,1198,233,819,676,,,,,,,,,,,,,,,,,,,,,,,,,,,,,,,,,,,,,3285,2935,940,116,761,590,2295,2394,537,517,646,365,4210,4097,1537,1386,1058,4162,3975,1487,1388,801,1168,958,567,193,567,513,513,193,193,193,1022,885,378,193,378,709,606,323,174,263
ACSSF,2011m1,co,000,0044,0000032,2.0,5.1,9.1,18.4,2.0,9.2,6.0,2720,2220,722,217,868,196,1073,,,,,,,,,,,,,,,,,,,,,,,,,,,,,,,,,,,,,,,,,,,2576,2123,594,217,868,196,1041,,,,,,,,,,,,,,,,,,,,,,,,,,,,,,,,,,,,,,,,,,,,,,,,,,,,,,,,,,,,,,,,,,,,,,,,,,,,,,,,,,,,,2720,2220,722,217,886,1073,,,,,,,,,,,,,,,,,,,,,,,,,,,,,,,,,,,,,2576,2123,594,217,886,1041,,,,,,,,,,,,,,,,,,,,,,,,,,,,,,,,,,,,
ACSSF,2011m1,co,000,0044,0000033,1.2,1.4,7.5,8.4,12.3,33.0,5.4,4909,4439,1315,674,555,417,964,,,,,,,,,,,,,,,,,,,,,,,,,,,,,,,,,,,,,,,,,,,4259,3926,1257,388,555,385,842,2010,1782,528,622,174,412,376,4946,4905,1425,952,1250,4383,4499,1314,768,1228,1356,1306,548,348,428,736,594,420,181,381,578,578,193,193,193,576,569,172,140,110,943,853,315,100,307,4946,1025,1300,3124,2032,1355,1520,4383,760,1116,3004,1782,1247,1354,1356,447,391,798,666,417,369,736,360,291,511,234,226,193,764,255,237,585,451,142,161,943,193,157,507,518,331,288,4909,4439,1315,674,664,964,,,,,,,,,,,,,,,,,,,,,,,,,,,,,,,,,,,,,4259,3926,1257,388,652,842,2010,1782,528,622,386,376,4946,4905,1425,952,1250,4383,4499,1314,768,1228,1356,1306,548,348,428,736,594,420,181,381,764,749,172,140,110,943,853,315,100,307
ACSSF,2011m1,co,000,0044,0000034,1.9,1.7,15.3,8.7,21.0,18.8,2.1,2479,2478,922,288,592,342,996,,,,,,,,,,,,,,,,,,,,,,,,,,,,,,,,,,,,,,,,,,,2126,2180,773,288,479,321,996,,,,,,,,,,,,,,,,,,,,,,,,,,,,,,,,,,,,,,,,,,,2381,596,1178,1606,1450,883,969,2450,357,1054,1547,1216,827,673,1011,491,388,380,634,107,100,328,193,126,261,193,120,193,673,202,380,318,238,154,426,1021,193,150,534,652,238,486,2479,2478,922,288,687,996,,,,,,,,,,,,,,,,,,,,,,,,,,,,,,,,,,,,,2126,2180,773,288,603,996,1225,1092,538,193,340,305,2381,2348,1039,758,892,2450,2443,962,740,754,1011,906,428,90,413,328,288,126,193,126,673,685,197,53,189,1021,1021,193,193,193
ACSSF,2011m1,co,000,0044,0000035,3.2,3.6,7.1,.,0.9,36.4,9.0,3182,2887,1170,193,254,879,829,,,,,,,,,,,,,,,,,,,,,,,,,,,,,,,,,,,,,,,,,,,3058,2671,1107,193,254,879,829,,,,,,,,,,,,,,,,,,,,,,,,,,,,,,,,,,,,,,,,,,,,,,,,,,,,,,,,,,,,,,,,,,,,,,,,,,,,,,,,,,,,,3182,2887,1170,193,905,829,,,,,,,,,,,,,,,,,,,,,,,,,,,,,,,,,,,,,3058,2671,1107,193,905,829,,,,,,,,,,,,,,,,,,,,,,,,,,,,,,,,,,,,
ACSSF,2011m1,co,000,0044,0000036,2.1,2.5,4.4,26.6,14.2,12.2,8.2,2885,2603,1131,244,598,192,497,,,,,,,,,,,,,,,,,,,,,,,,,,,,,,,,,,,,,,,,,,,1888,1917,662,112,198,181,316,2183,2182,1036,244,554,67,425,3058,2934,1033,821,602,2921,2749,917,795,423,1326,1215,433,186,381,305,305,193,193,193,605,605,193,193,193,192,192,193,193,193,513,513,193,193,193,3058,709,1191,1906,1083,1714,959,2921,605,1097,2004,1105,1572,952,1326,196,588,913,334,366,201,305,77,159,224,193,193,45,663,303,94,264,295,139,120,513,131,82,420,61,115,196,2885,2603,1131,244,655,497,,,,,,,,,,,,,,,,,,,,,,,,,,,,,,,,,,,,,1888,1917,662,112,276,316,2183,2182,1036,244,563,425,3058,2934,1033,821,602,2921,2749,917,795,423,1326,1215,433,186,381,305,305,193,193,193,663,663,193,193,193,513,513,193,193,193
ACSSF,2011m1,co,000,0044,0000037,3.5,3.6,14.9,9.7,20.7,.,3.8,2842,2265,686,246,217,193,737,,,,,,,,,,,,,,,,,,,,,,,,,,,,,,,,,,,,,,,,,,,2459,2007,622,201,217,193,723,,,,,,,,,,,,,,,,,,,,,,,,,,,,,,,,,,,,,,,,,,,,,,,,,,,,,,,,,,,,,,,,,,,,,,,,,,,,,,,,,,,,,2842,2265,686,246,217,737,,,,,,,,,,,,,,,,,,,,,,,,,,,,,,,,,,,,,2459,2007,622,201,217,723,,,,,,,,,,,,,,,,,,,,,,,,,,,,,,,,,,,,
ACSSF,2011m1,co,000,0044,0000038,1.1,1.3,2.5,17.2,35.3,6.8,3.9,3053,2748,1093,580,368,282,724,,,,,,,,,,,,,,,,,,,,,,,,,,,,,,,,,,,,,,,,,,,2651,2383,874,409,368,56,717,1763,1489,762,702,103,227,127,3704,3378,1167,640,979,3232,3008,737,537,515,1240,1033,535,182,499,894,574,650,193,650,396,382,107,107,193,287,76,227,193,227,801,741,255,255,193,3704,712,1024,2692,1484,888,820,3232,462,765,2393,1442,713,666,1240,302,518,936,313,74,366,894,362,414,364,210,64,193,550,141,237,256,176,97,115,801,102,72,560,318,391,234,3053,2748,1093,580,528,724,,,,,,,,,,,,,,,,,,,,,,,,,,,,,,,,,,,,,2651,2383,874,409,392,717,1763,1489,762,702,251,127,3704,3378,1167,640,979,3232,3008,737,537,515,1240,1033,535,182,499,894,574,650,193,650,550,406,253,107,227,801,741,255,255,193
ACSSF,2011m1,co,000,0044,0000039,1.8,1.6,3.3,5.1,5.3,3.5,6.2,4454,4046,2052,1239,1095,1128,1261,,,,,,,,,,,,,,,909,838,228,146,194,234,224,,,,,,,,,,,,,,,,,,,,,,4028,3718,1608,1236,1083,981,1248,1895,1488,978,192,304,411,169,4732,4234,1524,1140,1443,4172,3786,1247,944,1016,2085,1825,735,400,666,1251,1225,327,176,265,1222,1166,341,110,346,1136,989,454,336,342,1348,1295,298,271,136,4732,1041,2112,3153,1917,1681,1245,4172,548,1872,2883,1574,1478,1108,2085,122,328,1489,721,383,338,1251,767,552,602,458,229,261,1621,491,885,1093,677,348,290,1348,132,400,930,601,578,404,4454,4046,2052,1239,1491,1261,,,,,,,,,,,,,909,838,228,146,341,224,,,,,,,,,,,,,,,,,,,4028,3718,1608,1236,1383,1248,1895,1488,978,192,469,169,4732,4234,1524,1140,1443,4172,3786,1247,944,1016,2085,1825,735,400,666,1251,1225,327,176,265,1621,1434,584,361,531,1348,1295,298,271,136
ACSSF,2011m1,co,000,0044,0000040,0.7,0.9,5.5,14.1,10.9,5.4,1.8,6345,6339,2752,538,858,892,1332,,,,,,,,,,,,,,,,,,,,,,,,,,,,,,,,,,,,,,,,,,,5779,5637,2653,538,841,897,1326,2527,2510,1068,41,580,232,342,6806,6653,2849,2022,1803,6699,6393,2437,1890,1345,3196,2799,1003,582,778,785,785,193,193,193,1234,1162,643,239,455,950,908,351,171,319,1377,1317,299,204,172,6806,1221,2424,4777,2800,2084,2317,6699,1133,2199,4695,2815,2120,2325,3196,521,955,2390,1128,480,469,785,193,291,439,480,47,154,1625,436,760,850,755,397,395,1377,64,112,971,698,389,704,6345,6339,2752,538,1380,1332,,,,,,,,,,,,,976,928,422,193,210,90,,,,,,,,,,,,,,,,,,,5779,5637,2653,538,1416,1326,2527,2510,1068,41,641,342,6806,6653,2849,2022,1803,6699,6393,2437,1890,1345,3196,2799,1003,582,778,785,785,193,193,193,1625,1539,719,296,544,1377,1317,299,204,172
ACSSF,2011m1,co,000,0044,0000041,1.4,1.4,3.2,8.7,12.4,5.8,5.5,4727,4586,1332,745,560,532,995,2535,2240,311,571,461,71,279,,,,,,,,,,,,,,,,,,,,,,,,,,,,,,,,,,,,4462,4207,1167,519,255,410,943,2697,2617,835,599,625,321,649,5708,5506,3366,1737,2842,5434,5152,2669,1609,2185,1876,1132,1569,264,1549,1100,763,690,267,623,862,565,587,90,584,545,377,313,254,193,1259,1245,368,218,298,5708,1486,2378,4122,2282,1757,1388,5434,1421,2333,3894,2261,1662,1330,1876,131,500,1366,865,306,309,1100,106,522,628,355,235,316,1095,295,326,829,176,228,220,1259,193,67,1017,433,647,344,4727,4586,1332,745,819,995,2535,2240,311,571,462,279,,,,,,,,,,,,,,,,,,,,,,,,,,,,,,,4462,4207,1167,519,522,943,2697,2617,835,599,705,649,5708,5506,3366,1737,2842,5434,5152,2669,1609,2185,1876,1132,1569,264,1549,1100,763,690,267,623,1095,715,684,274,619,1259,1245,368,218,298
ACSSF,2011m1,co,000,0044,0000042,0.4,0.6,1.4,3.4,2.8,2.9,3.2,10373,8580,3590,3701,1935,2037,2308,3449,3238,934,1145,431,275,431,909,776,375,269,193,159,202,2321,1689,1279,487,486,395,459,,,,,,,,3378,2634,1230,961,880,257,350,1896,1479,600,491,488,153,214,9452,8360,2775,2965,1858,1775,2097,5595,4810,2557,2056,1123,992,707,12492,11804,5814,3551,4147,10018,9322,4409,2916,2988,4288,3159,2514,1030,2301,3787,3430,1946,654,1949,2439,2224,968,542,811,2080,1934,893,270,827,2630,2320,762,354,695,12492,1341,3792,7821,4809,3068,2989,10018,860,3051,6270,4299,2672,2769,4288,382,1163,3132,1708,895,748,3787,744,1303,2265,1493,1439,873,3305,423,1543,2040,909,837,982,2630,191,408,1780,802,785,811,10373,8580,3590,3701,2819,2308,3449,3238,934,1145,482,431,909,776,375,269,159,202,2321,1689,1279,487,612,459,,,,,,,3378,2634,1230,961,900,350,1896,1479,600,491,502,214,9452,8360,2775,2965,2653,2097,5595,4810,2557,2056,1479,707,12492,11804,5814,3551,4147,10018,9322,4409,2916,2988,4288,3159,2514,1030,2301,3787,3430,1946,654,1949,3305,3136,1365,622,1163,2630,2320,762,354,695
ACSSF,2011m1,co,000,0044,0000043,1.4,2.1,6.2,12.1,1.7,5.0,4.0,4151,3916,1713,309,907,1230,1176,,,,,,,,,,,,,,,,,,,,,,,,,,,,,,,,,,,,,,,,,,,3747,3650,1409,304,916,1182,1042,1725,1442,590,104,149,482,250,4482,4342,1314,695,1095,4093,4116,1098,665,861,1711,1680,430,54,417,409,323,252,227,94,939,929,134,95,93,1319,1281,216,143,178,1205,1160,129,193,129,4482,1074,2091,3211,1730,1298,1284,4093,1001,2308,2907,1615,1130,865,1711,207,426,1203,426,580,781,409,97,212,274,172,193,135,1744,452,1192,866,441,282,437,1205,310,191,688,500,426,442,4151,3916,1713,309,1699,1176,,,,,,,,,,,,,,,,,,,,,,,,,,,,,,,,,,,,,3747,3650,1409,304,1666,1042,1725,1442,590,104,516,250,4482,4342,1314,695,1095,4093,4116,1098,665,861,1711,1680,430,54,417,409,323,252,227,94,1744,1713,265,172,206,1205,1160,129,193,129
ACSSF,2011m1,co,000,0044,0000044,3.2,3.6,7.1,.,0.9,36.4,9.0,3182,2887,1170,193,254,879,829,,,,,,,,,,,,,,,,,,,,,,,,,,,,,,,,,,,,,,,,,,,3058,2671,1107,193,254,879,829,,,,,,,,,,,,,,,,,,,,,,,,,,,,,,,,,,,,,,,,,,,,,,,,,,,,,,,,,,,,,,,,,,,,,,,,,,,,,,,,,,,,,3182,2887,1170,193,905,829,,,,,,,,,,,,,,,,,,,,,,,,,,,,,,,,,,,,,3058,2671,1107,193,905,829,,,,,,,,,,,,,,,,,,,,,,,,,,,,,,,,,,,,
ACSSF,2011m1,co,000,0044,0000045,2.1,1.9,2.0,8.4,14.5,11.0,20.0,4017,3996,1198,233,439,739,676,,,,,,,,,,,,,,,,,,,,,,,,,,,,,,,,,,,,,,,,,,,3285,2935,940,116,392,684,590,2295,2394,537,517,391,456,365,4210,4097,1537,1386,1058,4162,3975,1487,1388,801,1168,958,567,193,567,513,513,193,193,193,547,480,157,193,157,896,765,326,193,326,709,606,323,174,263,4210,813,1365,3100,1737,1207,861,4162,643,1342,2826,1420,1188,805,1168,361,229,1071,359,146,91,513,193,193,523,193,193,87,1022,303,419,712,516,200,83,709,153,23,397,335,214,264,4017,3996,1198,233,819,676,,,,,,,,,,,,,,,,,,,,,,,,,,,,,,,,,,,,,3285,2935,940,116,761,590,2295,2394,537,517,646,365,4210,4097,1537,1386,1058,4162,3975,1487,1388,801,1168,958,567,193,567,513,513,193,193,193,1022,885,378,193,378,709,606,323,174,263
ACSSF,2011m1,co,000,0044,0000046,2.1,2.5,4.4,26.6,14.2,12.2,8.2,2885,2603,1131,244,598,192,497,,,,,,,,,,,,,,,,,,,,,,,,,,,,,,,,,,,,,,,,,,,1888,1917,662,112,198,181,316,2183,2182,1036,244,554,67,425,3058,2934,1033,821,602,2921,2749,917,795,423,1326,1215,433,186,381,305,305,193,193,193,605,605,193,193,193,192,192,193,193,193,513,513,193,193,193,3058,709,1191,1906,1083,1714,959,2921,605,1097,2004,1105,1572,952,1326,196,588,913,334,366,201,305,77,159,224,193,193,45,663,303,94,264,295,139,120,513,131,82,420,61,115,196,2885,2603,1131,244,655,497,,,,,,,,,,,,,,,,,,,,,,,,,,,,,,,,,,,,,1888,1917,662,112,276,316,2183,2182,1036,244,563,425,3058,2934,1033,821,602,2921,2749,917,795,423,1326,1215,433,186,381,305,305,193,193,193,663,663,193,193,193,513,513,193,193,193
ACSSF,2011m1,co,000,0044,0000047,,,,,,,,,,,,,,,,,,,,,,,,,,,,,,,,,,,,,,,,,,,,,,,,,,,,,,,,,,,,,,,,,,,,,,,,,,,,,,,,,,,,,,,,,,,,,,,,,,,,,,,,,,,,,,,,,,,,,,,,,,,,,,,,,,,,,,,,,,,,,,,,,,,,,,,,,,,,,,,,,,,,,,,,,,,,,,,,,,,,,,,,,,,,,,,,,,,,,,,,,,,,,,,,,,,,,,,,,,,,,,,,,,,,,,,
ACSSF,2011m1,co,000,0044,0000048,,,,,,,,,,,,,,,,,,,,,,,,,,,,,,,,,,,,,,,,,,,,,,,,,,,,,,,,,,,,,,,,,,,,,,,,,,,,,,,,,,,,,,,,,,,,,,,,,,,,,,,,,,,,,,,,,,,,,,,,,,,,,,,,,,,,,,,,,,,,,,,,,,,,,,,,,,,,,,,,,,,,,,,,,,,,,,,,,,,,,,,,,,,,,,,,,,,,,,,,,,,,,,,,,,,,,,,,,,,,,,,,,,,,,,,
ACSSF,2011m1,co,000,0044,0000049,,,,,,,,,,,,,,,,,,,,,,,,,,,,,,,,,,,,,,,,,,,,,,,,,,,,,,,,,,,,,,,,,,,,,,,,,,,,,,,,,,,,,,,,,,,,,,,,,,,,,,,,,,,,,,,,,,,,,,,,,,,,,,,,,,,,,,,,,,,,,,,,,,,,,,,,,,,,,,,,,,,,,,,,,,,,,,,,,,,,,,,,,,,,,,,,,,,,,,,,,,,,,,,,,,,,,,,,,,,,,,,,,,,,,,,
ACSSF,2011m1,co,000,0044,0000050,,,,,,,,,,,,,,,,,,,,,,,,,,,,,,,,,,,,,,,,,,,,,,,,,,,,,,,,,,,,,,,,,,,,,,,,,,,,,,,,,,,,,,,,,,,,,,,,,,,,,,,,,,,,,,,,,,,,,,,,,,,,,,,,,,,,,,,,,,,,,,,,,,,,,,,,,,,,,,,,,,,,,,,,,,,,,,,,,,,,,,,,,,,,,,,,,,,,,,,,,,,,,,,,,,,,,,,,,,,,,,,,,,,,,,,
ACSSF,2011m1,co,000,0044,0000051,,,,,,,,,,,,,,,,,,,,,,,,,,,,,,,,,,,,,,,,,,,,,,,,,,,,,,,,,,,,,,,,,,,,,,,,,,,,,,,,,,,,,,,,,,,,,,,,,,,,,,,,,,,,,,,,,,,,,,,,,,,,,,,,,,,,,,,,,,,,,,,,,,,,,,,,,,,,,,,,,,,,,,,,,,,,,,,,,,,,,,,,,,,,,,,,,,,,,,,,,,,,,,,,,,,,,,,,,,,,,,,,,,,,,,,
ACSSF,2011m1,co,000,0044,0000052,,,,,,,,,,,,,,,,,,,,,,,,,,,,,,,,,,,,,,,,,,,,,,,,,,,,,,,,,,,,,,,,,,,,,,,,,,,,,,,,,,,,,,,,,,,,,,,,,,,,,,,,,,,,,,,,,,,,,,,,,,,,,,,,,,,,,,,,,,,,,,,,,,,,,,,,,,,,,,,,,,,,,,,,,,,,,,,,,,,,,,,,,,,,,,,,,,,,,,,,,,,,,,,,,,,,,,,,,,,,,,,,,,,,,,,
ACSSF,2011m1,co,000,0044,0000053,,,,,,,,,,,,,,,,,,,,,,,,,,,,,,,,,,,,,,,,,,,,,,,,,,,,,,,,,,,,,,,,,,,,,,,,,,,,,,,,,,,,,,,,,,,,,,,,,,,,,,,,,,,,,,,,,,,,,,,,,,,,,,,,,,,,,,,,,,,,,,,,,,,,,,,,,,,,,,,,,,,,,,,,,,,,,,,,,,,,,,,,,,,,,,,,,,,,,,,,,,,,,,,,,,,,,,,,,,,,,,,,,,,,,,,
ACSSF,2011m1,co,000,0044,0000054,,,,,,,,,,,,,,,,,,,,,,,,,,,,,,,,,,,,,,,,,,,,,,,,,,,,,,,,,,,,,,,,,,,,,,,,,,,,,,,,,,,,,,,,,,,,,,,,,,,,,,,,,,,,,,,,,,,,,,,,,,,,,,,,,,,,,,,,,,,,,,,,,,,,,,,,,,,,,,,,,,,,,,,,,,,,,,,,,,,,,,,,,,,,,,,,,,,,,,,,,,,,,,,,,,,,,,,,,,,,,,,,,,,,,,,
ACSSF,2011m1,co,000,0044,0000055,,,,,,,,,,,,,,,,,,,,,,,,,,,,,,,,,,,,,,,,,,,,,,,,,,,,,,,,,,,,,,,,,,,,,,,,,,,,,,,,,,,,,,,,,,,,,,,,,,,,,,,,,,,,,,,,,,,,,,,,,,,,,,,,,,,,,,,,,,,,,,,,,,,,,,,,,,,,,,,,,,,,,,,,,,,,,,,,,,,,,,,,,,,,,,,,,,,,,,,,,,,,,,,,,,,,,,,,,,,,,,,,,,,,,,,
ACSSF,2011m1,co,000,0044,0000056,,,,,,,,,,,,,,,,,,,,,,,,,,,,,,,,,,,,,,,,,,,,,,,,,,,,,,,,,,,,,,,,,,,,,,,,,,,,,,,,,,,,,,,,,,,,,,,,,,,,,,,,,,,,,,,,,,,,,,,,,,,,,,,,,,,,,,,,,,,,,,,,,,,,,,,,,,,,,,,,,,,,,,,,,,,,,,,,,,,,,,,,,,,,,,,,,,,,,,,,,,,,,,,,,,,,,,,,,,,,,,,,,,,,,,,
ACSSF,2011m1,co,000,0044,0000057,,,,,,,,,,,,,,,,,,,,,,,,,,,,,,,,,,,,,,,,,,,,,,,,,,,,,,,,,,,,,,,,,,,,,,,,,,,,,,,,,,,,,,,,,,,,,,,,,,,,,,,,,,,,,,,,,,,,,,,,,,,,,,,,,,,,,,,,,,,,,,,,,,,,,,,,,,,,,,,,,,,,,,,,,,,,,,,,,,,,,,,,,,,,,,,,,,,,,,,,,,,,,,,,,,,,,,,,,,,,,,,,,,,,,,,
ACSSF,2011m1,co,000,0044,0000058,,,,,,,,,,,,,,,,,,,,,,,,,,,,,,,,,,,,,,,,,,,,,,,,,,,,,,,,,,,,,,,,,,,,,,,,,,,,,,,,,,,,,,,,,,,,,,,,,,,,,,,,,,,,,,,,,,,,,,,,,,,,,,,,,,,,,,,,,,,,,,,,,,,,,,,,,,,,,,,,,,,,,,,,,,,,,,,,,,,,,,,,,,,,,,,,,,,,,,,,,,,,,,,,,,,,,,,,,,,,,,,,,,,,,,,
ACSSF,2011m1,co,000,0044,0000059,,,,,,,,,,,,,,,,,,,,,,,,,,,,,,,,,,,,,,,,,,,,,,,,,,,,,,,,,,,,,,,,,,,,,,,,,,,,,,,,,,,,,,,,,,,,,,,,,,,,,,,,,,,,,,,,,,,,,,,,,,,,,,,,,,,,,,,,,,,,,,,,,,,,,,,,,,,,,,,,,,,,,,,,,,,,,,,,,,,,,,,,,,,,,,,,,,,,,,,,,,,,,,,,,,,,,,,,,,,,,,,,,,,,,,,
ACSSF,2011m1,co,000,0044,0000060,,,,,,,,,,,,,,,,,,,,,,,,,,,,,,,,,,,,,,,,,,,,,,,,,,,,,,,,,,,,,,,,,,,,,,,,,,,,,,,,,,,,,,,,,,,,,,,,,,,,,,,,,,,,,,,,,,,,,,,,,,,,,,,,,,,,,,,,,,,,,,,,,,,,,,,,,,,,,,,,,,,,,,,,,,,,,,,,,,,,,,,,,,,,,,,,,,,,,,,,,,,,,,,,,,,,,,,,,,,,,,,,,,,,,,,
ACSSF,2011m1,co,000,0044,0000061,,,,,,,,,,,,,,,,,,,,,,,,,,,,,,,,,,,,,,,,,,,,,,,,,,,,,,,,,,,,,,,,,,,,,,,,,,,,,,,,,,,,,,,,,,,,,,,,,,,,,,,,,,,,,,,,,,,,,,,,,,,,,,,,,,,,,,,,,,,,,,,,,,,,,,,,,,,,,,,,,,,,,,,,,,,,,,,,,,,,,,,,,,,,,,,,,,,,,,,,,,,,,,,,,,,,,,,,,,,,,,,,,,,,,,,
ACSSF,2011m1,co,000,0044,0000062,,,,,,,,,,,,,,,,,,,,,,,,,,,,,,,,,,,,,,,,,,,,,,,,,,,,,,,,,,,,,,,,,,,,,,,,,,,,,,,,,,,,,,,,,,,,,,,,,,,,,,,,,,,,,,,,,,,,,,,,,,,,,,,,,,,,,,,,,,,,,,,,,,,,,,,,,,,,,,,,,,,,,,,,,,,,,,,,,,,,,,,,,,,,,,,,,,,,,,,,,,,,,,,,,,,,,,,,,,,,,,,,,,,,,,,
ACSSF,2011m1,co,000,0044,0000063,,,,,,,,,,,,,,,,,,,,,,,,,,,,,,,,,,,,,,,,,,,,,,,,,,,,,,,,,,,,,,,,,,,,,,,,,,,,,,,,,,,,,,,,,,,,,,,,,,,,,,,,,,,,,,,,,,,,,,,,,,,,,,,,,,,,,,,,,,,,,,,,,,,,,,,,,,,,,,,,,,,,,,,,,,,,,,,,,,,,,,,,,,,,,,,,,,,,,,,,,,,,,,,,,,,,,,,,,,,,,,,,,,,,,,,
ACSSF,2011m1,co,000,0044,0000064,,,,,,,,,,,,,,,,,,,,,,,,,,,,,,,,,,,,,,,,,,,,,,,,,,,,,,,,,,,,,,,,,,,,,,,,,,,,,,,,,,,,,,,,,,,,,,,,,,,,,,,,,,,,,,,,,,,,,,,,,,,,,,,,,,,,,,,,,,,,,,,,,,,,,,,,,,,,,,,,,,,,,,,,,,,,,,,,,,,,,,,,,,,,,,,,,,,,,,,,,,,,,,,,,,,,,,,,,,,,,,,,,,,,,,,
ACSSF,2011m1,co,000,0044,0000065,,,,,,,,,,,,,,,,,,,,,,,,,,,,,,,,,,,,,,,,,,,,,,,,,,,,,,,,,,,,,,,,,,,,,,,,,,,,,,,,,,,,,,,,,,,,,,,,,,,,,,,,,,,,,,,,,,,,,,,,,,,,,,,,,,,,,,,,,,,,,,,,,,,,,,,,,,,,,,,,,,,,,,,,,,,,,,,,,,,,,,,,,,,,,,,,,,,,,,,,,,,,,,,,,,,,,,,,,,,,,,,,,,,,,,,
ACSSF,2011m1,co,000,0044,0000066,,,,,,,,,,,,,,,,,,,,,,,,,,,,,,,,,,,,,,,,,,,,,,,,,,,,,,,,,,,,,,,,,,,,,,,,,,,,,,,,,,,,,,,,,,,,,,,,,,,,,,,,,,,,,,,,,,,,,,,,,,,,,,,,,,,,,,,,,,,,,,,,,,,,,,,,,,,,,,,,,,,,,,,,,,,,,,,,,,,,,,,,,,,,,,,,,,,,,,,,,,,,,,,,,,,,,,,,,,,,,,,,,,,,,,,
ACSSF,2011m1,co,000,0044,0000067,,,,,,,,,,,,,,,,,,,,,,,,,,,,,,,,,,,,,,,,,,,,,,,,,,,,,,,,,,,,,,,,,,,,,,,,,,,,,,,,,,,,,,,,,,,,,,,,,,,,,,,,,,,,,,,,,,,,,,,,,,,,,,,,,,,,,,,,,,,,,,,,,,,,,,,,,,,,,,,,,,,,,,,,,,,,,,,,,,,,,,,,,,,,,,,,,,,,,,,,,,,,,,,,,,,,,,,,,,,,,,,,,,,,,,,
ACSSF,2011m1,co,000,0044,0000068,,,,,,,,,,,,,,,,,,,,,,,,,,,,,,,,,,,,,,,,,,,,,,,,,,,,,,,,,,,,,,,,,,,,,,,,,,,,,,,,,,,,,,,,,,,,,,,,,,,,,,,,,,,,,,,,,,,,,,,,,,,,,,,,,,,,,,,,,,,,,,,,,,,,,,,,,,,,,,,,,,,,,,,,,,,,,,,,,,,,,,,,,,,,,,,,,,,,,,,,,,,,,,,,,,,,,,,,,,,,,,,,,,,,,,,
ACSSF,2011m1,co,000,0044,0000069,,,,,,,,,,,,,,,,,,,,,,,,,,,,,,,,,,,,,,,,,,,,,,,,,,,,,,,,,,,,,,,,,,,,,,,,,,,,,,,,,,,,,,,,,,,,,,,,,,,,,,,,,,,,,,,,,,,,,,,,,,,,,,,,,,,,,,,,,,,,,,,,,,,,,,,,,,,,,,,,,,,,,,,,,,,,,,,,,,,,,,,,,,,,,,,,,,,,,,,,,,,,,,,,,,,,,,,,,,,,,,,,,,,,,,,
ACSSF,2011m1,co,000,0044,0000070,,,,,,,,,,,,,,,,,,,,,,,,,,,,,,,,,,,,,,,,,,,,,,,,,,,,,,,,,,,,,,,,,,,,,,,,,,,,,,,,,,,,,,,,,,,,,,,,,,,,,,,,,,,,,,,,,,,,,,,,,,,,,,,,,,,,,,,,,,,,,,,,,,,,,,,,,,,,,,,,,,,,,,,,,,,,,,,,,,,,,,,,,,,,,,,,,,,,,,,,,,,,,,,,,,,,,,,,,,,,,,,,,,,,,,,
ACSSF,2011m1,co,000,0044,0000071,,,,,,,,,,,,,,,,,,,,,,,,,,,,,,,,,,,,,,,,,,,,,,,,,,,,,,,,,,,,,,,,,,,,,,,,,,,,,,,,,,,,,,,,,,,,,,,,,,,,,,,,,,,,,,,,,,,,,,,,,,,,,,,,,,,,,,,,,,,,,,,,,,,,,,,,,,,,,,,,,,,,,,,,,,,,,,,,,,,,,,,,,,,,,,,,,,,,,,,,,,,,,,,,,,,,,,,,,,,,,,,,,,,,,,,
ACSSF,2011m1,co,000,0044,0000072,,,,,,,,,,,,,,,,,,,,,,,,,,,,,,,,,,,,,,,,,,,,,,,,,,,,,,,,,,,,,,,,,,,,,,,,,,,,,,,,,,,,,,,,,,,,,,,,,,,,,,,,,,,,,,,,,,,,,,,,,,,,,,,,,,,,,,,,,,,,,,,,,,,,,,,,,,,,,,,,,,,,,,,,,,,,,,,,,,,,,,,,,,,,,,,,,,,,,,,,,,,,,,,,,,,,,,,,,,,,,,,,,,,,,,,
ACSSF,2011m1,co,000,0044,0000073,,,,,,,,,,,,,,,,,,,,,,,,,,,,,,,,,,,,,,,,,,,,,,,,,,,,,,,,,,,,,,,,,,,,,,,,,,,,,,,,,,,,,,,,,,,,,,,,,,,,,,,,,,,,,,,,,,,,,,,,,,,,,,,,,,,,,,,,,,,,,,,,,,,,,,,,,,,,,,,,,,,,,,,,,,,,,,,,,,,,,,,,,,,,,,,,,,,,,,,,,,,,,,,,,,,,,,,,,,,,,,,,,,,,,,,
ACSSF,2011m1,co,000,0044,0000074,,,,,,,,,,,,,,,,,,,,,,,,,,,,,,,,,,,,,,,,,,,,,,,,,,,,,,,,,,,,,,,,,,,,,,,,,,,,,,,,,,,,,,,,,,,,,,,,,,,,,,,,,,,,,,,,,,,,,,,,,,,,,,,,,,,,,,,,,,,,,,,,,,,,,,,,,,,,,,,,,,,,,,,,,,,,,,,,,,,,,,,,,,,,,,,,,,,,,,,,,,,,,,,,,,,,,,,,,,,,,,,,,,,,,,,
ACSSF,2011m1,co,000,0044,0000075,,,,,,,,,,,,,,,,,,,,,,,,,,,,,,,,,,,,,,,,,,,,,,,,,,,,,,,,,,,,,,,,,,,,,,,,,,,,,,,,,,,,,,,,,,,,,,,,,,,,,,,,,,,,,,,,,,,,,,,,,,,,,,,,,,,,,,,,,,,,,,,,,,,,,,,,,,,,,,,,,,,,,,,,,,,,,,,,,,,,,,,,,,,,,,,,,,,,,,,,,,,,,,,,,,,,,,,,,,,,,,,,,,,,,,,
ACSSF,2011m1,co,000,0044,0000076,,,,,,,,,,,,,,,,,,,,,,,,,,,,,,,,,,,,,,,,,,,,,,,,,,,,,,,,,,,,,,,,,,,,,,,,,,,,,,,,,,,,,,,,,,,,,,,,,,,,,,,,,,,,,,,,,,,,,,,,,,,,,,,,,,,,,,,,,,,,,,,,,,,,,,,,,,,,,,,,,,,,,,,,,,,,,,,,,,,,,,,,,,,,,,,,,,,,,,,,,,,,,,,,,,,,,,,,,,,,,,,,,,,,,,,
ACSSF,2011m1,co,000,0044,0000077,,,,,,,,,,,,,,,,,,,,,,,,,,,,,,,,,,,,,,,,,,,,,,,,,,,,,,,,,,,,,,,,,,,,,,,,,,,,,,,,,,,,,,,,,,,,,,,,,,,,,,,,,,,,,,,,,,,,,,,,,,,,,,,,,,,,,,,,,,,,,,,,,,,,,,,,,,,,,,,,,,,,,,,,,,,,,,,,,,,,,,,,,,,,,,,,,,,,,,,,,,,,,,,,,,,,,,,,,,,,,,,,,,,,,,,
ACSSF,2011m1,co,000,0044,0000078,,,,,,,,,,,,,,,,,,,,,,,,,,,,,,,,,,,,,,,,,,,,,,,,,,,,,,,,,,,,,,,,,,,,,,,,,,,,,,,,,,,,,,,,,,,,,,,,,,,,,,,,,,,,,,,,,,,,,,,,,,,,,,,,,,,,,,,,,,,,,,,,,,,,,,,,,,,,,,,,,,,,,,,,,,,,,,,,,,,,,,,,,,,,,,,,,,,,,,,,,,,,,,,,,,,,,,,,,,,,,,,,,,,,,,,
ACSSF,2011m1,co,000,0044,0000079,,,,,,,,,,,,,,,,,,,,,,,,,,,,,,,,,,,,,,,,,,,,,,,,,,,,,,,,,,,,,,,,,,,,,,,,,,,,,,,,,,,,,,,,,,,,,,,,,,,,,,,,,,,,,,,,,,,,,,,,,,,,,,,,,,,,,,,,,,,,,,,,,,,,,,,,,,,,,,,,,,,,,,,,,,,,,,,,,,,,,,,,,,,,,,,,,,,,,,,,,,,,,,,,,,,,,,,,,,,,,,,,,,,,,,,
ACSSF,2011m1,co,000,0044,0000080,,,,,,,,,,,,,,,,,,,,,,,,,,,,,,,,,,,,,,,,,,,,,,,,,,,,,,,,,,,,,,,,,,,,,,,,,,,,,,,,,,,,,,,,,,,,,,,,,,,,,,,,,,,,,,,,,,,,,,,,,,,,,,,,,,,,,,,,,,,,,,,,,,,,,,,,,,,,,,,,,,,,,,,,,,,,,,,,,,,,,,,,,,,,,,,,,,,,,,,,,,,,,,,,,,,,,,,,,,,,,,,,,,,,,,,
ACSSF,2011m1,co,000,0044,0000081,,,,,,,,,,,,,,,,,,,,,,,,,,,,,,,,,,,,,,,,,,,,,,,,,,,,,,,,,,,,,,,,,,,,,,,,,,,,,,,,,,,,,,,,,,,,,,,,,,,,,,,,,,,,,,,,,,,,,,,,,,,,,,,,,,,,,,,,,,,,,,,,,,,,,,,,,,,,,,,,,,,,,,,,,,,,,,,,,,,,,,,,,,,,,,,,,,,,,,,,,,,,,,,,,,,,,,,,,,,,,,,,,,,,,,,
ACSSF,2011m1,co,000,0044,0000082,,,,,,,,,,,,,,,,,,,,,,,,,,,,,,,,,,,,,,,,,,,,,,,,,,,,,,,,,,,,,,,,,,,,,,,,,,,,,,,,,,,,,,,,,,,,,,,,,,,,,,,,,,,,,,,,,,,,,,,,,,,,,,,,,,,,,,,,,,,,,,,,,,,,,,,,,,,,,,,,,,,,,,,,,,,,,,,,,,,,,,,,,,,,,,,,,,,,,,,,,,,,,,,,,,,,,,,,,,,,,,,,,,,,,,,
ACSSF,2011m1,co,000,0044,0000083,,,,,,,,,,,,,,,,,,,,,,,,,,,,,,,,,,,,,,,,,,,,,,,,,,,,,,,,,,,,,,,,,,,,,,,,,,,,,,,,,,,,,,,,,,,,,,,,,,,,,,,,,,,,,,,,,,,,,,,,,,,,,,,,,,,,,,,,,,,,,,,,,,,,,,,,,,,,,,,,,,,,,,,,,,,,,,,,,,,,,,,,,,,,,,,,,,,,,,,,,,,,,,,,,,,,,,,,,,,,,,,,,,,,,,,
ACSSF,2011m1,co,000,0044,0000084,,,,,,,,,,,,,,,,,,,,,,,,,,,,,,,,,,,,,,,,,,,,,,,,,,,,,,,,,,,,,,,,,,,,,,,,,,,,,,,,,,,,,,,,,,,,,,,,,,,,,,,,,,,,,,,,,,,,,,,,,,,,,,,,,,,,,,,,,,,,,,,,,,,,,,,,,,,,,,,,,,,,,,,,,,,,,,,,,,,,,,,,,,,,,,,,,,,,,,,,,,,,,,,,,,,,,,,,,,,,,,,,,,,,,,,
ACSSF,2011m1,co,000,0044,0000085,,,,,,,,,,,,,,,,,,,,,,,,,,,,,,,,,,,,,,,,,,,,,,,,,,,,,,,,,,,,,,,,,,,,,,,,,,,,,,,,,,,,,,,,,,,,,,,,,,,,,,,,,,,,,,,,,,,,,,,,,,,,,,,,,,,,,,,,,,,,,,,,,,,,,,,,,,,,,,,,,,,,,,,,,,,,,,,,,,,,,,,,,,,,,,,,,,,,,,,,,,,,,,,,,,,,,,,,,,,,,,,,,,,,,,,
ACSSF,2011m1,co,000,0044,0000086,,,,,,,,,,,,,,,,,,,,,,,,,,,,,,,,,,,,,,,,,,,,,,,,,,,,,,,,,,,,,,,,,,,,,,,,,,,,,,,,,,,,,,,,,,,,,,,,,,,,,,,,,,,,,,,,,,,,,,,,,,,,,,,,,,,,,,,,,,,,,,,,,,,,,,,,,,,,,,,,,,,,,,,,,,,,,,,,,,,,,,,,,,,,,,,,,,,,,,,,,,,,,,,,,,,,,,,,,,,,,,,,,,,,,,,
ACSSF,2011m1,co,000,0044,0000087,,,,,,,,,,,,,,,,,,,,,,,,,,,,,,,,,,,,,,,,,,,,,,,,,,,,,,,,,,,,,,,,,,,,,,,,,,,,,,,,,,,,,,,,,,,,,,,,,,,,,,,,,,,,,,,,,,,,,,,,,,,,,,,,,,,,,,,,,,,,,,,,,,,,,,,,,,,,,,,,,,,,,,,,,,,,,,,,,,,,,,,,,,,,,,,,,,,,,,,,,,,,,,,,,,,,,,,,,,,,,,,,,,,,,,,
ACSSF,2011m1,co,000,0044,0000088,,,,,,,,,,,,,,,,,,,,,,,,,,,,,,,,,,,,,,,,,,,,,,,,,,,,,,,,,,,,,,,,,,,,,,,,,,,,,,,,,,,,,,,,,,,,,,,,,,,,,,,,,,,,,,,,,,,,,,,,,,,,,,,,,,,,,,,,,,,,,,,,,,,,,,,,,,,,,,,,,,,,,,,,,,,,,,,,,,,,,,,,,,,,,,,,,,,,,,,,,,,,,,,,,,,,,,,,,,,,,,,,,,,,,,,
ACSSF,2011m1,co,000,0044,0000089,,,,,,,,,,,,,,,,,,,,,,,,,,,,,,,,,,,,,,,,,,,,,,,,,,,,,,,,,,,,,,,,,,,,,,,,,,,,,,,,,,,,,,,,,,,,,,,,,,,,,,,,,,,,,,,,,,,,,,,,,,,,,,,,,,,,,,,,,,,,,,,,,,,,,,,,,,,,,,,,,,,,,,,,,,,,,,,,,,,,,,,,,,,,,,,,,,,,,,,,,,,,,,,,,,,,,,,,,,,,,,,,,,,,,,,
ACSSF,2011m1,co,000,0044,0000090,,,,,,,,,,,,,,,,,,,,,,,,,,,,,,,,,,,,,,,,,,,,,,,,,,,,,,,,,,,,,,,,,,,,,,,,,,,,,,,,,,,,,,,,,,,,,,,,,,,,,,,,,,,,,,,,,,,,,,,,,,,,,,,,,,,,,,,,,,,,,,,,,,,,,,,,,,,,,,,,,,,,,,,,,,,,,,,,,,,,,,,,,,,,,,,,,,,,,,,,,,,,,,,,,,,,,,,,,,,,,,,,,,,,,,,
ACSSF,2011m1,co,000,0044,0000091,,,,,,,,,,,,,,,,,,,,,,,,,,,,,,,,,,,,,,,,,,,,,,,,,,,,,,,,,,,,,,,,,,,,,,,,,,,,,,,,,,,,,,,,,,,,,,,,,,,,,,,,,,,,,,,,,,,,,,,,,,,,,,,,,,,,,,,,,,,,,,,,,,,,,,,,,,,,,,,,,,,,,,,,,,,,,,,,,,,,,,,,,,,,,,,,,,,,,,,,,,,,,,,,,,,,,,,,,,,,,,,,,,,,,,,
ACSSF,2011m1,co,000,0044,0000092,,,,,,,,,,,,,,,,,,,,,,,,,,,,,,,,,,,,,,,,,,,,,,,,,,,,,,,,,,,,,,,,,,,,,,,,,,,,,,,,,,,,,,,,,,,,,,,,,,,,,,,,,,,,,,,,,,,,,,,,,,,,,,,,,,,,,,,,,,,,,,,,,,,,,,,,,,,,,,,,,,,,,,,,,,,,,,,,,,,,,,,,,,,,,,,,,,,,,,,,,,,,,,,,,,,,,,,,,,,,,,,,,,,,,,,
ACSSF,2011m1,co,000,0044,0000093,,,,,,,,,,,,,,,,,,,,,,,,,,,,,,,,,,,,,,,,,,,,,,,,,,,,,,,,,,,,,,,,,,,,,,,,,,,,,,,,,,,,,,,,,,,,,,,,,,,,,,,,,,,,,,,,,,,,,,,,,,,,,,,,,,,,,,,,,,,,,,,,,,,,,,,,,,,,,,,,,,,,,,,,,,,,,,,,,,,,,,,,,,,,,,,,,,,,,,,,,,,,,,,,,,,,,,,,,,,,,,,,,,,,,,,
ACSSF,2011m1,co,000,0044,0000094,,,,,,,,,,,,,,,,,,,,,,,,,,,,,,,,,,,,,,,,,,,,,,,,,,,,,,,,,,,,,,,,,,,,,,,,,,,,,,,,,,,,,,,,,,,,,,,,,,,,,,,,,,,,,,,,,,,,,,,,,,,,,,,,,,,,,,,,,,,,,,,,,,,,,,,,,,,,,,,,,,,,,,,,,,,,,,,,,,,,,,,,,,,,,,,,,,,,,,,,,,,,,,,,,,,,,,,,,,,,,,,,,,,,,,,
ACSSF,2011m1,co,000,0044,0000095,,,,,,,,,,,,,,,,,,,,,,,,,,,,,,,,,,,,,,,,,,,,,,,,,,,,,,,,,,,,,,,,,,,,,,,,,,,,,,,,,,,,,,,,,,,,,,,,,,,,,,,,,,,,,,,,,,,,,,,,,,,,,,,,,,,,,,,,,,,,,,,,,,,,,,,,,,,,,,,,,,,,,,,,,,,,,,,,,,,,,,,,,,,,,,,,,,,,,,,,,,,,,,,,,,,,,,,,,,,,,,,,,,,,,,,
ACSSF,2011m1,co,000,0044,0000096,,,,,,,,,,,,,,,,,,,,,,,,,,,,,,,,,,,,,,,,,,,,,,,,,,,,,,,,,,,,,,,,,,,,,,,,,,,,,,,,,,,,,,,,,,,,,,,,,,,,,,,,,,,,,,,,,,,,,,,,,,,,,,,,,,,,,,,,,,,,,,,,,,,,,,,,,,,,,,,,,,,,,,,,,,,,,,,,,,,,,,,,,,,,,,,,,,,,,,,,,,,,,,,,,,,,,,,,,,,,,,,,,,,,,,,
ACSSF,2011m1,co,000,0044,0000097,,,,,,,,,,,,,,,,,,,,,,,,,,,,,,,,,,,,,,,,,,,,,,,,,,,,,,,,,,,,,,,,,,,,,,,,,,,,,,,,,,,,,,,,,,,,,,,,,,,,,,,,,,,,,,,,,,,,,,,,,,,,,,,,,,,,,,,,,,,,,,,,,,,,,,,,,,,,,,,,,,,,,,,,,,,,,,,,,,,,,,,,,,,,,,,,,,,,,,,,,,,,,,,,,,,,,,,,,,,,,,,,,,,,,,,
ACSSF,2011m1,co,000,0044,0000098,,,,,,,,,,,,,,,,,,,,,,,,,,,,,,,,,,,,,,,,,,,,,,,,,,,,,,,,,,,,,,,,,,,,,,,,,,,,,,,,,,,,,,,,,,,,,,,,,,,,,,,,,,,,,,,,,,,,,,,,,,,,,,,,,,,,,,,,,,,,,,,,,,,,,,,,,,,,,,,,,,,,,,,,,,,,,,,,,,,,,,,,,,,,,,,,,,,,,,,,,,,,,,,,,,,,,,,,,,,,,,,,,,,,,,,
ACSSF,2011m1,co,000,0044,0000099,,,,,,,,,,,,,,,,,,,,,,,,,,,,,,,,,,,,,,,,,,,,,,,,,,,,,,,,,,,,,,,,,,,,,,,,,,,,,,,,,,,,,,,,,,,,,,,,,,,,,,,,,,,,,,,,,,,,,,,,,,,,,,,,,,,,,,,,,,,,,,,,,,,,,,,,,,,,,,,,,,,,,,,,,,,,,,,,,,,,,,,,,,,,,,,,,,,,,,,,,,,,,,,,,,,,,,,,,,,,,,,,,,,,,,,
ACSSF,2011m1,co,000,0044,0000100,,,,,,,,,,,,,,,,,,,,,,,,,,,,,,,,,,,,,,,,,,,,,,,,,,,,,,,,,,,,,,,,,,,,,,,,,,,,,,,,,,,,,,,,,,,,,,,,,,,,,,,,,,,,,,,,,,,,,,,,,,,,,,,,,,,,,,,,,,,,,,,,,,,,,,,,,,,,,,,,,,,,,,,,,,,,,,,,,,,,,,,,,,,,,,,,,,,,,,,,,,,,,,,,,,,,,,,,,,,,,,,,,,,,,,,
ACSSF,2011m1,co,000,0044,0000101,,,,,,,,,,,,,,,,,,,,,,,,,,,,,,,,,,,,,,,,,,,,,,,,,,,,,,,,,,,,,,,,,,,,,,,,,,,,,,,,,,,,,,,,,,,,,,,,,,,,,,,,,,,,,,,,,,,,,,,,,,,,,,,,,,,,,,,,,,,,,,,,,,,,,,,,,,,,,,,,,,,,,,,,,,,,,,,,,,,,,,,,,,,,,,,,,,,,,,,,,,,,,,,,,,,,,,,,,,,,,,,,,,,,,,,
ACSSF,2011m1,co,000,0044,0000102,,,,,,,,,,,,,,,,,,,,,,,,,,,,,,,,,,,,,,,,,,,,,,,,,,,,,,,,,,,,,,,,,,,,,,,,,,,,,,,,,,,,,,,,,,,,,,,,,,,,,,,,,,,,,,,,,,,,,,,,,,,,,,,,,,,,,,,,,,,,,,,,,,,,,,,,,,,,,,,,,,,,,,,,,,,,,,,,,,,,,,,,,,,,,,,,,,,,,,,,,,,,,,,,,,,,,,,,,,,,,,,,,,,,,,,
ACSSF,2011m1,co,000,0044,0000103,,,,,,,,,,,,,,,,,,,,,,,,,,,,,,,,,,,,,,,,,,,,,,,,,,,,,,,,,,,,,,,,,,,,,,,,,,,,,,,,,,,,,,,,,,,,,,,,,,,,,,,,,,,,,,,,,,,,,,,,,,,,,,,,,,,,,,,,,,,,,,,,,,,,,,,,,,,,,,,,,,,,,,,,,,,,,,,,,,,,,,,,,,,,,,,,,,,,,,,,,,,,,,,,,,,,,,,,,,,,,,,,,,,,,,,
ACSSF,2011m1,co,000,0044,0000104,,,,,,,,,,,,,,,,,,,,,,,,,,,,,,,,,,,,,,,,,,,,,,,,,,,,,,,,,,,,,,,,,,,,,,,,,,,,,,,,,,,,,,,,,,,,,,,,,,,,,,,,,,,,,,,,,,,,,,,,,,,,,,,,,,,,,,,,,,,,,,,,,,,,,,,,,,,,,,,,,,,,,,,,,,,,,,,,,,,,,,,,,,,,,,,,,,,,,,,,,,,,,,,,,,,,,,,,,,,,,,,,,,,,,,,
ACSSF,2011m1,co,000,0044,0000105,,,,,,,,,,,,,,,,,,,,,,,,,,,,,,,,,,,,,,,,,,,,,,,,,,,,,,,,,,,,,,,,,,,,,,,,,,,,,,,,,,,,,,,,,,,,,,,,,,,,,,,,,,,,,,,,,,,,,,,,,,,,,,,,,,,,,,,,,,,,,,,,,,,,,,,,,,,,,,,,,,,,,,,,,,,,,,,,,,,,,,,,,,,,,,,,,,,,,,,,,,,,,,,,,,,,,,,,,,,,,,,,,,,,,,,
ACSSF,2011m1,co,000,0044,0000106,,,,,,,,,,,,,,,,,,,,,,,,,,,,,,,,,,,,,,,,,,,,,,,,,,,,,,,,,,,,,,,,,,,,,,,,,,,,,,,,,,,,,,,,,,,,,,,,,,,,,,,,,,,,,,,,,,,,,,,,,,,,,,,,,,,,,,,,,,,,,,,,,,,,,,,,,,,,,,,,,,,,,,,,,,,,,,,,,,,,,,,,,,,,,,,,,,,,,,,,,,,,,,,,,,,,,,,,,,,,,,,,,,,,,,,
ACSSF,2011m1,co,000,0044,0000107,,,,,,,,,,,,,,,,,,,,,,,,,,,,,,,,,,,,,,,,,,,,,,,,,,,,,,,,,,,,,,,,,,,,,,,,,,,,,,,,,,,,,,,,,,,,,,,,,,,,,,,,,,,,,,,,,,,,,,,,,,,,,,,,,,,,,,,,,,,,,,,,,,,,,,,,,,,,,,,,,,,,,,,,,,,,,,,,,,,,,,,,,,,,,,,,,,,,,,,,,,,,,,,,,,,,,,,,,,,,,,,,,,,,,,,
ACSSF,2011m1,co,000,0044,0000108,,,,,,,,,,,,,,,,,,,,,,,,,,,,,,,,,,,,,,,,,,,,,,,,,,,,,,,,,,,,,,,,,,,,,,,,,,,,,,,,,,,,,,,,,,,,,,,,,,,,,,,,,,,,,,,,,,,,,,,,,,,,,,,,,,,,,,,,,,,,,,,,,,,,,,,,,,,,,,,,,,,,,,,,,,,,,,,,,,,,,,,,,,,,,,,,,,,,,,,,,,,,,,,,,,,,,,,,,,,,,,,,,,,,,,,
ACSSF,2011m1,co,000,0044,0000109,,,,,,,,,,,,,,,,,,,,,,,,,,,,,,,,,,,,,,,,,,,,,,,,,,,,,,,,,,,,,,,,,,,,,,,,,,,,,,,,,,,,,,,,,,,,,,,,,,,,,,,,,,,,,,,,,,,,,,,,,,,,,,,,,,,,,,,,,,,,,,,,,,,,,,,,,,,,,,,,,,,,,,,,,,,,,,,,,,,,,,,,,,,,,,,,,,,,,,,,,,,,,,,,,,,,,,,,,,,,,,,,,,,,,,,
ACSSF,2011m1,co,000,0044,0000110,,,,,,,,,,,,,,,,,,,,,,,,,,,,,,,,,,,,,,,,,,,,,,,,,,,,,,,,,,,,,,,,,,,,,,,,,,,,,,,,,,,,,,,,,,,,,,,,,,,,,,,,,,,,,,,,,,,,,,,,,,,,,,,,,,,,,,,,,,,,,,,,,,,,,,,,,,,,,,,,,,,,,,,,,,,,,,,,,,,,,,,,,,,,,,,,,,,,,,,,,,,,,,,,,,,,,,,,,,,,,,,,,,,,,,,
ACSSF,2011m1,co,000,0044,0000111,,,,,,,,,,,,,,,,,,,,,,,,,,,,,,,,,,,,,,,,,,,,,,,,,,,,,,,,,,,,,,,,,,,,,,,,,,,,,,,,,,,,,,,,,,,,,,,,,,,,,,,,,,,,,,,,,,,,,,,,,,,,,,,,,,,,,,,,,,,,,,,,,,,,,,,,,,,,,,,,,,,,,,,,,,,,,,,,,,,,,,,,,,,,,,,,,,,,,,,,,,,,,,,,,,,,,,,,,,,,,,,,,,,,,,,
