ACSSF,2011m1,co,000,0011,0000001,23344,1145,850,591,4244,3372,389,85,1815,1192,2149,69,550,1064,338,550,145,729,2613,419,1560,979,2127,933,862,1492,201,320,1222,201,3998,1142,3564,6346,1189,12277,243,3787,1660,7681,3142,18241,493,2357,150,2145,590,1154,15024,418,9908,1594,2165,261,56,563,406,659,5673,410,7842,1639,1325,4422,1769,4744,9966,815,711,1138,979,201,3224,34,1318,284,276,201,453,201,201,201,744,31,60,201,2583,465,5031,2146,804,1581,4098,2203,201,222,201,201,201,81,367,2055,356,201,693,201,1312,22245,23344,4244,3372,2127,3998,3564,6346,12277,3787,7681,3142,18241,2357,2145,15024,9908,2165,5673,7842,1639,4422,4744,9966,1138,3224,5031,2146,1581,4098,2203,22752
ACSSF,2011m1,co,000,0011,0000002,19275,414,142,201,3743,1729,389,39,358,1134,498,38,470,441,338,413,145,735,2123,332,1346,979,1757,640,862,1299,201,307,1116,201,3886,1074,3411,6022,1142,10358,232,3291,1628,6599,1578,15745,86,2094,150,1510,583,1133,11718,333,8414,453,1896,222,56,563,121,561,4826,285,6163,1484,1253,4022,1586,4141,5789,640,717,944,947,201,2748,34,1318,284,276,201,453,201,201,201,744,31,60,201,1924,217,4851,1889,786,1219,3520,2169,201,222,201,201,201,51,367,2055,159,201,541,201,1162,20026,19275,3743,1729,1757,3886,3411,6022,10358,3291,6599,1578,15745,2094,1510,11718,8414,1896,4826,6163,1484,4022,4141,5789,944,2748,4851,1889,1219,3520,2169,20071
ACSSF,2011m1,co,000,0011,0000003,,,,,,,,,,,,,,,,,,,,,,,,,,,,,,,,,,,,,,,,,,,,,,,,,,,,,,,,,,,,,,,,,,,,,,,,,,,,,,,,,,,,,,,,,,,,,,,,,,,,,,,,,,,,,17899,2297,2925,1033,1422,1530,2648,7564,1510,4133,2628,12898,904,1292,8741,6147,988,2326,4485,710,2355,1701,7283,523,1318,3763,1282,1239,2931,526,10694
ACSSF,2011m1,co,000,0011,0000004,22187,1145,850,591,4197,3355,389,85,1815,1185,2149,69,543,1064,338,546,145,729,2242,332,1588,979,1894,946,862,1426,201,320,1201,201,3958,1092,3562,6341,1189,11831,232,3631,1698,7377,3023,17543,493,2394,150,2185,590,1154,15546,418,9488,1593,2114,261,56,563,121,659,5335,410,7602,1657,1269,4211,1773,4455,9836,797,717,1138,934,201,3196,34,1318,284,276,201,453,201,201,201,745,31,60,201,2560,465,5165,2052,804,1543,4105,2163,201,222,201,201,201,81,367,2055,356,201,541,201,1301,22778,22187,4197,3355,1894,3958,3562,6341,11831,3631,7377,3023,17543,2394,2185,15546,9488,2114,5335,7602,1657,4211,4455,9836,1138,3196,5165,2052,1543,4105,2163,23421
ACSSF,2011m1,co,000,0011,0000005,21963,1145,850,591,4233,3361,389,85,1815,1187,2149,38,543,1064,338,546,145,550,2220,332,1448,979,1877,946,745,1426,201,320,1185,201,3978,1105,3565,6031,1182,11670,232,3590,1574,7551,2862,17354,493,2340,150,2157,590,1154,14273,418,9232,1573,2052,261,56,563,121,659,5072,378,6953,1617,1266,4167,1735,4092,9666,797,715,1059,925,201,3198,34,1318,284,276,201,453,201,201,201,745,31,60,201,2555,465,5092,1960,790,1505,4089,2163,201,222,201,201,201,81,367,2055,356,201,541,201,1264,22935,21963,4233,3361,1877,3978,3565,6031,11670,3590,7551,2862,17354,2340,2157,14273,9232,2052,5072,6953,1617,4167,4092,9666,1059,3198,5092,1960,1505,4089,2163,23361
ACSSF,2011m1,co,000,0011,0000006,14437,414,142,201,3022,2415,332,39,201,827,2090,38,184,293,239,275,125,473,1478,245,660,787,1209,872,745,744,201,255,916,201,1997,600,1883,3001,926,7389,177,2641,1162,5277,1272,9737,201,1670,150,1457,392,1033,8671,320,5919,1474,1828,200,56,56,201,422,3516,222,4005,1258,1044,2765,1097,2859,3959,612,335,572,593,201,2518,34,1318,170,276,201,321,201,201,201,184,201,60,201,1955,465,3745,999,216,809,3268,1215,201,222,201,201,201,51,304,1017,201,201,531,201,860,14223,14437,3022,2415,1209,1997,1883,3001,7389,2641,5277,1272,9737,1670,1457,8671,5919,1828,3516,4005,1258,2765,2859,3959,572,2518,3745,999,809,3268,1215,14754
ACSSF,2011m1,co,000,0011,0000007,17683,918,831,591,3437,2306,200,76,1815,841,495,201,462,965,233,433,73,398,1385,198,1272,578,1494,426,201,1298,201,200,809,201,3430,959,2846,5051,695,8858,157,2127,976,5740,2810,14969,493,1861,201,1569,414,560,11860,292,6757,580,822,206,201,563,121,451,3997,310,6349,1190,569,2922,1238,3071,7696,564,636,849,605,201,1779,201,201,235,201,201,319,201,201,201,743,31,201,201,1568,201,4263,1754,761,1370,2387,1450,201,201,201,201,201,93,223,1436,356,201,25,201,962,16176,17683,3437,2306,1494,3430,2846,5051,8858,2127,5740,2810,14969,1861,1569,11860,6757,822,3997,6349,1190,2922,3071,7696,849,1779,4263,1754,1370,2387,1450,16581
ACSSF,2011m1,co,000,0011,0000008,,,,,,,,,,,,,,,,,,,,,,,,,,,,,,,,,,,,,,,,,,,,,,,,,,,,,,,,,,,,,,,,,,,,,,,,,,,,,,,,,,,,,,,,,,,,,,,,,,,,,,,,,,,,,6143,797,77,293,312,540,1322,3433,661,1227,798,4360,406,147,3637,3101,492,1532,2816,316,646,1166,1351,423,94,1158,508,335,683,201,4963
ACSSF,2011m1,co,000,0011,0000009,,,,,,,,,,,,,,,,,,,,,,,,,,,,,,,,,,,,,,,,,,,,,,,,,,,,,,,,,,,,,,,,,,,,,,,,,,,,,,,,,,,,,,,,,,,,,,,,,,,,,,,,,,,,,4609,747,57,155,242,194,712,2478,291,1097,239,3057,223,92,2770,2727,99,743,2518,201,291,1034,944,201,94,684,112,201,600,201,2716
ACSSF,2011m1,co,000,0011,0000010,,,,,,,,,,,,,,,,,,,,,,,,,,,,,,,,,,,,,,,,,,,,,,,,,,,,,,,,,,,,,,,,,,,,,,,,,,,,,,,,,,,,,,,,,,,,,,,,,,,,,,,,,,,,,5404,427,53,235,197,508,1051,2645,612,820,731,3793,357,115,2998,1440,484,1343,858,316,545,607,1061,423,201,1181,500,335,574,201,4384
ACSSF,2011m1,co,000,0011,0000011,,,,,,,,,,,,,,,,,,,,,,,,,,,,,,,,,,,,,,,,,,,,,,,,,,,,,,,,,,,,,,,,,,,,,,,,,,,,,,,,,,,,,,,,,,,,,,,,,,,,,,,,,,,,,6084,730,146,959,751,629,1148,2688,721,2121,557,4655,477,329,3958,2447,176,1397,1167,156,1429,945,1782,75,354,1792,879,273,1151,365,4474
ACSSF,2011m1,co,000,0011,0000012,,,,,,,,,,,,,,,,,,,,,,,,,,,,,,,,,,,,,,,,,,,,,,,,,,,,,,,,,,,,,,,,,,,,,,,,,,,,,,,,,,,,,,,,,,,,,,,,,,,,,,,,,,,,,8232,1093,171,1008,810,735,1707,4818,1061,2533,989,6059,630,363,4856,3663,526,2116,3021,355,1599,1598,2330,432,364,2113,1036,430,1306,365,6784
ACSSF,2011m1,co,000,0011,0000013,,,,,,,,,,,,,,,,,,,,,,,,,,,,,,,,,,,,,,,,,,,,,,,,,,,,,,,,,,,,,,,,,,,,,,,,,,,,,,,,,,,,,,,,,,,,,,,,,,,,,,,,,,,,,8488,2221,289,596,676,1182,2113,2902,774,2008,929,4017,540,450,4219,2322,211,1145,1883,227,670,710,1729,119,169,1790,485,1051,780,313,9133
ACSSF,2011m1,co,000,0011,0000014,,,,,,,,,,,,,,,,,,,,,,,,,,,,,,,,,,,,,,,,,,,,,,,,,,,,,,,,,,,,,,,,,,,,,,,,,,,,,,,,,,,,,,,,,,,,,,,,,,,,,,,,,,,,,8685,1688,613,763,806,1277,1677,4581,788,2823,575,7034,1207,556,5624,2572,931,1542,2206,397,1355,1024,3126,190,1897,1583,781,709,1205,2036,11362
ACSSF,2011m1,co,000,0011,0000015,,,,,,,,,,,,,,,,,,,,,,,,,,,,,,,,,,,,,,,,,,,,,,,,,,,,,,,,,,,,,,,,,,,,,,,,,,,,,,,,,,,,,,,,,,,,,,,,,,,,,,,,,,,,,6230,1168,599,530,1191,712,1725,3197,703,2451,1077,4146,738,835,4258,2403,509,1487,2187,273,1191,928,1482,335,317,1249,554,526,1131,201,5302
ACSSF,2011m1,co,000,0011,0000016,,,,,,,,,,,,,,,,,,,,,,,,,,,,,,,,,,,,,,,,,,,,,,,,,,,,,,,,,,,,,,,,,,,,,,,,,,,,,,,,,,,,,,,,,,,,,,,,,,,,,,,,,,,,,6922,1380,502,650,797,537,1378,3142,1610,1960,820,4056,969,631,4241,2619,450,1760,2293,965,1087,1037,1649,239,2009,1744,713,742,1185,220,8090
ACSSF,2011m1,co,000,0011,0000017,,,,,,,,,,,,,,,,,,,,,,,,,,,,,,,,,,,,,,,,,,,,,,,,,,,,,,,,,,,,,,,,,,,,,,,,,,,,,,,,,,,,,,,,,,,,,,,,,,,,,,,,,,,,,6930,1134,1977,447,1136,1132,1580,4227,642,2544,813,5754,1058,509,4756,3559,444,1935,2410,185,1147,1984,1813,421,712,1783,657,331,1177,278,5320
ACSSF,2011m1,co,000,0011,0000018,,,,,,,,,,,,,,,,,,,,,,,,,,,,,,,,,,,,,,,,,,,,,,,,,,,,,,,,,,,,,,,,,,,,,,,,,,,,,,,,,,,,,,,,,,,,,,,,,,,,,,,,,,,,,9798,2171,2274,791,2378,676,2115,5413,1136,3268,697,6266,1058,1064,6638,4736,522,2083,3011,897,1668,1685,3081,515,841,1692,760,509,2917,553,8528
ACSSF,2011m1,co,000,0011,0000019,,,,,,,,,,,,,,,,,,,,,,,,,,,,,,,,,,,,,,,,,,,,,,,,,,,,,,,,,,,,,,,,,,,,,,,,,,,,,,,,,,,,,,,,,,,,,,,,,,,,,,,,,,,,,7900,884,678,691,1610,1566,1864,3953,1316,2074,933,5883,575,694,5717,2503,435,1700,2507,251,1296,1146,1633,347,912,1858,717,375,1060,572,6689
ACSSF,2011m1,co,000,0011,0000020,,,,,,,,,,,,,,,,,,,,,,,,,,,,,,,,,,,,,,,,,,,,,,,,,,,,,,,,,,,,,,,,,,,,,,,,,,,,,,,,,,,,,,,,,,,,,,,,,,,,,,,,,,,,,6654,939,159,372,1349,1324,2526,4147,1487,2598,583,5590,373,604,3859,2797,513,2163,1533,875,1315,1235,1949,458,243,2250,519,206,1044,201,3547
ACSSF,2011m1,co,000,0011,0000021,,,,,,,,,,,,,,,,,,,,,,,,,,,,,,,,,,,,,,,,,,,,,,,,,,,,,,,,,,,,,,,,,,,,,,,,,,,,,,,,,,,,,,,,,,,,,,,,,,,,,,,,,,,,,4058,734,82,279,309,1000,1513,2766,570,1477,369,2946,200,201,2326,1582,201,766,465,210,966,963,1548,38,170,1335,238,50,894,201,4825
ACSSF,2011m1,co,000,0011,0000022,,,,,,,,,,,,,,,,,,,,,,,,,,,,,,,,,,,,,,,,,,,,,,,,,,,,,,,,,,,,,,,,,,,,,,,,,,,,,,,,,,,,,,,,,,,,,,,,,,,,,,,,,,,,,3352,466,156,408,184,644,650,1528,1099,1191,328,2563,238,180,1989,1377,79,302,742,518,821,397,797,173,286,806,80,26,255,158,3439
ACSSF,2011m1,co,000,0011,0000023,,,,,,,,,,,,,,,,,,,,,,,,,,,,,,,,,,,,,,,,,,,,,,,,,,,,,,,,,,,,,,,,,,,,,,,,,,,,,,,,,,,,,,,,,,,,,,,,,,,,,,,,,,,,,7085,530,201,262,420,1687,1164,2300,345,911,2081,6807,206,675,2853,2445,269,925,3124,260,1248,514,6675,201,31,2109,414,187,967,201,4592
ACSSF,2011m1,co,000,0011,0000024,,,,,,,,,,,,,,,,,,,,,,,,,,,,,,,,,,,,,,,,,,,,,,,,,,,,,,,,,,,,,,,,,,,,,,,,,,,,,,,,,,,,,,,,,,,,,,,,,,,,,,,,,,,,,2837,142,201,166,835,401,586,1475,518,705,594,2283,227,258,2030,1033,239,578,669,116,513,417,548,144,584,726,340,201,513,201,3016
ACSSF,2011m1,co,000,0011,0000025,,,,,,,,,,,,,,,,,,,,,,,,,,,,,,,,,,,,,,,,,,,,,,,,,,,,,,,,,,,,,,,,,,,,,,,,,,,,,,,,,,,,,,,,,,,,,,,,,,,,,,,,,,,,,7109,1099,335,325,473,784,886,3561,413,1941,435,4952,884,415,3838,1876,870,1371,1131,148,879,955,2603,201,1213,1288,491,111,890,1076,10968
ACSSF,2011m1,co,000,0011,0000026,,,,,,,,,,,,,,,,,,,,,,,,,,,,,,,,,,,,,,,,,,,,,,,,,,,,,,,,,,,,,,,,,,,,,,,,,,,,,,,,,,,,,,,,,,,,,,,,,,,,,,,,,,,,,3040,655,342,229,663,490,621,1853,544,1094,211,2123,266,673,1765,1180,420,674,1022,115,692,693,729,144,153,539,349,193,691,201,2385
ACSSF,2011m1,co,000,0011,0000027,,,,,,,,,,,,,,,,,,,,,,,,,,,,,,,,,,,,,,,,,,,,,,,,,,,,,,,,,,,,,,,,,,,,,,,,,,,,,,,,,,,,,,,,,,,,,,,,,,,,,,,,,,,,,3379,475,512,181,389,507,824,2193,353,1114,154,3099,201,204,2339,1108,110,767,1160,224,646,344,682,171,1239,659,425,320,439,201,3024
ACSSF,2011m1,co,000,0011,0000028,,,,,,,,,,,,,,,,,,,,,,,,,,,,,,,,,,,,,,,,,,,,,,,,,,,,,,,,,,,,,,,,,,,,,,,,,,,,,,,,,,,,,,,,,,,,,,,,,,,,,,,,,,,,,8211,2181,2215,637,840,669,1593,4292,967,2343,622,5499,984,876,4621,3930,510,1160,2473,352,1452,1677,2233,352,813,1318,618,354,2881,525,7872
ACSSF,2011m1,co,000,0011,0000029,,,,,,,,,,,,,,,,,,,,,,,,,,,,,,,,,,,,,,,,,,,,,,,,,,,,,,,,,,,,,,,,,,,,,,,,,,,,,,,,,,,,,,,,,,,,,,,,,,,,,,,,,,,,,6922,1380,502,650,797,537,1378,3142,1610,1960,820,4056,969,631,4241,2619,450,1760,2293,965,1087,1037,1649,239,2009,1744,713,742,1185,220,8090
ACSSF,2011m1,co,000,0011,0000030,,,,,,,,,,,,,,,,,,,,,,,,,,,,,,,,,,,,,,,,,,,,,,,,,,,,,,,,,,,,,,,,,,,,,,,,,,,,,,,,,,,,,,,,,,,,,,,,,,,,,,,,,,,,,4427,829,159,256,1300,736,1495,2549,892,1741,427,3034,334,388,2122,1892,436,1122,1186,352,1127,861,1061,238,148,2025,349,130,454,201,2702
ACSSF,2011m1,co,000,0011,0000031,,,,,,,,,,,,,,,,,,,,,,,,,,,,,,,,,,,,,,,,,,,,,,,,,,,,,,,,,,,,,,,,,,,,,,,,,,,,,,,,,,,,,,,,,,,,,,,,,,,,,,,,,,,,,3497,351,201,199,125,1030,553,1448,223,732,144,2616,60,407,1900,864,87,742,321,56,291,287,542,201,201,737,191,145,832,201,3570
ACSSF,2011m1,co,000,0011,0000032,,,,,,,,,,,,,,,,,,,,,,,,,,,,,,,,,,,,,,,,,,,,,,,,,,,,,,,,,,,,,,,,,,,,,,,,,,,,,,,,,,,,,,,,,,,,,,,,,,,,,,,,,,,,,5016,547,1729,112,254,730,1100,3604,459,1894,798,3338,838,280,2828,2607,331,1429,1768,204,808,1817,1150,421,445,1553,569,304,460,201,3308
ACSSF,2011m1,co,000,0011,0000033,,,,,,,,,,,,,,,,,,,,,,,,,,,,,,,,,,,,,,,,,,,,,,,,,,,,,,,,,,,,,,,,,,,,,,,,,,,,,,,,,,,,,,,,,,,,,,,,,,,,,,,,,,,,,4518,536,201,355,394,1052,1272,2148,405,1092,462,3023,254,172,3094,1265,101,677,1300,143,828,594,841,129,167,1129,509,284,408,595,3820
ACSSF,2011m1,co,000,0011,0000034,,,,,,,,,,,,,,,,,,,,,,,,,,,,,,,,,,,,,,,,,,,,,,,,,,,,,,,,,,,,,,,,,,,,,,,,,,,,,,,,,,,,,,,,,,,,,,,,,,,,,,,,,,,,,4024,398,279,218,501,447,1208,2039,219,1295,1049,2690,553,125,3046,1397,138,1028,1020,225,106,552,676,164,201,761,112,201,410,201,3253
ACSSF,2011m1,co,000,0011,0000035,,,,,,,,,,,,,,,,,,,,,,,,,,,,,,,,,,,,,,,,,,,,,,,,,,,,,,,,,,,,,,,,,,,,,,,,,,,,,,,,,,,,,,,,,,,,,,,,,,,,,,,,,,,,,3331,348,201,132,465,785,1395,1980,928,1029,184,2958,178,72,2366,1104,234,1200,681,677,213,460,609,275,199,1048,377,131,484,201,1312
ACSSF,2011m1,co,000,0011,0000036,,,,,,,,,,,,,,,,,,,,,,,,,,,,,,,,,,,,,,,,,,,,,,,,,,,,,,,,,,,,,,,,,,,,,,,,,,,,,,,,,,,,,,,,,,,,,,,,,,,,,,,,,,,,,2334,255,156,179,4,118,280,954,981,711,220,1908,238,144,1304,974,79,233,616,111,740,238,331,173,188,491,80,201,249,158,3298
ACSSF,2011m1,co,000,0011,0000037,,,,,,,,,,,,,,,,,,,,,,,,,,,,,,,,,,,,,,,,,,,,,,,,,,,,,,,,,,,,,,,,,,,,,,,,,,,,,,,,,,,,,,,,,,,,,,,,,,,,,,,,,,,,,4661,1294,220,324,291,406,958,1777,415,1460,193,2919,297,199,3557,1255,130,312,1400,160,514,477,1383,201,92,1344,250,129,291,313,3763
ACSSF,2011m1,co,000,0011,0000038,,,,,,,,,,,,,,,,,,,,,,,,,,,,,,,,,,,,,,,,,,,,,,,,,,,,,,,,,,,,,,,,,,,,,,,,,,,,,,,,,,,,,,,,,,,,,,,,,,,,,,,,,,,,,3078,415,341,377,1332,380,623,1671,455,1184,253,2553,80,431,1600,1538,358,737,775,160,400,314,771,81,97,621,199,265,158,201,2962
ACSSF,2011m1,co,000,0011,0000039,,,,,,,,,,,,,,,,,,,,,,,,,,,,,,,,,,,,,,,,,,,,,,,,,,,,,,,,,,,,,,,,,,,,,,,,,,,,,,,,,,,,,,,,,,,,,,,,,,,,,,,,,,,,,3040,655,342,229,663,490,621,1853,544,1094,211,2123,266,673,1765,1180,420,674,1022,115,692,693,729,144,153,539,349,193,691,201,2385
ACSSF,2011m1,co,000,0011,0000040,,,,,,,,,,,,,,,,,,,,,,,,,,,,,,,,,,,,,,,,,,,,,,,,,,,,,,,,,,,,,,,,,,,,,,,,,,,,,,,,,,,,,,,,,,,,,,,,,,,,,,,,,,,,,8211,2181,2215,637,840,669,1593,4292,967,2343,622,5499,984,876,4621,3930,510,1160,2473,352,1452,1677,2233,352,813,1318,618,354,2881,525,7872
ACSSF,2011m1,co,000,0011,0000041,,,,,,,,,,,,,,,,,,,,,,,,,,,,,,,,,,,,,,,,,,,,,,,,,,,,,,,,,,,,,,,,,,,,,,,,,,,,,,,,,,,,,,,,,,,,,,,,,,,,,,,,,,,,,7109,1099,335,325,473,784,886,3561,413,1941,435,4952,884,415,3838,1876,870,1371,1131,148,879,955,2603,201,1213,1288,491,111,890,1076,10968
ACSSF,2011m1,co,000,0011,0000042,,,,,,,,,,,,,,,,,,,,,,,,,,,,,,,,,,,,,,,,,,,,,,,,,,,,,,,,,,,,,,,,,,,,,,,,,,,,,,,,,,,,,,,,,,,,,,,,,,,,,,,,,,,,,6922,1380,502,650,797,537,1378,3142,1610,1960,820,4056,969,631,4241,2619,450,1760,2293,965,1087,1037,1649,239,2009,1744,713,742,1185,220,8090
ACSSF,2011m1,co,000,0011,0000043,,,,,,,,,,,,,,,,,,,,,,,,,,,,,,,,,,,,,,,,,,,,,,,,,,,,,,,,,,,,,,,,,,,,,,,,,,,,,,,,,,,,,,,,,,,,,,,,,,,,,,,,,,,,,4427,829,159,256,1300,736,1495,2549,892,1741,427,3034,334,388,2122,1892,436,1122,1186,352,1127,861,1061,238,148,2025,349,130,454,201,2702
ACSSF,2011m1,co,000,0011,0000044,,,,,,,,,,,,,,,,,,,,,,,,,,,,,,,,,,,,,,,,,,,,,,,,,,,,,,,,,,,,,,,,,,,,,,,,,,,,,,,,,,,,,,,,,,,,,,,,,,,,,,,,,,,,,3331,348,201,132,465,785,1395,1980,928,1029,184,2958,178,72,2366,1104,234,1200,681,677,213,460,609,275,199,1048,377,131,484,201,1312
ACSSF,2011m1,co,000,0011,0000045,,,,,,,,,,,,,,,,,,,,,,,,,,,,,,,,,,,,,,,,,,,,,,,,,,,,,,,,,,,,,,,,,,,,,,,,,,,,,,,,,,,,,,,,,,,,,,,,,,,,,,,,,,,,,3497,351,201,199,125,1030,553,1448,223,732,144,2616,60,407,1900,864,87,742,321,56,291,287,542,201,201,737,191,145,832,201,3570
ACSSF,2011m1,co,000,0011,0000046,,,,,,,,,,,,,,,,,,,,,,,,,,,,,,,,,,,,,,,,,,,,,,,,,,,,,,,,,,,,,,,,,,,,,,,,,,,,,,,,,,,,,,,,,,,,,,,,,,,,,,,,,,,,,2334,255,156,179,4,118,280,954,981,711,220,1908,238,144,1304,974,79,233,616,111,740,238,331,173,188,491,80,201,249,158,3298
ACSSF,2011m1,co,000,0011,0000047,,,,,,,,,,,,,,,,,,,,,,,,,,,,,,,,,,,,,,,,,,,,,,,,,,,,,,,,,,,,,,,,,,,,,,,,,,,,,,,,,,,,,,,,,,,,,,,,,,,,,,,,,,,,,7278,1385,502,656,787,596,1488,3110,1632,2015,832,4369,969,714,4350,2747,461,1834,2324,975,1190,1058,1695,239,2040,1855,727,739,1221,1336,8689
ACSSF,2011m1,co,000,0011,0000048,,,,,,,,,,,,,,,,,,,,,,,,,,,,,,,,,,,,,,,,,,,,,,,,,,,,,,,,,,,,,,,,,,,,,,,,,,,,,,,,,,,,,,,,,,,,,,,,,,,,,,,,,,,,,9048,2627,657,765,1633,1739,1886,5451,1214,2993,710,6368,704,996,6516,4539,1435,1766,4049,457,1630,1716,2716,315,836,2841,856,727,1310,201,8348
ACSSF,2011m1,co,000,0011,0000049,,,,,,,,,,,,,,,,,,,,,,,,,,,,,,,,,,,,,,,,,,,,,,,,,,,,,,,,,,,,,,,,,,,,,,,,,,,,,,,,,,,,,,,,,,,,,,,,,,,,,,,,,,,,,8480,1536,240,623,793,1352,2192,4866,1457,3134,672,5887,529,409,4747,3228,167,1737,1727,584,1441,1199,2392,243,493,2245,734,259,1525,394,7786
ACSSF,2011m1,co,000,0011,0000050,,,,,,,,,,,,,,,,,,,,,,,,,,,,,,,,,,,,,,,,,,,,,,,,,,,,,,,,,,,,,,,,,,,,,,,,,,,,,,,,,,,,,,,,,,,,,,,,,,,,,,,,,,,,,11997,1052,314,1141,1511,1926,3081,5272,1517,3064,2421,10026,770,840,4918,3542,454,2526,3204,910,1870,1487,7227,494,257,2626,645,282,1390,201,7692
ACSSF,2011m1,co,000,0011,0000051,,,,,,,,,,,,,,,,,,,,,,,,,,,,,,,,,,,,,,,,,,,,,,,,,,,,,,,,,,,,,,,,,,,,,,,,,,,,,,,,,,,,,,,,,,,,,,,,,,,,,,,,,,,,,10381,2199,2274,884,2442,777,2163,5536,1161,3315,1016,6996,1086,1091,6994,5064,552,2122,3093,913,1627,1816,3084,631,841,1830,833,541,2920,553,8953
ACSSF,2011m1,co,000,0011,0000052,,,,,,,,,,,,,,,,,,,,,,,,,,,,,,,,,,,,,,,,,,,,,,,,,,,,,,,,,,,,,,,,,,,,,,,,,,,,,,,,,,,,,,,,,,,,,,,,,,,,,,,,,,,,,10599,1869,2099,1107,1413,1844,2389,6475,1355,4136,994,8548,1201,817,7659,5030,1015,2764,3420,391,2189,2059,3346,516,2001,2291,1133,783,1606,291,8403
ACSSF,2011m1,co,000,0011,0000053,,,,,,,,,,,,,,,,,,,,,,,,,,,,,,,,,,,,,,,,,,,,,,,,,,,,,,,,,,,,,,,,,,,,,,,,,,,,,,,,,,,,,,,,,,,,,,,,,,,,,,,,,,,,,9685,1225,572,560,1073,1549,2294,3868,646,2072,1517,5984,1246,509,5693,2379,293,1605,1939,276,1420,1491,1759,299,943,1922,815,999,1080,1160,13158
ACSSF,2011m1,co,000,0011,0000054,,,,,,,,,,,,,,,,,,,,,,,,,,,,,,,,,,,,,,,,,,,,,,,,,,,,,,,,,,,,,,,,,,,,,,,,,,,,,,,,,,,,,,,,,,,,,,,,,,,,,,,,,,,,,3375,382,87,211,336,423,617,2414,349,1075,122,2691,301,181,2425,866,64,1014,896,107,786,282,1394,201,201,952,337,229,382,201,2262
ACSSF,2011m1,co,000,0011,0000055,,,,,,,,,,,,,,,,,,,,,,,,,,,,,,,,,,,,,,,,,,,,,,,,,,,,,,,,,,,,,,,,,,,,,,,,,,,,,,,,,,,,,,,,,,,,,,,,,,,,,,,,,,,,,5060,393,201,211,531,984,1978,3054,1280,2200,414,4445,247,466,3232,2484,236,1669,922,828,661,872,1403,391,199,1175,432,158,919,201,2924
ACSSF,2011m1,co,000,0011,0000056,,,,,,,,,,,,,,,,,,,,,,,,,,,,,,,,,,,,,,,,,,,,,,,,,,,,,,,,,,,,,,,,,,,,,,,,,,,,,,,,,,,,,,,,,,,,,,,,,,,,,,,,,,,,,4118,734,82,279,309,1000,1533,2767,570,1454,369,2902,200,201,2335,1586,201,778,464,210,966,960,1551,38,170,1340,238,50,895,201,4848
ACSSF,2011m1,co,000,0011,0000057,,,,,,,,,,,,,,,,,,,,,,,,,,,,,,,,,,,,,,,,,,,,,,,,,,,,,,,,,,,,,,,,,,,,,,,,,,,,,,,,,,,,,,,,,,,,,,,,,,,,,,,,,,,,,4667,829,159,256,1300,736,1495,2277,802,1429,427,2958,334,388,2101,1806,436,1124,1097,271,915,821,919,238,148,2004,349,130,454,201,2620
ACSSF,2011m1,co,000,0011,0000058,,,,,,,,,,,,,,,,,,,,,,,,,,,,,,,,,,,,,,,,,,,,,,,,,,,,,,,,,,,,,,,,,,,,,,,,,,,,,,,,,,,,,,,,,,,,,,,,,,,,,,,,,,,,,7085,530,201,262,420,1687,1164,2300,345,911,2081,6807,206,675,2853,2445,269,925,3124,260,1248,514,6675,201,31,2109,414,187,967,201,4592
ACSSF,2011m1,co,000,0011,0000059,,,,,,,,,,,,,,,,,,,,,,,,,,,,,,,,,,,,,,,,,,,,,,,,,,,,,,,,,,,,,,,,,,,,,,,,,,,,,,,,,,,,,,,,,,,,,,,,,,,,,,,,,,,,,3180,329,201,918,258,227,589,1625,408,742,531,2725,162,280,2089,696,201,619,871,30,1080,565,860,142,74,766,370,201,486,201,2525
ACSSF,2011m1,co,000,0011,0000060,,,,,,,,,,,,,,,,,,,,,,,,,,,,,,,,,,,,,,,,,,,,,,,,,,,,,,,,,,,,,,,,,,,,,,,,,,,,,,,,,,,,,,,,,,,,,,,,,,,,,,,,,,,,,2544,265,62,140,206,422,286,1083,204,1011,226,1194,201,162,1455,933,201,322,184,77,293,195,466,36,112,620,591,74,946,365,3368
ACSSF,2011m1,co,000,0011,0000061,,,,,,,,,,,,,,,,,,,,,,,,,,,,,,,,,,,,,,,,,,,,,,,,,,,,,,,,,,,,,,,,,,,,,,,,,,,,,,,,,,,,,,,,,,,,,,,,,,,,,,,,,,,,,3289,466,156,408,184,644,650,1407,1099,1181,310,2527,238,144,1955,1377,79,302,742,518,811,400,797,173,286,806,80,26,249,158,3413
ACSSF,2011m1,co,000,0011,0000062,,,,,,,,,,,,,,,,,,,,,,,,,,,,,,,,,,,,,,,,,,,,,,,,,,,,,,,,,,,,,,,,,,,,,,,,,,,,,,,,,,,,,,,,,,,,,,,,,,,,,,,,,,,,,3814,939,97,113,151,424,1129,2418,510,1487,441,2777,251,206,2371,1769,100,898,1092,80,356,704,1035,185,94,811,351,121,553,201,3808
ACSSF,2011m1,co,000,0011,0000063,,,,,,,,,,,,,,,,,,,,,,,,,,,,,,,,,,,,,,,,,,,,,,,,,,,,,,,,,,,,,,,,,,,,,,,,,,,,,,,,,,,,,,,,,,,,,,,,,,,,,,,,,,,,,5056,493,53,239,601,424,719,3038,575,1106,454,3636,210,181,3038,3044,489,1336,2417,222,1374,1114,1511,388,327,1537,395,330,770,201,3660
ACSSF,2011m1,co,000,0011,0000064,,,,,,,,,,,,,,,,,,,,,,,,,,,,,,,,,,,,,,,,,,,,,,,,,,,,,,,,,,,,,,,,,,,,,,,,,,,,,,,,,,,,,,,,,,,,,,,,,,,,,,,,,,,,,3848,729,627,497,650,469,692,2003,1021,1001,270,2542,153,568,2461,1715,58,752,1489,201,687,451,961,124,535,1119,340,403,543,201,2345
ACSSF,2011m1,co,000,0011,0000065,,,,,,,,,,,,,,,,,,,,,,,,,,,,,,,,,,,,,,,,,,,,,,,,,,,,,,,,,,,,,,,,,,,,,,,,,,,,,,,,,,,,,,,,,,,,,,,,,,,,,,,,,,,,,5005,817,286,244,511,411,1346,2342,280,1436,1066,3026,571,358,3557,1671,180,1112,1282,225,536,629,978,195,201,951,208,201,758,201,4008
ACSSF,2011m1,co,000,0011,0000066,,,,,,,,,,,,,,,,,,,,,,,,,,,,,,,,,,,,,,,,,,,,,,,,,,,,,,,,,,,,,,,,,,,,,,,,,,,,,,,,,,,,,,,,,,,,,,,,,,,,,,,,,,,,,3517,684,342,393,751,577,884,1990,544,1262,211,2230,266,666,1934,1190,420,725,1094,132,740,692,808,144,153,539,474,246,754,201,2387
ACSSF,2011m1,co,000,0011,0000067,,,,,,,,,,,,,,,,,,,,,,,,,,,,,,,,,,,,,,,,,,,,,,,,,,,,,,,,,,,,,,,,,,,,,,,,,,,,,,,,,,,,,,,,,,,,,,,,,,,,,,,,,,,,,4603,689,483,387,726,410,623,2640,627,2008,282,2922,530,631,2546,2000,1086,987,1971,255,638,708,1425,258,590,941,214,201,519,201,3096
ACSSF,2011m1,co,000,0011,0000068,,,,,,,,,,,,,,,,,,,,,,,,,,,,,,,,,,,,,,,,,,,,,,,,,,,,,,,,,,,,,,,,,,,,,,,,,,,,,,,,,,,,,,,,,,,,,,,,,,,,,,,,,,,,,3965,750,172,338,1347,868,493,1772,443,1153,131,2590,80,151,1499,1325,181,490,839,160,536,327,625,81,97,629,49,244,261,201,5309
ACSSF,2011m1,co,000,0011,0000069,,,,,,,,,,,,,,,,,,,,,,,,,,,,,,,,,,,,,,,,,,,,,,,,,,,,,,,,,,,,,,,,,,,,,,,,,,,,,,,,,,,,,,,,,,,,,,,,,,,,,,,,,,,,,5258,1571,220,307,298,413,1003,1683,184,1448,208,2603,297,199,3547,1363,130,472,964,160,262,477,1091,201,92,1130,250,293,257,313,4863
ACSSF,2011m1,co,000,0011,0000070,,,,,,,,,,,,,,,,,,,,,,,,,,,,,,,,,,,,,,,,,,,,,,,,,,,,,,,,,,,,,,,,,,,,,,,,,,,,,,,,,,,,,,,,,,,,,,,,,,,,,,,,,,,,,4680,1122,201,362,179,819,1285,2212,379,1079,1003,3038,390,378,1762,1388,94,569,735,201,399,528,592,74,123,1290,400,1005,531,201,3981
ACSSF,2011m1,co,000,0011,0000071,,,,,,,,,,,,,,,,,,,,,,,,,,,,,,,,,,,,,,,,,,,,,,,,,,,,,,,,,,,,,,,,,,,,,,,,,,,,,,,,,,,,,,,,,,,,,,,,,,,,,,,,,,,,,7059,908,288,575,676,976,1016,3601,405,2272,266,5333,418,445,4654,1745,713,895,1317,224,463,650,2340,51,438,1066,414,320,740,65,9470
ACSSF,2011m1,co,000,0011,0000072,,,,,,,,,,,,,,,,,,,,,,,,,,,,,,,,,,,,,,,,,,,,,,,,,,,,,,,,,,,,,,,,,,,,,,,,,,,,,,,,,,,,,,,,,,,,,,,,,,,,,,,,,,,,,4387,605,139,124,21,499,437,1534,247,646,370,1804,410,201,1781,890,58,774,502,110,355,561,694,201,811,815,208,111,296,358,4920
ACSSF,2011m1,co,000,0011,0000073,,,,,,,,,,,,,,,,,,,,,,,,,,,,,,,,,,,,,,,,,,,,,,,,,,,,,,,,,,,,,,,,,,,,,,,,,,,,,,,,,,,,,,,,,,,,,,,,,,,,,,,,,,,,,4060,735,102,134,102,493,516,1431,194,512,196,1336,766,201,1366,778,129,643,497,98,727,378,831,201,408,519,210,201,668,1004,5117
ACSSF,2011m1,co,000,0011,0000074,,,,,,,,,,,,,,,,,,,,,,,,,,,,,,,,,,,,,,,,,,,,,,,,,,,,,,,,,,,,,,,,,,,,,,,,,,,,,,,,,,,,,,,,,,,,,,,,,,,,,,,,,,,,,4200,1027,512,454,326,579,1056,2036,404,1121,201,3121,60,300,2912,1523,283,792,1223,262,1016,460,967,171,1239,776,502,201,603,201,2896
ACSSF,2011m1,co,000,0011,0000075,,,,,,,,,,,,,,,,,,,,,,,,,,,,,,,,,,,,,,,,,,,,,,,,,,,,,,,,,,,,,,,,,,,,,,,,,,,,,,,,,,,,,,,,,,,,,,,,,,,,,,,,,,,,,4395,817,77,219,260,127,315,1181,628,742,151,2443,441,270,2397,2434,121,810,912,201,470,330,1029,190,1270,393,238,204,106,201,5568
ACSSF,2011m1,co,000,0011,0000076,,,,,,,,,,,,,,,,,,,,,,,,,,,,,,,,,,,,,,,,,,,,,,,,,,,,,,,,,,,,,,,,,,,,,,,,,,,,,,,,,,,,,,,,,,,,,,,,,,,,,,,,,,,,,3287,520,152,229,325,287,637,1381,418,912,245,1843,437,188,1219,917,109,571,621,122,489,367,681,74,324,800,395,398,410,30,2609
ACSSF,2011m1,co,000,0011,0000077,,,,,,,,,,,,,,,,,,,,,,,,,,,,,,,,,,,,,,,,,,,,,,,,,,,,,,,,,,,,,,,,,,,,,,,,,,,,,,,,,,,,,,,,,,,,,,,,,,,,,,,,,,,,,3287,561,348,460,474,263,937,1277,361,856,406,2417,388,261,2261,843,275,1318,952,392,554,519,809,83,353,936,496,553,634,51,2066
ACSSF,2011m1,co,000,0011,0000078,,,,,,,,,,,,,,,,,,,,,,,,,,,,,,,,,,,,,,,,,,,,,,,,,,,,,,,,,,,,,,,,,,,,,,,,,,,,,,,,,,,,,,,,,,,,,,,,,,,,,,,,,,,,,4602,538,287,217,414,303,1036,1842,1342,1036,557,3146,906,369,2774,1480,256,748,1942,65,594,590,558,79,1435,880,174,255,710,1313,3958
ACSSF,2011m1,co,000,0011,0000079,,,,,,,,,,,,,,,,,,,,,,,,,,,,,,,,,,,,,,,,,,,,,,,,,,,,,,,,,,,,,,,,,,,,,,,,,,,,,,,,,,,,,,,,,,,,,,,,,,,,,,,,,,,,,2386,252,201,227,185,221,200,1060,164,409,403,1841,477,165,1360,783,201,332,376,885,179,318,433,201,57,490,169,32,409,213,3246
ACSSF,2011m1,co,000,0011,0000080,,,,,,,,,,,,,,,,,,,,,,,,,,,,,,,,,,,,,,,,,,,,,,,,,,,,,,,,,,,,,,,,,,,,,,,,,,,,,,,,,,,,,,,,,,,,,,,,,,,,,,,,,,,,,3293,156,201,218,863,394,635,1436,123,725,626,2709,215,136,2300,1025,378,509,941,116,516,417,733,189,289,848,346,201,539,201,2627
ACSSF,2011m1,co,000,0011,0000081,,,,,,,,,,,,,,,,,,,,,,,,,,,,,,,,,,,,,,,,,,,,,,,,,,,,,,,,,,,,,,,,,,,,,,,,,,,,,,,,,,,,,,,,,,,,,,,,,,,,,,,,,,,,,3802,459,201,298,414,284,667,1488,343,1183,308,2596,73,152,2292,784,94,362,1242,215,755,725,911,191,201,769,290,209,360,132,3396
ACSSF,2011m1,co,000,0011,0000082,,,,,,,,,,,,,,,,,,,,,,,,,,,,,,,,,,,,,,,,,,,,,,,,,,,,,,,,,,,,,,,,,,,,,,,,,,,,,,,,,,,,,,,,,,,,,,,,,,,,,,,,,,,,,4568,477,80,225,242,1298,1260,1982,295,867,440,3623,530,119,3361,1589,37,682,659,201,711,447,817,216,450,1228,394,240,405,595,3207
ACSSF,2011m1,co,000,0011,0000083,,,,,,,,,,,,,,,,,,,,,,,,,,,,,,,,,,,,,,,,,,,,,,,,,,,,,,,,,,,,,,,,,,,,,,,,,,,,,,,,,,,,,,,,,,,,,,,,,,,,,,,,,,,,,4043,336,64,317,327,604,606,2449,325,910,237,3094,154,252,2087,1077,249,759,683,103,368,520,658,102,99,1097,444,624,356,175,3057
ACSSF,2011m1,co,000,0011,0000084,,,,,,,,,,,,,,,,,,,,,,,,,,,,,,,,,,,,,,,,,,,,,,,,,,,,,,,,,,,,,,,,,,,,,,,,,,,,,,,,,,,,,,,,,,,,,,,,,,,,,,,,,,,,,5270,636,1738,382,597,925,904,3515,837,1285,741,3660,839,314,3365,2841,343,1240,1282,201,835,1605,895,421,821,1384,686,201,699,201,3703
ACSSF,2011m1,co,000,0011,0000085,,,,,,,,,,,,,,,,,,,,,,,,,,,,,,,,,,,,,,,,,,,,,,,,,,,,,,,,,,,,,,,,,,,,,,,,,,,,,,,,,,,,,,,,,,,,,,,,,,,,,,,,,,,,,5992,980,982,347,1130,902,1406,3271,388,2302,632,4880,460,492,4314,2705,290,1685,2028,185,968,1099,1708,201,542,1510,283,331,1083,278,4474
ACSSF,2011m1,co,000,0011,0000086,,,,,,,,,,,,,,,,,,,,,,,,,,,,,,,,,,,,,,,,,,,,,,,,,,,,,,,,,,,,,,,,,,,,,,,,,,,,,,,,,,,,,,,,,,,,,,,,,,,,,,,,,,,,,6055,318,634,466,2102,142,1122,2825,399,1870,384,3880,204,246,4245,2899,102,1446,1274,239,790,521,2333,351,132,1176,519,190,499,96,5004
ACSSF,2011m1,co,000,0011,0000087,,,,,,,,,,,,,,,,,,,,,,,,,,,,,,,,,,,,,,,,,,,,,,,,,,,,,,,,,,,,,,,,,,,,,,,,,,,,,,,,,,,,,,,,,,,,,,,,,,,,,,,,,,,,,3589,738,201,140,266,246,843,1153,517,1082,180,1702,91,340,1986,1264,127,724,832,264,1273,468,855,201,642,915,226,332,566,201,2995
ACSSF,2011m1,co,000,0011,0000088,,,,,,,,,,,,,,,,,,,,,,,,,,,,,,,,,,,,,,,,,,,,,,,,,,,,,,,,,,,,,,,,,,,,,,,,,,,,,,,,,,,,,,,,,,,,,,,,,,,,,,,,,,,,,3300,490,696,497,320,109,652,1558,378,718,266,2340,90,330,1752,891,201,593,777,191,456,703,787,324,63,743,307,82,407,310,2845
ACSSF,2011m1,co,000,0011,0000089,,,,,,,,,,,,,,,,,,,,,,,,,,,,,,,,,,,,,,,,,,,,,,,,,,,,,,,,,,,,,,,,,,,,,,,,,,,,,,,,,,,,,,,,,,,,,,,,,,,,,,,,,,,,,6722,1057,2089,285,736,550,1127,4032,717,2110,467,4674,1001,706,3684,3233,339,945,1869,846,443,1341,1301,111,495,879,426,136,2839,201,5854
ACSSF,2011m1,co,000,0011,0000090,,,,,,,,,,,,,,,,,,,,,,,,,,,,,,,,,,,,,,,,,,,,,,,,,,,,,,,,,,,,,,,,,,,,,,,,,,,,,,,,,,,,,,,,,,,,,,,,,,,,,,,,,,,,,4448,1806,201,117,201,176,672,1242,423,563,269,2569,129,410,2183,1431,331,548,502,48,371,346,533,70,103,399,201,298,118,447,3940
ACSSF,2011m1,co,000,0011,0000091,,,,,,,,,,,,,,,,,,,,,,,,,,,,,,,,,,,,,,,,,,,,,,,,,,,,,,,,,,,,,,,,,,,,,,,,,,,,,,,,,,,,,,,,,,,,,,,,,,,,,,,,,,,,,2855,206,107,275,292,366,952,1788,280,1220,721,2723,490,115,2134,1426,160,718,684,230,375,675,621,201,201,950,486,144,423,201,2404
ACSSF,2011m1,co,000,0011,0000092,,,,,,,,,,,,,,,,,,,,,,,,,,,,,,,,,,,,,,,,,,,,,,,,,,,,,,,,,,,,,,,,,,,,,,,,,,,,,,,,,,,,,,,,,,,,,,,,,,,,,,,,,,,,,5264,964,113,205,2061,355,652,2586,615,1356,531,2741,309,115,1834,2802,127,863,1686,201,430,1281,2063,111,415,582,190,54,616,201,3395
ACSSF,2011m1,co,000,0011,0000093,,,,,,,,,,,,,,,,,,,,,,,,,,,,,,,,,,,,,,,,,,,,,,,,,,,,,,,,,,,,,,,,,,,,,,,,,,,,,,,,,,,,,,,,,,,,,,,,,,,,,,,,,,,,,6927,848,51,319,387,634,581,1906,275,1595,368,3679,884,262,3644,893,90,1076,656,110,385,906,679,201,820,1070,279,111,676,1072,10286
ACSSF,2011m1,co,000,0011,0000094,,,,,,,,,,,,,,,,,,,,,,,,,,,,,,,,,,,,,,,,,,,,,,,,,,,,,,,,,,,,,,,,,,,,,,,,,,,,,,,,,,,,,,,,,,,,,,,,,,,,,,,,,,,,,5293,1097,518,546,1034,613,1233,2524,717,1862,359,3655,500,825,2802,1810,504,1041,1945,290,1186,954,1340,292,593,887,509,505,897,201,3422
ACSSF,2011m1,co,000,0011,0000095,,,,,,,,,,,,,,,,,,,,,,,,,,,,,,,,,,,,,,,,,,,,,,,,,,,,,,,,,,,,,,,,,,,,,,,,,,,,,,,,,,,,,,,,,,,,,,,,,,,,,,,,,,,,,,,,,,,,,,,,,,,,,,,,,,,,,,,,,,,
ACSSF,2011m1,co,000,0011,0000096,,,,,,,,,,,,,,,,,,,,,,,,,,,,,,,,,,,,,,,,,,,,,,,,,,,,,,,,,,,,,,,,,,,,,,,,,,,,,,,,,,,,,,,,,,,,,,,,,,,,,,,,,,,,,7087,1453,357,779,423,1027,1157,3978,616,1474,324,4936,793,407,3896,2311,868,1030,1939,367,1311,579,2854,201,787,1100,652,320,908,1316,5172
ACSSF,2011m1,co,000,0011,0000097,,,,,,,,,,,,,,,,,,,,,,,,,,,,,,,,,,,,,,,,,,,,,,,,,,,,,,,,,,,,,,,,,,,,,,,,,,,,,,,,,,,,,,,,,,,,,,,,,,,,,,,,,,,,,6098,861,696,555,375,287,808,3697,751,2012,373,4510,877,518,2953,1683,339,914,1494,204,622,1013,1438,331,273,940,380,365,758,329,5888
ACSSF,2011m1,co,000,0011,0000098,,,,,,,,,,,,,,,,,,,,,,,,,,,,,,,,,,,,,,,,,,,,,,,,,,,,,,,,,,,,,,,,,,,,,,,,,,,,,,,,,,,,,,,,,,,,,,,,,,,,,,,,,,,,,6922,1380,502,650,797,537,1378,3142,1610,1960,820,4056,969,631,4241,2619,450,1760,2293,965,1087,1037,1649,239,2009,1744,713,742,1185,220,8090
ACSSF,2011m1,co,000,0011,0000099,,,,,,,,,,,,,,,,,,,,,,,,,,,,,,,,,,,,,,,,,,,,,,,,,,,,,,,,,,,,,,,,,,,,,,,,,,,,,,,,,,,,,,,,,,,,,,,,,,,,,,,,,,,,,6918,1146,1977,447,1136,1132,1580,4227,648,2529,813,5751,1058,509,4759,3559,444,1931,2410,185,1147,1984,1813,421,712,1783,657,331,1177,278,5316
ACSSF,2011m1,co,000,0011,0000100,,,,,,,,,,,,,,,,,,,,,,,,,,,,,,,,,,,,,,,,,,,,,,,,,,,,,,,,,,,,,,,,,,,,,,,,,,,,,,,,,,,,,,,,,,,,,,,,,,,,,,,,,,,,,5867,510,2039,284,660,379,1336,1832,377,1696,298,4203,374,712,2913,2551,201,786,778,858,201,163,947,201,201,802,384,201,2799,201,5545
ACSSF,2011m1,co,000,0011,0000101,,,,,,,,,,,,,,,,,,,,,,,,,,,,,,,,,,,,,,,,,,,,,,,,,,,,,,,,,,,,,,,,,,,,,,,,,,,,,,,,,,,,,,,,,,,,,,,,,,,,,,,,,,,,,5733,844,159,256,1312,882,1867,2738,1028,1990,530,4393,334,401,2409,2094,446,1635,1243,352,1125,1098,1250,347,148,2053,349,158,837,201,2993
ACSSF,2011m1,co,000,0011,0000102,,,,,,,,,,,,,,,,,,,,,,,,,,,,,,,,,,,,,,,,,,,,,,,,,,,,,,,,,,,,,,,,,,,,,,,,,,,,,,,,,,,,,,,,,,,,,,,,,,,,,,,,,,,,,4118,734,82,279,309,1000,1533,2767,570,1454,369,2902,200,201,2335,1586,201,778,464,210,966,960,1551,38,170,1340,238,50,895,201,4848
ACSSF,2011m1,co,000,0011,0000103,,,,,,,,,,,,,,,,,,,,,,,,,,,,,,,,,,,,,,,,,,,,,,,,,,,,,,,,,,,,,,,,,,,,,,,,,,,,,,,,,,,,,,,,,,,,,,,,,,,,,,,,,,,,,3723,351,201,199,125,1030,559,1365,223,747,199,2724,60,407,1968,842,87,754,321,56,365,324,659,201,201,792,191,130,817,201,3482
ACSSF,2011m1,co,000,0011,0000104,,,,,,,,,,,,,,,,,,,,,,,,,,,,,,,,,,,,,,,,,,,,,,,,,,,,,,,,,,,,,,,,,,,,,,,,,,,,,,,,,,,,,,,,,,,,,,,,,,,,,,,,,,,,,,,,,,,,,,,,,,,,,,,,,,,,,,,,,,,
ACSSF,2011m1,co,000,0011,0000105,,,,,,,,,,,,,,,,,,,,,,,,,,,,,,,,,,,,,,,,,,,,,,,,,,,,,,,,,,,,,,,,,,,,,,,,,,,,,,,,,,,,,,,,,,,,,,,,,,,,,,,,,,,,,7938,884,678,691,1610,1566,1864,3999,1316,2136,933,5896,575,694,5770,2499,435,1704,2529,251,1296,1146,1635,347,912,1858,717,375,1048,572,6749
ACSSF,2011m1,co,000,0011,0000106,,,,,,,,,,,,,,,,,,,,,,,,,,,,,,,,,,,,,,,,,,,,,,,,,,,,,,,,,,,,,,,,,,,,,,,,,,,,,,,,,,,,,,,,,,,,,,,,,,,,,,,,,,,,,3834,381,500,246,373,600,1009,1981,345,1022,202,3011,201,136,2515,1131,279,741,600,201,440,422,814,190,1239,579,473,620,294,201,2485
ACSSF,2011m1,co,000,0011,0000107,,,,,,,,,,,,,,,,,,,,,,,,,,,,,,,,,,,,,,,,,,,,,,,,,,,,,,,,,,,,,,,,,,,,,,,,,,,,,,,,,,,,,,,,,,,,,,,,,,,,,,,,,,,,,5474,398,279,251,554,1382,1251,2621,299,1304,1226,3727,553,477,3445,2000,180,1101,1591,521,832,587,1119,164,112,1944,190,157,612,201,3812
ACSSF,2011m1,co,000,0011,0000108,,,,,,,,,,,,,,,,,,,,,,,,,,,,,,,,,,,,,,,,,,,,,,,,,,,,,,,,,,,,,,,,,,,,,,,,,,,,,,,,,,,,,,,,,,,,,,,,,,,,,,,,,,,,,5099,348,201,211,519,815,1541,3123,973,1584,269,4169,247,449,2724,1999,234,1289,771,677,213,495,1035,303,199,1078,474,131,484,201,2381
ACSSF,2011m1,co,000,0011,0000109,,,,,,,,,,,,,,,,,,,,,,,,,,,,,,,,,,,,,,,,,,,,,,,,,,,,,,,,,,,,,,,,,,,,,,,,,,,,,,,,,,,,,,,,,,,,,,,,,,,,,,,,,,,,,2262,255,156,179,81,118,280,1096,981,711,220,1906,238,144,1296,973,79,233,618,111,740,238,557,173,188,519,80,201,249,158,3295
ACSSF,2011m1,co,000,0011,0000110,,,,,,,,,,,,,,,,,,,,,,,,,,,,,,,,,,,,,,,,,,,,,,,,,,,,,,,,,,,,,,,,,,,,,,,,,,,,,,,,,,,,,,,,,,,,,,,,,,,,,,,,,,,,,5888,931,172,419,291,923,1086,2396,630,2078,255,3115,420,239,3838,2454,1050,636,1816,195,299,729,1546,76,92,1316,141,296,508,201,6827
ACSSF,2011m1,co,000,0011,0000111,,,,,,,,,,,,,,,,,,,,,,,,,,,,,,,,,,,,,,,,,,,,,,,,,,,,,,,,,,,,,,,,,,,,,,,,,,,,,,,,,,,,,,,,,,,,,,,,,,,,,,,,,,,,,2132,261,201,214,375,291,278,1018,282,449,57,1495,355,236,1035,1203,94,567,277,117,334,220,354,100,97,217,102,107,365,201,1922
